id,Class
117564,9.27585066841787e-05
117565,0.0008793238823050364
117566,0.00031931805722402117
117567,0.015242866060667768
117568,0.015514367071766497
117569,0.9911107936030913
117570,0.0002487628489285321
117571,0.009729383900922803
117572,0.0006186485352230178
117573,0.0005586978459121256
117574,0.002027736299276016
117575,0.5100607795064512
117576,0.01804623919400679
117577,0.00638413662043004
117578,0.0002898610728808896
117579,0.001790725659806534
117580,0.006003023207275849
117581,0.0012187657208418531
117582,0.013021647473439181
117583,0.0008695020701718096
117584,0.0004989336096195431
117585,0.010010057002944623
117586,0.0009040859213090866
117587,0.660027693454366
117588,0.03847177810469479
117589,0.0002713477403316051
117590,0.9933311006178802
117591,0.0007225468085780269
117592,0.0002865304391831329
117593,0.001311479924222562
117594,0.0007964930679363936
117595,0.8424776918540237
117596,0.00039223166814530644
117597,0.00032462609183536836
117598,0.0003251859154252542
117599,0.0006112944185728441
117600,0.9912184350043516
117601,0.0007388576869169409
117602,0.011211310002406681
117603,0.0002828354509058869
117604,0.00028195020479102875
117605,0.000470046404407872
117606,0.0004488776803528396
117607,0.24137431912480167
117608,0.0002341642455885683
117609,0.007093703819098245
117610,0.0004490749812107734
117611,0.9779193320569014
117612,0.0008867948731021712
117613,0.0005317084822861523
117614,0.17574692693488875
117615,0.000547084038357528
117616,0.0029413652942411814
117617,0.000605842704006408
117618,0.0001923872000763575
117619,0.12556116175890608
117620,0.00013593333295106887
117621,0.0020264485346181836
117622,0.006889365108518224
117623,0.9942729946687596
117624,0.04875895071537673
117625,0.0011282134888050959
117626,0.010969138733258724
117627,0.0003761491378468994
117628,0.000364199724489161
117629,0.00814252342202232
117630,0.006121038059452372
117631,0.003024550167284513
117632,0.0017470437871807917
117633,0.006913485111695695
117634,0.0009115354207031924
117635,0.976859218386409
117636,0.0005184443026659597
117637,0.9596597588729479
117638,0.992577788809897
117639,0.0007425336598927732
117640,0.0002433219021206108
117641,0.000692392839274293
117642,0.0007068110230110531
117643,0.003456104821504325
117644,0.1733760070405876
117645,0.9910147272873553
117646,0.0007582425145560741
117647,0.0003225389627088957
117648,0.0030760156592441633
117649,0.013183333762856676
117650,0.0006511669950428794
117651,0.0015058533615373705
117652,0.011646415894085872
117653,0.0005296050145955617
117654,0.0005311328801336684
117655,0.00029968242072060853
117656,0.9868810746885663
117657,0.0006058119265158194
117658,0.009165618540261789
117659,0.0009011017987293937
117660,0.024340316511493213
117661,0.9938099049801027
117662,0.045163605512609964
117663,0.0001802667782691795
117664,0.0018579435411286928
117665,0.9476635857812392
117666,0.0004951757257861357
117667,0.00027725733757870776
117668,0.9888762629546813
117669,0.00046666505041976705
117670,0.005345360314805704
117671,0.0003076121745094486
117672,0.0002590070683773362
117673,0.0021502097355688343
117674,0.002290790476444988
117675,0.1382846216986151
117676,0.0022234692519150314
117677,0.0003164781930960715
117678,0.00019918632002710533
117679,0.006104690832531221
117680,0.0005460282013658758
117681,0.0011375982149661712
117682,0.0005821401876147593
117683,0.0002929295130498611
117684,0.9750211097705355
117685,0.00029680265816303463
117686,0.0005579408926129333
117687,0.00026508779145749417
117688,0.0003060336735186838
117689,0.0003669122321899969
117690,0.00021570832185171336
117691,0.0005168115718804504
117692,0.03983144064058414
117693,0.013246144603403594
117694,0.7535519669459859
117695,0.0010159293944472206
117696,0.0003363895266338058
117697,0.02570548828783144
117698,0.000267942847032077
117699,0.011434100513416043
117700,0.0019216286885759299
117701,0.0004271493378749472
117702,0.01530383875290786
117703,0.01991431198009487
117704,0.0002786488977780366
117705,0.0009835615739089607
117706,0.0002543457760539786
117707,0.00869990007970429
117708,0.0003030748693037125
117709,0.0015791815536933102
117710,0.00024916132456105644
117711,0.00030474583936800526
117712,0.0005242852664515666
117713,0.0007446039673674231
117714,0.006062972399747612
117715,0.004861545065375108
117716,0.9871747174541691
117717,0.010138259276135075
117718,0.0009552115934451102
117719,0.0003517064222752956
117720,0.00033430627902305307
117721,0.9867419021934897
117722,0.0015014571340028003
117723,0.986463913875406
117724,0.0003647940713664472
117725,0.0003170976089303962
117726,0.14482036836811527
117727,0.9919398376393194
117728,0.0005829862329667061
117729,0.009169894856401281
117730,0.14960193895807267
117731,0.002735744327332375
117732,0.0007513209898714674
117733,0.0005273546708683431
117734,0.00043226585254023294
117735,0.005895535797779135
117736,0.01838945847009739
117737,0.0004330074600051688
117738,0.0016966051179670735
117739,0.004319712856617343
117740,0.00031782855568905833
117741,0.984836067764658
117742,0.9959743366273153
117743,0.00030799491166874133
117744,0.0009642392624456593
117745,0.9865162076964428
117746,0.0038738356983855074
117747,0.0359502963057859
117748,0.9862745817122406
117749,0.022386846659967718
117750,0.0020920988008160785
117751,0.00018853619486510693
117752,0.0038258415784695656
117753,0.0002945421769353234
117754,0.0005674960261702578
117755,0.0005624327555041475
117756,0.9786201595852065
117757,0.0010420811914579708
117758,0.01466313456339567
117759,0.0003389935224833894
117760,0.9942166430059683
117761,0.0002249715328571873
117762,0.008164240447877518
117763,0.0019676980467257413
117764,0.0006061263964649207
117765,0.00032967657031401194
117766,0.0015990341823779277
117767,0.00034052966960982896
117768,0.00025047938329945225
117769,0.000873390606210692
117770,0.0020028430338347785
117771,0.9876198148722285
117772,0.004569155151380189
117773,0.0009910014252471973
117774,0.00030166467166540146
117775,0.0011395617892270083
117776,0.000587413305581151
117777,0.9891734171825487
117778,0.00038444350937871325
117779,0.001504237720217865
117780,0.16804610333862502
117781,0.009930178815883569
117782,0.0006014561074723742
117783,0.0008013357231377979
117784,0.0011726406511218832
117785,0.005167487683872271
117786,0.12061992684149717
117787,0.0012012012764818928
117788,0.0005683680332246492
117789,0.0004178170014852211
117790,0.0002723341798476947
117791,0.0068659118584220875
117792,0.0013520497198218193
117793,0.0032054929280890855
117794,0.016774720684047315
117795,0.0003116792709704699
117796,0.006174894044434849
117797,0.0005473083507698173
117798,0.9790178785064353
117799,0.04034404080033623
117800,0.9517166707582184
117801,0.000332477623972278
117802,0.0017683796146363289
117803,0.00019915694031837536
117804,0.0001675190712492461
117805,0.0002489510342128968
117806,0.00036400043260425907
117807,0.0016413692458540218
117808,0.001236120110663903
117809,0.013462878054307322
117810,0.0007557809320550777
117811,0.0049807879411283345
117812,0.5283714776826043
117813,0.00024083016101145052
117814,0.000509285072212131
117815,0.000292858340927801
117816,0.0010744361637227196
117817,0.00023178979440930707
117818,0.00023617480579590943
117819,0.008010740295694041
117820,0.0002488523413397789
117821,0.0006929461871137383
117822,0.002769542490842507
117823,0.0004977076566237052
117824,0.0050726464919204715
117825,0.08195960757144068
117826,0.015978495602281564
117827,0.0023877695671793812
117828,0.00030924760018038604
117829,0.0002165437263882369
117830,0.0046492343219107805
117831,0.00037322414970202466
117832,0.0002611277975402598
117833,0.007920027441216795
117834,0.0008703124360635794
117835,0.03904137554229621
117836,0.0012332625159017826
117837,0.01868982771641847
117838,0.001875899642249455
117839,0.0014245438906376905
117840,0.0002562261612874477
117841,0.00553405267627184
117842,0.0015866730345080566
117843,0.0009509793507501795
117844,0.0020133357524369996
117845,0.9850318848773723
117846,0.00023413974647996878
117847,0.9760123457455948
117848,0.00017460107979051047
117849,0.0006899484954206651
117850,0.00027919445957602846
117851,0.0020730611466310035
117852,0.00021858145388864786
117853,0.00550894485295478
117854,0.0007171930789508305
117855,0.00035623950763710694
117856,0.0006191790124061782
117857,0.0032540179532086883
117858,0.0006685925609998581
117859,0.004401872722230002
117860,0.005903099062575949
117861,0.0002673439500950314
117862,0.0024863831090568356
117863,0.0006834883932258506
117864,0.005422789833973614
117865,0.00034727407127870663
117866,0.015707221145398048
117867,0.012200036314459409
117868,0.0003784076229335074
117869,0.03769450942629369
117870,0.00024104490968593397
117871,0.0007718671164840303
117872,0.0026791386550702578
117873,0.13240203047378699
117874,0.985690460650639
117875,0.0012614818570481137
117876,0.00035284920399484974
117877,0.9883431676352213
117878,0.001150249443990475
117879,0.0012952947015805935
117880,0.9950774368006701
117881,0.0015574816939046149
117882,0.0003490338773421873
117883,0.0014602720955129564
117884,0.0017325597562539087
117885,0.0006788207061242443
117886,0.0004075948246152238
117887,0.0002534864951380055
117888,0.0002938249898086418
117889,0.0207573380390477
117890,0.000742587475194959
117891,0.0003499296844790445
117892,0.0013236434411933837
117893,0.00033377967801383966
117894,0.9920215750400474
117895,0.0005348477403458906
117896,0.0004091262343016723
117897,0.002315886612507442
117898,0.0007548977723303168
117899,0.0005607476963018107
117900,0.0005695487361570698
117901,0.0007635996970277285
117902,0.00145942696603473
117903,0.0008318325812174627
117904,0.002227890041590818
117905,0.0010478714012974583
117906,0.0016986429441851298
117907,0.003261709228141371
117908,0.001453657907359706
117909,0.0004007021027785978
117910,0.0014633630953037667
117911,0.0029557707553245446
117912,0.0432260169943563
117913,0.001144316875405847
117914,0.00014901524411652114
117915,0.07704342415576027
117916,0.0008161313331135928
117917,0.0014812408792397949
117918,0.00045399215277855664
117919,0.9865428233613635
117920,0.02119694911259713
117921,0.00029007067187006324
117922,0.00031140608411955753
117923,0.9888373638939597
117924,0.0002940195270344143
117925,0.9960225421738479
117926,0.0009602697441011354
117927,0.005330429029919728
117928,0.002389767070256248
117929,0.00034559367119203554
117930,0.0006016476803436627
117931,0.0015333367305835678
117932,0.2829637178460312
117933,0.0009903240623798466
117934,0.0009132018803257933
117935,0.0011396786356714346
117936,0.001996819425879715
117937,0.014593618973523289
117938,0.016825171080839297
117939,0.9858231352346692
117940,0.8999869571885063
117941,0.00027706079075671546
117942,0.0012562659063277432
117943,0.0002141736842371702
117944,0.0005279263245901875
117945,0.007990156726390512
117946,0.00037873932821506386
117947,0.0002901539876050468
117948,0.00016002384429312328
117949,0.000657835983004798
117950,0.9856090397061826
117951,0.0008408092996759782
117952,0.0032751101989211186
117953,0.0006754362665113439
117954,0.0037650338877874387
117955,0.0013007905203222202
117956,0.00044142843332090347
117957,0.0005770108097863981
117958,0.000621789176025226
117959,0.008145343742190364
117960,0.0021335723037724597
117961,0.006777751058073852
117962,0.007637734492846904
117963,0.0010310805231667957
117964,0.0006978925556331634
117965,0.9935499160147743
117966,0.0006518746381430952
117967,0.0031128416610035235
117968,0.0012159314565916895
117969,0.006851131050477322
117970,0.0005512044333196711
117971,0.008856785241588632
117972,0.0007564830953732727
117973,0.00024377540051298888
117974,0.00039906747351369404
117975,0.036649941844205815
117976,0.0005496508795663354
117977,0.0004981410327274446
117978,0.004663626929962039
117979,0.00029204364754603233
117980,0.010193282379299243
117981,0.0001887501159951986
117982,0.98950009785351
117983,0.0006509827198994113
117984,0.9976459821590693
117985,0.0007382877410168435
117986,0.0009087682620083611
117987,0.0017619306079798022
117988,0.0003867566157124831
117989,8.762215193829393e-05
117990,0.0006736653901836322
117991,0.0005347076668512515
117992,0.00014952539278470105
117993,0.34175633557500773
117994,0.0016698862188424654
117995,0.29246578323674144
117996,0.00036430619335045317
117997,0.001729781744450558
117998,0.000367473529701201
117999,0.0002514139298227723
118000,0.0002841811749408371
118001,0.00016225327580868867
118002,0.0686654175830376
118003,0.00017555643051849222
118004,0.00024857279406654474
118005,0.00041268381830930157
118006,0.0007695675222984702
118007,0.014691010197909204
118008,0.00017583283646427532
118009,0.9449635819240847
118010,0.000761923540986595
118011,0.00295530853049725
118012,0.0013238212227149472
118013,0.003481494296811846
118014,0.0003538993226487554
118015,0.0025681038835851733
118016,0.0005894847896676352
118017,0.0002860710459637397
118018,0.0007569532414716063
118019,0.0010844897652555281
118020,0.05649270937077746
118021,0.9745400251532093
118022,0.00047810917698020686
118023,0.0001924787957908353
118024,0.002805481718461728
118025,0.0002843604827861165
118026,0.0009167713664648334
118027,0.004052773868748357
118028,0.00029948029345130235
118029,0.034998546670809004
118030,0.00027057851709627855
118031,0.0025633615671149237
118032,0.15681940047326667
118033,0.00019351496538549804
118034,0.0005149561999516103
118035,0.00041285617456715817
118036,0.000392007221440538
118037,0.02416339430141375
118038,0.01535880730931567
118039,0.000544089077705156
118040,0.7895788136124714
118041,0.9615540726385312
118042,0.00014342388557749342
118043,0.00022113285294033273
118044,0.00030747691884628627
118045,0.0002340178282146219
118046,0.0005589438698451261
118047,0.9919696321657967
118048,0.0007929212586505116
118049,0.012125361973610738
118050,0.00023642979220032107
118051,0.00029349382814220176
118052,0.0016011285530717668
118053,0.008637579742945472
118054,0.0001210778467844593
118055,0.018343940123271566
118056,0.2370186307404137
118057,0.0002618095961800619
118058,0.9938177841322283
118059,0.0007713785452708194
118060,0.0009611277294813627
118061,0.000932642467140282
118062,0.00045130016675116774
118063,0.00390070788740856
118064,0.0003705213473576961
118065,0.00016423268247696282
118066,0.0003681832495136964
118067,0.0011780085842311868
118068,0.0008771948453328237
118069,0.9940690093245287
118070,0.0011672785911877818
118071,0.0018969410621933306
118072,0.0010255887044186018
118073,0.0010411206180242177
118074,0.01041170850686926
118075,0.000299928177470253
118076,0.001184443092282436
118077,0.00039151691898375185
118078,0.002551875720525362
118079,0.00045481948213236335
118080,0.00022392146853103772
118081,0.00020490942032018724
118082,0.00015721625532829457
118083,0.007351587972393201
118084,0.0007962275517730813
118085,0.0002712982723211555
118086,0.0023644635398703687
118087,0.003242150524900927
118088,0.0007144979627846106
118089,0.046849702664875585
118090,0.013523585986786926
118091,0.0024633105871571157
118092,0.5982564070021278
118093,0.000915841417080214
118094,0.0008794656906463275
118095,0.9884919139585783
118096,0.00034471240812158227
118097,0.0007163924092805586
118098,0.00021961963218197284
118099,0.019209036399136636
118100,0.0004526624872542823
118101,0.0020251286372828725
118102,0.0002451011646154028
118103,0.12998113859433036
118104,0.0002547024224578483
118105,0.0014396584344300706
118106,0.9975559392082963
118107,0.5689373887901888
118108,0.0016525123158316075
118109,0.0016931384808237453
118110,0.0003402523568906303
118111,0.02711057667666183
118112,0.0008363450208658771
118113,0.0008067413787263354
118114,0.004939861931566935
118115,0.0007677354962001741
118116,0.0002042711423919721
118117,0.00021275557865999367
118118,0.0007993708123642044
118119,0.0006210828483803731
118120,0.0006010646993643447
118121,0.000547215887073927
118122,0.9850732572220228
118123,0.006785445385299233
118124,0.0005770602082110249
118125,0.00023972699244902715
118126,0.0004220696361764542
118127,0.00015121327715232822
118128,0.03862153251535444
118129,0.9903302254128024
118130,0.0008521903175710297
118131,0.0007619945122857215
118132,0.002083688657470053
118133,0.00036623187731858585
118134,0.05158198204393627
118135,0.023446963557415545
118136,0.003329395963157205
118137,0.00036566101585722025
118138,0.8256530342595225
118139,0.00027669457547900653
118140,0.0014775028102912017
118141,0.0016213289703273586
118142,0.4461803159724424
118143,0.006914493694345662
118144,0.0028192233053292793
118145,0.0005409063099512276
118146,0.023580512046688498
118147,0.0005027797088814236
118148,0.001708285724277515
118149,0.9921500016284054
118150,0.9420287146939147
118151,0.001129489361181337
118152,0.0033212581355010554
118153,0.9890295948431195
118154,0.02081480131045588
118155,0.0002147875063823745
118156,0.00038995974559062873
118157,0.0005890274067221896
118158,0.0009191336901589318
118159,0.00037994147778929664
118160,0.008788114490599979
118161,0.010666055404075428
118162,0.0020638721396348918
118163,0.002860627616152555
118164,0.0027285132717643997
118165,0.00020188042138994045
118166,0.0003162005612706434
118167,0.013594527640259318
118168,0.0003439070694622147
118169,0.016778180956724783
118170,0.00019186751994323332
118171,0.9823466011276814
118172,0.000536232296257362
118173,0.002597671098674636
118174,0.00025966610168628345
118175,0.005913863769545544
118176,0.0008271283744873987
118177,0.9471905691913333
118178,0.009909550139907011
118179,0.005117387207466458
118180,0.006788258992258106
118181,0.0004431604671961412
118182,0.005670015301135573
118183,0.001137639584681937
118184,0.2117050393313469
118185,0.0006435912258927581
118186,0.011869495782374038
118187,0.0017406960937501506
118188,0.0013808299843032698
118189,0.00014688534449080085
118190,0.0008515321648596317
118191,0.001964658664090406
118192,0.057345177187061086
118193,0.0005773237907025421
118194,0.00043524900326516697
118195,0.000468586101102737
118196,0.02311763541397294
118197,0.002435381634495059
118198,0.0020027611252736283
118199,0.0001938675771121289
118200,0.001097527771957243
118201,0.0004298806138145013
118202,0.0010320018464842068
118203,0.0002502679000770348
118204,0.0002613944855949334
118205,0.9911413334670028
118206,0.00036392570064478776
118207,0.00029522149683450537
118208,0.00020996822346373468
118209,0.0011480323265660526
118210,0.9945245589788546
118211,0.0008377485820293403
118212,0.0010994870889665465
118213,0.0017776266993901253
118214,0.0012976457681830695
118215,0.0001296821398927874
118216,0.0002803102756152443
118217,0.001663863531482482
118218,0.001973631863502085
118219,0.0006310150157355341
118220,0.00043157193383582833
118221,0.0008427254244518352
118222,0.0010630075027442782
118223,0.006210842596566855
118224,0.026887396386244936
118225,0.00039568071453611103
118226,0.0002908614784441137
118227,0.6649900935860545
118228,0.9906184000092925
118229,0.002469011936585617
118230,0.0004782105085817203
118231,0.8381312254845334
118232,0.0010196197407544624
118233,0.0009053804130297813
118234,0.0015361944235245907
118235,0.8220689647317857
118236,0.000966561044273612
118237,0.037496479502951215
118238,0.0002659914101528118
118239,0.0003645880998220431
118240,0.0038864581835047107
118241,0.0017354439212891707
118242,0.0003138812163108877
118243,0.00015050027571146614
118244,0.0005849551839975397
118245,0.0002326048947641032
118246,0.013138854880110804
118247,0.9937049238727629
118248,0.9714176411783149
118249,0.00016690086001739827
118250,0.0009410907962644058
118251,0.015911510437745028
118252,0.00021201611373158045
118253,0.00031246872197074533
118254,0.0009447573581062519
118255,0.0014873242235726766
118256,0.0010133801613744055
118257,0.004738471450630544
118258,0.00026873553479017393
118259,0.0004179583165870852
118260,0.000582699325513888
118261,0.0005943624489537822
118262,0.0006824363032194031
118263,0.00018504311481211841
118264,0.0087008826977604
118265,0.00036368422671419513
118266,0.0002861282262781474
118267,0.0005875642664443254
118268,0.0014953575278342161
118269,0.00018407412031450228
118270,0.00039277866585069314
118271,0.00017885671893303482
118272,0.0003491871193681023
118273,0.013244885588168144
118274,0.00021586148892242346
118275,0.0004923737164550359
118276,0.0003437021800176663
118277,0.0040937166198103175
118278,0.0019977959005953736
118279,0.0015368831684394993
118280,0.003804291912401751
118281,0.00837518598432283
118282,0.0036744432755932265
118283,0.0013361123822675904
118284,0.015696075820730085
118285,0.002927921882768285
118286,0.0012549463246588838
118287,0.0009626564137262254
118288,0.0033349880441672073
118289,0.0001611437416191367
118290,0.0007541135361972303
118291,0.026394789667066168
118292,0.0009208104655615012
118293,0.00020567993688520487
118294,0.0008671216725113938
118295,0.001214462537282003
118296,0.07162726431196421
118297,0.669126188804155
118298,0.0011639717499926272
118299,0.0005569407396893019
118300,0.00022324896630233364
118301,0.9934448024768728
118302,0.0008988213812293424
118303,0.0004892442441686147
118304,0.0004817516018983348
118305,0.0017564151016376752
118306,0.0015428312337527534
118307,0.001230932493565656
118308,0.0006877773875365948
118309,0.0003472103214198895
118310,0.0008163292453329486
118311,0.28506796749024743
118312,0.000612459013832603
118313,0.006111576171119065
118314,0.004543278162217151
118315,0.0001362201297839706
118316,0.0002563301039041672
118317,0.00039048171305126645
118318,0.0007889181651708095
118319,0.0005746175693443784
118320,0.007384985665695871
118321,0.0002480532542755136
118322,0.8693686543659576
118323,0.04446877765046716
118324,0.004538188980550238
118325,0.0033229494815909325
118326,0.10731433591728486
118327,0.0006581257190844178
118328,0.000454133618665243
118329,0.0006508223751051402
118330,0.0005200287195737903
118331,0.0002710100845463815
118332,0.000307295002889366
118333,0.004587547612052212
118334,0.00029525762272489037
118335,0.005914406763450373
118336,0.010391594377805353
118337,0.0003301498926053821
118338,0.00028351310574250643
118339,0.08994293760499036
118340,0.0375656385816678
118341,0.00024748665431680185
118342,0.003409937744745915
118343,0.0004014735390598918
118344,0.0003358696705997323
118345,0.0052461574811848745
118346,0.001403996930701264
118347,0.001867219556692352
118348,0.979871801326025
118349,0.019296507634949264
118350,0.002353254048098313
118351,0.00021489472096405127
118352,0.003018355147079071
118353,0.015107446082841123
118354,0.0003850516493113354
118355,0.010410044711419843
118356,0.00035128294659734767
118357,0.0021872624500983736
118358,0.0006554079305873412
118359,0.015896255222349137
118360,0.0002664189676217407
118361,0.03274976591232581
118362,0.0013987840364862074
118363,0.004695831342580162
118364,0.0005246517979376541
118365,0.002374328008122647
118366,0.0002751049094207048
118367,0.08152856475994137
118368,0.0005843593968047294
118369,0.15027973730899516
118370,0.0007673232141943914
118371,0.00048418213766795114
118372,0.0005018936588875988
118373,0.9834687209828111
118374,0.9928386796238061
118375,0.0011186851230934338
118376,0.0003193314677750741
118377,0.0002848325383828425
118378,0.0006817385563389625
118379,0.0012943165109826867
118380,0.0342214770713802
118381,0.00021158562831469698
118382,0.00879897658929375
118383,0.0008839307308019902
118384,0.0010356444791654075
118385,0.000456645113066664
118386,0.0002499464486429819
118387,0.001195423084416046
118388,0.00017086353971328212
118389,0.31423881776077023
118390,0.0003875909875861735
118391,0.8689258667281072
118392,0.0005476995463091093
118393,0.000534781023056662
118394,0.9903897572706738
118395,0.00013104727534566125
118396,0.0002965823288196138
118397,0.00870805086822339
118398,0.820671893087277
118399,0.00014170366283374597
118400,0.0009438388783485343
118401,0.0002785667384600169
118402,0.0002902566775101981
118403,0.02268258487707004
118404,0.00328566806734748
118405,0.059027747103192536
118406,0.42583628734696294
118407,0.0009433021852832716
118408,0.00031124384377106674
118409,0.02485603068735476
118410,0.0005812143291297955
118411,0.0033168125626475862
118412,0.5179413385923298
118413,0.09983704611249049
118414,0.008342077558279004
118415,0.0010387963994465813
118416,0.0004887971607559121
118417,0.009879807215547185
118418,0.0008993338626354506
118419,0.0004108843617737448
118420,0.008235622186778225
118421,0.00023182135719646853
118422,0.08005647336885138
118423,0.9959301141767704
118424,0.000611176290963383
118425,0.0013568361567137623
118426,0.012334572247236813
118427,0.0790246418207291
118428,0.000595124549542887
118429,0.9815162656314764
118430,0.0003994318531580653
118431,0.0006480096182932292
118432,0.0009055284481773675
118433,0.0008205617669478231
118434,0.0006873946970921382
118435,0.009364185550467833
118436,0.023575520930783342
118437,0.32003604163395477
118438,0.026529642257321802
118439,0.007043827410184823
118440,0.0035577992374608647
118441,0.0021955576034694813
118442,0.08732358977102561
118443,0.0006352286162027315
118444,0.001560612870132677
118445,0.03046773271736367
118446,0.9935590420130611
118447,0.0002280972297079298
118448,0.0006681745254528795
118449,0.0013510523390545123
118450,0.0006953902044625033
118451,0.060561183028807364
118452,0.0027288296716932196
118453,0.02211443991827452
118454,0.8659196449241153
118455,0.9895807838171244
118456,0.0007288390226390626
118457,0.0005054605600919076
118458,0.0010395694660674146
118459,0.0012307010072028595
118460,0.0007300876250184408
118461,0.0023763718651977125
118462,0.0314638030599761
118463,0.0004826473522047483
118464,0.0005593783762219061
118465,0.0003685578218830171
118466,0.0007122792102914109
118467,0.014849191997590045
118468,0.004846928547047046
118469,0.9899495445708307
118470,0.03959838354379773
118471,0.9287771991896313
118472,0.017707464084804905
118473,0.9899834602229076
118474,0.00024314167624397683
118475,0.00023555467546409597
118476,0.0006531443693180537
118477,0.0003039357127389077
118478,0.002734269192040484
118479,0.0002556412180492782
118480,0.0010207220688639097
118481,0.003417090976318461
118482,0.0002932676275443676
118483,0.9669385286703815
118484,0.0025065512883970637
118485,0.002215038135657934
118486,0.00013637287264401063
118487,0.007648487785576808
118488,0.00029154802228837084
118489,0.0007531040317693477
118490,0.00012782690342770422
118491,0.001057704668141514
118492,0.02077862296705722
118493,0.0002841851744012187
118494,0.00036869588313547116
118495,0.0002728255654171371
118496,0.008739005321308013
118497,0.0002529636324289158
118498,0.024745523758966034
118499,0.001767455214702185
118500,0.0013497144791014713
118501,0.0015192977452519027
118502,0.0003161417881002959
118503,0.00019608097040405202
118504,0.0001693110608599827
118505,0.014963882255632964
118506,0.000308993917670329
118507,0.0002763682148536443
118508,0.013957561252899058
118509,0.0003348010868693866
118510,0.0002817528032175338
118511,0.0006819820375986166
118512,0.0004540536893218865
118513,0.0003131271596070552
118514,0.0056251216089664505
118515,0.0013991203370842993
118516,0.0004994012917731164
118517,0.9937135613028497
118518,0.0005458541141368645
118519,0.04996601118617633
118520,0.5247200854872323
118521,0.00033535237487896616
118522,0.002046431470466604
118523,0.9866011768787416
118524,0.9811649874107066
118525,0.0019311239701241217
118526,0.0007448410517338237
118527,0.00751528518778026
118528,0.004672507532583573
118529,0.00023563908940194486
118530,0.0004635933313475698
118531,0.0006402856895415205
118532,0.9899516707322734
118533,0.0008040913249184798
118534,0.0071139908591212565
118535,0.00019459373580598305
118536,0.010315297461092235
118537,0.0020116007336505827
118538,0.0024415845054122057
118539,0.0007679950865705799
118540,0.00019020440209710143
118541,0.001337239675191085
118542,0.0035533384186032654
118543,0.0005357043994865727
118544,0.00024677276436164345
118545,0.0016646877926665231
118546,0.0002932579895650953
118547,0.001086658525059773
118548,0.0005413652002052056
118549,0.0014513221000443186
118550,0.8821834179051239
118551,0.00041470446641956893
118552,0.9627363187606315
118553,0.13420021793038847
118554,0.01690904101315569
118555,0.9952197913482571
118556,0.0007152162134954123
118557,0.003201422142901202
118558,0.0006219033861476351
118559,0.012133751261552155
118560,0.000509095943911802
118561,0.00033532592985698674
118562,0.00035419405528036026
118563,0.0006246747285043716
118564,0.0034908910248754553
118565,0.024327195086776377
118566,0.0003467400047197634
118567,0.0018351717920113923
118568,0.0006208494944078396
118569,0.0005963263974185131
118570,0.001018951830808863
118571,0.00017302047289232016
118572,0.003119206971594857
118573,0.0015947015822758033
118574,0.0005205859764519909
118575,0.004614821866571862
118576,0.06829401845037875
118577,0.00019489467256633353
118578,0.0010272976494145106
118579,0.0007351617210443906
118580,0.00016665836549591668
118581,0.0063983390657558975
118582,0.0005921562332001906
118583,0.0007354840815725706
118584,0.0005750886857487072
118585,0.03796373415699656
118586,0.9893337030907016
118587,0.0027646712936534525
118588,0.02621333001258901
118589,0.0016252929323381494
118590,0.0006664286835356623
118591,0.042969290168315695
118592,0.0003736400874364993
118593,0.00028219122289677634
118594,0.001758137837539753
118595,0.046443064424243674
118596,0.004799001136721503
118597,0.0052723455606798735
118598,0.0009538587720013998
118599,0.00027758748817630595
118600,0.0009839134437634334
118601,0.0013126119918911677
118602,0.00023971682118935467
118603,0.003890186381720674
118604,0.00020555252364438657
118605,0.0003808403927957796
118606,0.0033398339288433984
118607,0.0005701987569628767
118608,0.0009042365506142206
118609,0.0003331276661537733
118610,0.0013763474594512659
118611,0.12015723085511931
118612,0.0012539784635225532
118613,0.007272702504664994
118614,0.0014497604748809456
118615,0.001875255074838103
118616,0.0002804999502918174
118617,0.0016686004764286649
118618,0.005100257616606879
118619,0.0010254179304443219
118620,0.00036387628791430027
118621,0.07799611502925839
118622,0.0490126534617721
118623,0.0003863641782736735
118624,0.03935210088226914
118625,0.00017476931087840347
118626,0.0007718701073281067
118627,0.00040521215703312566
118628,0.0016341882557109329
118629,0.0005492002666953412
118630,0.0007242414270044386
118631,0.020644303147770035
118632,0.00033098636414356124
118633,0.006055683325997018
118634,0.0011291824971931097
118635,0.000890718723324897
118636,0.001666806542676407
118637,0.0004691822736006371
118638,0.00029981450160451674
118639,0.0004085041349549687
118640,0.0008504700542585548
118641,0.799317601497099
118642,0.0007221779849189194
118643,0.00023804082011369873
118644,0.0029659367312241066
118645,0.008781704830026426
118646,0.0008790680822411028
118647,0.003895802645848089
118648,0.0414881650409708
118649,0.00025046140299427207
118650,0.0014990304595539695
118651,0.017755486906136077
118652,0.00014529055667205032
118653,0.006978285044559562
118654,0.0004028436137945388
118655,0.9943207287607281
118656,0.0007142604908174353
118657,0.00020039744594119825
118658,0.20014778428317734
118659,0.0003257838232892295
118660,0.00031733837797143374
118661,0.00040401099447552293
118662,0.0005005203819485597
118663,0.0006354017211999672
118664,0.003098178651243613
118665,0.00032165712018523366
118666,0.0005347003209157885
118667,0.0004772385336416919
118668,0.9889273215353995
118669,0.0003788224765886841
118670,0.0003680343187333347
118671,0.000390213220827601
118672,0.03572245872515218
118673,0.9974729698219408
118674,0.0011167942586456767
118675,0.00018617374627526173
118676,0.0005143379736490775
118677,0.0003470359698834606
118678,0.003654395651174916
118679,0.00047528471267623793
118680,0.0006248423297749105
118681,0.0013776211940517006
118682,0.006046616130555125
118683,0.00806109713690162
118684,0.000745325461839209
118685,0.0006522093728402789
118686,0.00044744240127566216
118687,0.005641299207216311
118688,0.00017802490946844501
118689,0.0012242685376452885
118690,0.002283697227237474
118691,0.00032959150261550624
118692,0.9924936357538444
118693,0.9966639046348443
118694,0.005149683047825426
118695,0.0004604759097600426
118696,0.993681518447216
118697,0.001037253263316644
118698,0.004342120977399078
118699,0.00045891314276634126
118700,0.9876195253486008
118701,0.0005871505808906671
118702,0.9916988180842883
118703,0.015160853257002045
118704,0.0002948664198804039
118705,0.0007023512869407467
118706,0.0033143806273760066
118707,0.0003798509325373407
118708,0.00036510938339174323
118709,0.00082929886564209
118710,0.0012670852336596386
118711,0.03285248555470317
118712,0.0017163640638456095
118713,0.0006850477733494518
118714,0.643275103070424
118715,0.0010366873872156687
118716,0.004222114105590814
118717,0.00042111391927596886
118718,0.01068040357930392
118719,0.0003129544990258063
118720,0.9927945044984997
118721,0.0009293216816234843
118722,0.0018647635302459862
118723,0.00718238642138572
118724,0.00026875186885500705
118725,0.00032363512619085953
118726,0.0005366764319763841
118727,0.0013673352838899026
118728,0.00019281357596490835
118729,0.001081407667942439
118730,0.0001716063396114417
118731,0.00015794128044555324
118732,0.00018212031123042825
118733,0.0016063681227052736
118734,0.0005799291590341883
118735,0.012230979143803814
118736,0.00034075162954097103
118737,0.0005549703584467298
118738,0.9921709210439045
118739,0.0007223187563269362
118740,0.010767310887865094
118741,0.003881899599517698
118742,0.0007170504109463286
118743,0.0010648072190494393
118744,0.0055916517563915375
118745,0.010107579583537224
118746,0.0005376434381081992
118747,0.0006192229450442119
118748,0.0003665241171897888
118749,0.0004102502150175401
118750,0.0016842664220829012
118751,0.0014728907468810055
118752,0.0008260881834861718
118753,0.0012860554576729498
118754,0.007428855712384915
118755,0.0008323834151970729
118756,0.0008400772116057885
118757,0.00023339676930950862
118758,0.00042777808549162666
118759,0.017617523908550644
118760,0.007410226110805281
118761,0.00011956041070823518
118762,0.0005982111367509879
118763,0.0005173739746172041
118764,0.00023772116730002505
118765,0.0003203314988110272
118766,0.00033711777304473294
118767,0.15960583086294988
118768,0.006100303013775398
118769,0.0016417244272005226
118770,0.001443709779761843
118771,0.0005093126377705118
118772,0.00082558442748538
118773,0.0003478631652181009
118774,0.03144892894054644
118775,0.0007872568412488741
118776,0.0003259851589702784
118777,0.00493505329402657
118778,0.021402456264048925
118779,0.00031156864774661163
118780,0.0007695104911604334
118781,0.9103310723515678
118782,0.000649601075621271
118783,0.000827870269520454
118784,0.00016564276243822057
118785,0.00048524888331894184
118786,0.0003908106328986349
118787,0.00021597136376694362
118788,0.0022026001597807146
118789,0.00025168100011168764
118790,0.0003012084115828271
118791,0.04406728446056695
118792,0.00027494676395855243
118793,0.0005880360644525066
118794,0.00040366384484219833
118795,0.4697552632512826
118796,0.0037200798005202758
118797,0.004965607553468397
118798,0.0014289542474714395
118799,0.08976862352399993
118800,0.0007928964049425582
118801,0.006590807578691245
118802,0.00038889935730893375
118803,0.00023899045970902303
118804,0.0003813203413141577
118805,0.7298212736362482
118806,0.0010099909022361414
118807,0.00023016967561526508
118808,0.052165259568857134
118809,0.026026322525495135
118810,0.0010193574201296945
118811,0.00041229313283767607
118812,0.0006637110731009951
118813,0.0005204647115992067
118814,0.00021859101151064248
118815,0.0024844419470698856
118816,0.015652172943020085
118817,0.0009263801833925382
118818,0.19370049906265377
118819,0.02328396776749801
118820,0.00023838424880703564
118821,0.00018446331682062857
118822,0.0036148905867716893
118823,0.0006586253384409782
118824,0.008769977317449761
118825,0.005804282993358238
118826,0.0025449812643659753
118827,0.0009431066970913028
118828,0.0010077181062415628
118829,0.07668800185875783
118830,0.022987500109688433
118831,0.00017106421894790377
118832,0.003210295393202828
118833,0.002039906352437182
118834,0.000819494779614719
118835,0.0003135158782067926
118836,0.0004514651017076008
118837,0.02212232280885465
118838,0.0004990560466999447
118839,0.0003799264859786726
118840,0.0010746836460239927
118841,0.007491901742154331
118842,0.00031817347201468883
118843,0.0004077562280883622
118844,0.003452424446991244
118845,0.002648366362971286
118846,0.0008084003178648502
118847,0.9946884442714563
118848,0.2971541876172706
118849,0.12648536320277273
118850,0.0002453066668823858
118851,0.00042530063907898893
118852,0.36402647825159756
118853,0.0003399396121158764
118854,0.6262877478088644
118855,0.003188692154632001
118856,0.00015169415355500155
118857,0.00947655161763869
118858,0.00020726806963704378
118859,0.0015725521489656777
118860,0.0005438297821305194
118861,0.00017147018050559388
118862,0.0007756560705595266
118863,0.0031991722452421488
118864,0.0008026200610466046
118865,0.0003788460231396649
118866,0.0009010089300818272
118867,0.008002309050864326
118868,0.00038495764966748795
118869,0.00038492775398456003
118870,0.04611850678549643
118871,0.0006036418668921692
118872,0.00020701859827474369
118873,0.0023181684213193867
118874,0.00817952802050271
118875,0.00032579220445842267
118876,0.0015204144731165148
118877,0.0005079356636938342
118878,0.002392483799999252
118879,0.0008951386815853416
118880,0.9912090330167999
118881,0.001686393684649795
118882,0.0009239398373159252
118883,0.014221831341815714
118884,0.015130735015801212
118885,0.0005760239161074248
118886,0.0005430334265237979
118887,0.0003489361205614913
118888,0.00042132464483556775
118889,0.00021215624719097786
118890,0.017307664038090403
118891,0.06057298986926553
118892,0.0011681668148324556
118893,0.04194591709058257
118894,0.0007153067183976474
118895,0.24005159729764045
118896,0.0024195694655038506
118897,0.001253328338407132
118898,0.00017377125823363562
118899,0.0011487134546544124
118900,0.004779697678863086
118901,0.00044715265103371796
118902,0.01734756807903189
118903,0.5548226153446607
118904,0.002803675646430914
118905,0.00025070576886252697
118906,0.00024930760085222446
118907,0.012637408407312749
118908,0.00021537136369805882
118909,0.0014274415089910797
118910,0.014022156100682947
118911,0.9882731145670863
118912,0.0012288469283232117
118913,0.009614411911564476
118914,0.012824118989911419
118915,0.00025819018984500175
118916,0.0006183850619884263
118917,0.00011944992429967762
118918,0.013865200973634107
118919,0.00475855807543227
118920,0.0038659400542766895
118921,0.00011504782953227598
118922,0.0481932875327786
118923,0.004475505120527242
118924,0.00017289224408909717
118925,0.004387668086969579
118926,0.00035913232541303085
118927,0.9928626111305136
118928,0.0011584407920569016
118929,9.788124243848427e-05
118930,0.13534926596948482
118931,0.006280432810004999
118932,0.012464735049121677
118933,0.00022974144456248702
118934,0.0009560808707182619
118935,0.0011480071770681487
118936,0.0007812424415031401
118937,0.001088673352779525
118938,0.04602650378868658
118939,0.0005090204431922882
118940,0.0010332187177975476
118941,0.00022981027930231155
118942,0.0013560239399372893
118943,0.0001752590996200511
118944,0.0014625380032229258
118945,0.008163728768697602
118946,0.0001152581215593639
118947,0.0013747879105316522
118948,0.0003001043234652872
118949,0.00040078983178120124
118950,0.9946077680961773
118951,0.004030884871821558
118952,0.0002836583032976019
118953,0.00031061237932020376
118954,0.9896377940672597
118955,0.0006448240827282294
118956,0.00022273549457897245
118957,0.03040099432604363
118958,0.013825094277163847
118959,0.005992433243533012
118960,0.002215177715592363
118961,0.00035013367289651046
118962,0.0018336997512067067
118963,0.037970211763445914
118964,0.0002870428605235295
118965,0.1316171764034664
118966,0.001844001451744885
118967,0.0015135680504822302
118968,0.0029485087760470173
118969,0.09607181692299596
118970,0.0018379537690074318
118971,0.0051109977228740635
118972,0.9737736126841238
118973,0.006706652263398569
118974,0.01226744774709581
118975,0.000524587872195379
118976,0.016737144583994598
118977,0.00034613461296504987
118978,0.0013679972329643337
118979,0.001093267557140952
118980,0.006206225607892058
118981,0.0013300663352242461
118982,0.0002820399667627305
118983,0.00026353865559063767
118984,0.0004605370234120879
118985,0.00035736310261414496
118986,0.0006090915378182843
118987,0.0006734049022535061
118988,0.00029276114633076564
118989,0.005822742341078507
118990,0.0002320129622220729
118991,0.012404458297364935
118992,0.013258923213382711
118993,0.00043585369055248226
118994,0.9904768099770633
118995,0.0002324090527215033
118996,0.00039416226768501455
118997,0.0022351092195636497
118998,0.06317156245140101
118999,0.00033341090919833
119000,0.9942986721831034
119001,0.005357524994493354
119002,0.0009921015498205899
119003,0.014290122010118178
119004,0.00017832096354982526
119005,0.0015905244787443446
119006,0.002130956270382319
119007,0.0023504056489741182
119008,0.00025485556154206454
119009,0.0006385421456927047
119010,0.0002412231400907755
119011,0.001441168761941838
119012,0.0151531264248461
119013,0.0017459035782077306
119014,0.0006090773867666174
119015,0.0006476012229665909
119016,0.009729576423249594
119017,0.0005181599512111687
119018,0.002703818198336161
119019,0.9871855442072559
119020,0.0010916631651481494
119021,0.0017170648341752598
119022,0.01158920426390299
119023,0.0004046687773065625
119024,0.0006431851052881561
119025,0.002914696210932947
119026,0.0005278808009758154
119027,0.0025503383170180087
119028,0.0037375738613642595
119029,0.00035546630490200634
119030,0.003720075314623721
119031,0.009207176544269897
119032,0.004520966917986818
119033,0.0023184911384362137
119034,0.00028771447454132204
119035,0.004603349857224077
119036,0.0028728076346934564
119037,0.0012540080039046156
119038,0.9751292243475954
119039,0.021206253595663416
119040,0.00048825717212615174
119041,0.0019291493585159789
119042,0.00048346201234388713
119043,0.0005017953942636196
119044,0.0011569179425339488
119045,0.0013247951348912418
119046,0.001669907719193691
119047,0.0009277832296557197
119048,0.00035049352982171396
119049,0.019686035714558982
119050,0.005594619484163309
119051,0.0001752585172721322
119052,0.0038024983888383912
119053,0.023351109327937786
119054,0.004537875029632351
119055,0.9912654272156131
119056,0.006784984088019842
119057,0.0002964819924722374
119058,0.0013932770854704862
119059,0.0002855287935274178
119060,0.0018878092181130817
119061,0.007284095984625661
119062,0.0017970418383300337
119063,0.026272207692416397
119064,0.7225171590475649
119065,0.000890182081670254
119066,0.0006267604061997435
119067,0.00415533610667407
119068,0.9804818346408406
119069,0.9898736737292311
119070,0.26581809311727705
119071,0.00034092835927054024
119072,0.001148030632192467
119073,0.0013234739745467772
119074,0.006472015947028138
119075,0.007295376365196592
119076,0.9459642661735392
119077,0.9777033561671972
119078,0.0009664685837358102
119079,0.0014621236109515793
119080,0.00013752482917336477
119081,0.9904513664243787
119082,0.8738127644411906
119083,0.01086056554452086
119084,0.02064316396232661
119085,0.994616188747773
119086,0.9957351575297173
119087,0.9896316177567301
119088,0.07707348735497127
119089,0.03279704647142562
119090,0.0002244783542320228
119091,0.002786210582689883
119092,0.9851372822586647
119093,0.0008585278543873241
119094,0.0005355798152831333
119095,0.00037664461818297197
119096,0.0006858399362242848
119097,0.005469708043580723
119098,0.5169749391540531
119099,0.007043082311062153
119100,0.00033397563115963294
119101,0.0006426984162516764
119102,0.0005449327849382792
119103,0.04740936588816237
119104,0.1422921177967795
119105,0.9850698534857618
119106,0.0002964916685887983
119107,0.0004378475962899
119108,0.004139583501497196
119109,0.0005374317413916572
119110,0.0013085745107120224
119111,0.00072944216755275
119112,0.0008784463043259769
119113,0.0007682038699078265
119114,0.0012044939768840945
119115,0.0018102613819947408
119116,0.0014237194373645698
119117,0.0060566106754131824
119118,0.00027646935938780933
119119,0.00016457522590170072
119120,0.0028200603271672123
119121,0.0009902364035469788
119122,0.001090055041423425
119123,0.00038658355690452116
119124,0.00019815440206657873
119125,0.0009854532067165263
119126,0.9916791766897042
119127,0.005034278607220767
119128,0.0005999378987557548
119129,0.9863046366531829
119130,0.0003419058548526503
119131,0.000977922343643949
119132,0.00032951644745417573
119133,0.00024718534879260377
119134,0.0003757502775162918
119135,0.019579513891855423
119136,0.0006602589380833212
119137,0.012848306262559896
119138,0.0008714389215907359
119139,0.0004977991456226745
119140,0.005600983077505426
119141,0.0017203979198088634
119142,0.004358523817402538
119143,0.1972413164638604
119144,0.0005237213879624343
119145,0.8795852435212622
119146,0.017378756215134007
119147,0.015592636346507885
119148,0.0001470691401837882
119149,0.026207944057069874
119150,0.0032569593196160227
119151,0.004256311951479196
119152,0.00047779889144147406
119153,0.0020403032137716335
119154,0.0013081095197210485
119155,0.00013351849987733847
119156,0.0038730431229143268
119157,0.0004662367829632942
119158,0.0009651661061861155
119159,0.005863217109279749
119160,0.00874241903392505
119161,0.9852361823697786
119162,0.013328076227587625
119163,0.0008427330662565569
119164,0.0013642598899977878
119165,0.0003515719466901888
119166,0.0005741273460503109
119167,0.023617320858714028
119168,0.024235987199554946
119169,0.00025509229330324617
119170,0.00023462845672459566
119171,0.742062932276128
119172,0.0005348100352367977
119173,0.00017760084375019082
119174,0.014226200090778
119175,0.000755129554840746
119176,0.0003619795131113282
119177,0.0017999434910303642
119178,0.0003116516926122277
119179,0.0005771702470052457
119180,0.03047300537528094
119181,0.0030822189895294777
119182,0.00569347403817698
119183,0.0008014258299652833
119184,0.9885601811705136
119185,0.000395298863557792
119186,0.00040083137395340257
119187,0.0012427940167852839
119188,0.00029884992079674144
119189,0.0002931158882328125
119190,0.003497139601623156
119191,0.0056720608636069555
119192,0.0007677953888228875
119193,0.0003884685930710761
119194,0.015929353622596062
119195,0.010435261188280247
119196,0.8962913616348971
119197,0.0032255842612316735
119198,0.0007109706417309792
119199,0.0005912450917076541
119200,0.9846521577049555
119201,0.03979393068123415
119202,0.001023940340279377
119203,0.8832666747808574
119204,0.9825197706201001
119205,0.00015805246740959274
119206,0.0007509735263509155
119207,0.002063291274599327
119208,0.9816282622985495
119209,0.03417410405151338
119210,0.0030554082318668394
119211,0.001960251993161038
119212,0.00032703694172758725
119213,0.7867797028202188
119214,0.0004660558674049481
119215,0.00023573284765754284
119216,0.006619112986199995
119217,0.00307750080741477
119218,0.8321992335448011
119219,0.0037705853382476893
119220,0.00023926408709810132
119221,0.0002378951650209947
119222,0.00027435450479854285
119223,0.01909555063120585
119224,0.0005462195479859943
119225,0.0028128630737951875
119226,0.0005700501331763651
119227,0.00021932188557823785
119228,0.0002289872144063535
119229,0.04703526970349902
119230,0.3008519967130435
119231,0.0006686196543379787
119232,0.0011074570833557516
119233,0.011244906967872179
119234,0.0582313669581957
119235,0.000194925234043649
119236,0.012999034756345937
119237,0.00015204038614784063
119238,0.0001891998560514996
119239,0.0006522949877023638
119240,0.00117650803673485
119241,0.0015823963512692516
119242,0.037231818690901614
119243,0.0011844475710869938
119244,0.0004726142008827344
119245,0.00016538527050402545
119246,0.0008746592937886716
119247,0.0010688151938602942
119248,0.0014084712010023785
119249,0.0008105374095665977
119250,0.0016622225780456054
119251,0.011746108825929878
119252,0.0002529834384655682
119253,0.00025090825862034984
119254,0.006143627872717313
119255,0.0028430477048160996
119256,0.9490928097075586
119257,0.0007557760421947731
119258,0.0006972649747813214
119259,0.9907522103101045
119260,0.005979228832770613
119261,0.00028107558348189636
119262,0.00039206317842506585
119263,0.0001649516630237539
119264,0.004147701102952527
119265,0.0016372471212044125
119266,0.16185179280697665
119267,0.017818951018307428
119268,0.00020735590971768573
119269,0.00520310643271092
119270,0.0009933012247020036
119271,0.003595682375793756
119272,0.0011089621450978732
119273,0.001484465289194798
119274,0.00024800040442492
119275,0.9959932961785428
119276,0.0011087904104560165
119277,0.00028318861641129476
119278,0.0012305868706102923
119279,0.9916138886123105
119280,0.0015119782143406416
119281,0.0004208896758674162
119282,0.0016900946842269996
119283,0.0009746102175600634
119284,0.0022891081344805775
119285,0.0009223540476111946
119286,0.0018583412243727447
119287,0.02623084572151408
119288,0.00035469474554808737
119289,0.001195259167225223
119290,0.002983051102506044
119291,0.0005286162405702588
119292,0.0002907682920715015
119293,0.02340047177607546
119294,0.0008372323341862025
119295,0.0015509491688567396
119296,0.00019299448957239818
119297,0.010020011975602353
119298,0.0015350821446929674
119299,0.0008070885202098587
119300,0.0008548998103852311
119301,0.0013718703888823886
119302,0.00020038833954800594
119303,0.0005017017958180775
119304,0.0004042476879185325
119305,0.0013676282555545247
119306,0.016711442326267166
119307,0.002067810719034411
119308,0.030040379781033064
119309,0.98228160126716
119310,0.0002413442917316118
119311,0.0002591289758702339
119312,0.011963288315625238
119313,0.0004930906276986928
119314,0.014447144813381685
119315,0.00014841340792726834
119316,0.00077473970580065
119317,0.0014573617350833617
119318,0.04951075110702314
119319,0.9895439572392871
119320,0.0006815207778282537
119321,0.024999747438429542
119322,0.001585793293088625
119323,0.018635374918731646
119324,0.0004952919534283925
119325,0.9476114905735409
119326,0.0001705917434341192
119327,0.013914801547744568
119328,0.0009282886411793965
119329,0.03284568343050156
119330,0.00021747819908589743
119331,0.002036216758405259
119332,0.9871593725185497
119333,0.0006194608991755168
119334,0.0007037746939913819
119335,0.0030370081161770293
119336,0.0003680518885121375
119337,0.0017909925685240752
119338,0.9845155188828512
119339,0.00011256488883509412
119340,0.014603682062447575
119341,0.16497067023340123
119342,0.0004718556542597536
119343,0.0002935436529263449
119344,0.9394572537727988
119345,0.0005688432743540143
119346,0.0003414420958655529
119347,0.005155825136537469
119348,0.0559112403341479
119349,0.0002679647947158418
119350,0.00119205075766349
119351,0.9842916531872797
119352,0.0017962019748275874
119353,0.0008616664792873365
119354,0.0013663846746974776
119355,0.3766020775012134
119356,0.016655806946064604
119357,0.00026535985172031044
119358,0.06774780326703687
119359,0.00027804390446149144
119360,0.00032242912225227303
119361,0.011077789963154724
119362,0.00016228783067690543
119363,0.0005146679797537543
119364,0.00038234865379278577
119365,0.0009845820162334015
119366,0.00022900541635535133
119367,0.015527334331705262
119368,0.0003377830478655097
119369,0.02004426198213228
119370,0.017771322172316622
119371,0.005773521385970519
119372,0.00029340488003529034
119373,0.0011389081391651819
119374,0.0006180854102057987
119375,0.00208258128884691
119376,0.0021277851624723508
119377,0.0008310981970660974
119378,0.00018635730036303368
119379,0.0011225702285912892
119380,0.0007761985290233336
119381,0.0006558061595204289
119382,0.001621925115174984
119383,0.00029719341294241183
119384,0.9886869801693184
119385,0.0010041824182399958
119386,0.017120450035589683
119387,0.0003803293984529714
119388,0.0003414149777739677
119389,0.00029337484520044517
119390,0.0004400835454009968
119391,0.005282300066275806
119392,0.21499298887261553
119393,0.00019232178565153858
119394,0.0007942844131962332
119395,0.0001060458406237438
119396,0.0003151069088278982
119397,0.0007465035387867007
119398,0.000493124107888
119399,0.08801979380764274
119400,0.009022025654313868
119401,0.002811143309951869
119402,0.00471976040816274
119403,0.0005593714986836166
119404,0.0049963045080903086
119405,0.07540563688066224
119406,0.0011548721033561233
119407,0.0015174203534732012
119408,0.0006153026449945261
119409,0.04877238593464307
119410,0.0007292613050209574
119411,0.00028409028149274987
119412,0.0008377721303003528
119413,0.0024348774727361755
119414,0.021210709162292472
119415,0.005775273832798288
119416,0.00022643676155551727
119417,0.0005151047323120254
119418,0.00037580593572829465
119419,0.00323074350943269
119420,0.5883321552583104
119421,0.0016457498173783466
119422,0.004893498762088971
119423,0.002918132066378277
119424,0.000777738429927218
119425,0.002370380239883624
119426,0.003448514747182628
119427,0.0007063044290560448
119428,0.0002709132238694419
119429,0.0007944695684873992
119430,0.14739318636132134
119431,0.00033626248014330054
119432,0.0026795977933436873
119433,0.0005715702896792527
119434,0.0007096208989521368
119435,0.0009181893872041947
119436,0.009874895246344087
119437,0.3826477310933867
119438,0.00026271753414800283
119439,0.0014758263652890483
119440,0.008713287704802487
119441,0.0002922716093335523
119442,0.0005870298510174674
119443,0.9918928465369076
119444,0.0008274820191578172
119445,0.00041436528623581915
119446,0.00249468229854546
119447,0.03774337313535385
119448,0.0011974294076003088
119449,0.00016520413970776986
119450,0.9921841510414743
119451,0.011300016932161807
119452,0.0029814623020812067
119453,0.00035995696117381164
119454,0.004985158288580751
119455,0.0002233030501091063
119456,0.012539108897392187
119457,0.019700084951285477
119458,0.006931283359728174
119459,0.0001552950024145253
119460,0.0010780821649496223
119461,0.00044355503996262424
119462,0.004205024010543033
119463,0.007569805170636903
119464,0.0013132531292395654
119465,0.001809964911180406
119466,0.0004126724540357247
119467,0.0007066828624656892
119468,0.0009290847496481149
119469,0.0036131584636332004
119470,0.0059923831516298905
119471,0.0002566773193672288
119472,0.0021850362839975213
119473,0.00021183453351202757
119474,0.00031759094813116145
119475,0.004727543565321147
119476,0.9828934632125622
119477,0.0002540011544886154
119478,0.010469202712399104
119479,0.002952168132569778
119480,0.0008393912119494741
119481,0.004131161254230248
119482,0.004483858684378456
119483,0.00027197945648525047
119484,0.0018062339026552509
119485,0.0006128874588915384
119486,0.007812504496802116
119487,0.0002021801883322066
119488,0.0005394852330242167
119489,0.9836895112728851
119490,0.030943974023877194
119491,0.0007461689218034612
119492,0.01673875910397358
119493,0.0002237385772024897
119494,0.9633957056206682
119495,0.00885996644180686
119496,0.012174010614255604
119497,0.9884442285342518
119498,0.0038882190167945007
119499,0.997192571098205
119500,0.0031776363807758568
119501,0.00041108177203929007
119502,0.011647596941181457
119503,0.31125790884386323
119504,0.00022864469793814834
119505,0.00024431448797270134
119506,0.0016239783297682228
119507,0.0008411850456107324
119508,0.0005832930020378957
119509,0.0020674042102081613
119510,0.6807625386646344
119511,0.002779680519769089
119512,0.016709218018906694
119513,0.020865435908583446
119514,0.0002705174113417625
119515,0.010125910367838298
119516,0.0004978798098564411
119517,0.00023395244992722278
119518,0.004502535443186256
119519,0.0011601259093249705
119520,0.0012663395926337932
119521,0.5479495321078394
119522,0.0005446231538085549
119523,0.0009366184689685461
119524,0.00048088792004261744
119525,0.0005243434141046794
119526,0.000340162367949127
119527,0.009072524388354238
119528,0.0009761549793171488
119529,0.000431399404882985
119530,0.001755002976169564
119531,0.0006810989318362675
119532,0.003333904455061447
119533,0.022560847688821276
119534,0.0025430967865098255
119535,0.20016586624354366
119536,0.07262673839415971
119537,0.001481082348505293
119538,0.9939782647106123
119539,0.008229063351331702
119540,0.0051752154426635555
119541,0.003084916048340825
119542,0.343613791313145
119543,0.0006422291632509953
119544,0.022389613208475437
119545,0.00043485852812938136
119546,0.002179491355900625
119547,0.0006770711645892876
119548,0.006246282161134169
119549,0.00040078355467522084
119550,0.00028073204468773513
119551,0.003330957235168473
119552,0.000935353725203316
119553,0.9884170501823287
119554,0.000490896788502351
119555,0.0778595098120839
119556,0.0003778374256664387
119557,0.00017933240195702093
119558,0.0008934395934444217
119559,0.9850636686274821
119560,0.0008590807320115858
119561,0.0047486783017421045
119562,0.0012467618568453556
119563,0.0011260738536145263
119564,0.04979867114659464
119565,0.00030805560240184776
119566,0.0005583904804506564
119567,0.0014342806620102593
119568,0.001989088862784831
119569,0.0006239967114109859
119570,0.9870684813048631
119571,0.03732861702400341
119572,0.0002477355971750971
119573,0.00029322331407878816
119574,0.00017422056597506008
119575,0.9933385914792415
119576,0.0006351141289186418
119577,0.004015998316767199
119578,0.0009676245283443864
119579,0.004345626689425544
119580,0.0011199211053365798
119581,0.0008823514227518686
119582,0.00021372063775420243
119583,0.0008038353813736198
119584,0.000418853659793548
119585,0.0001877792419864621
119586,0.007852469528481955
119587,0.0012354254541460663
119588,0.0002834537194927767
119589,0.00020672518497715975
119590,0.0006288829018728207
119591,0.00038682527419821967
119592,0.9905441811636094
119593,0.015796990649585355
119594,0.0072258193800287885
119595,0.001315410345704401
119596,0.0005760668247512689
119597,0.00026885069372789675
119598,0.05942226280565693
119599,0.09549638886716798
119600,0.0015368007450153958
119601,0.10721014684695335
119602,0.00012579323229149506
119603,0.0002919124214608694
119604,0.0005409325888776965
119605,0.00671798046773599
119606,0.0004832812997821052
119607,0.0012423441860623411
119608,0.0001755781946312216
119609,0.9949476830419848
119610,0.993620896481871
119611,0.00013158331965839454
119612,0.0062826442233019884
119613,0.0009233654940062453
119614,0.0004056676390171413
119615,0.0018219456670684493
119616,0.0006821908549676562
119617,0.0008586017407753387
119618,0.0002519680291463633
119619,0.004029174700825462
119620,0.002037394068584556
119621,0.000902067700099897
119622,0.008048455694037
119623,0.0003385585221272802
119624,0.0031938170276369603
119625,0.00030704046155100023
119626,0.7620677088878401
119627,0.0021555764055961077
119628,0.002266175503233532
119629,0.1575764073063074
119630,0.00022393738660251948
119631,0.007962836690168461
119632,0.018009464602140566
119633,0.991491685897298
119634,0.0010373789553341022
119635,0.0016465643033315577
119636,0.0008314454185974164
119637,0.0017944627682017844
119638,0.00037296365781289224
119639,0.01609084251120087
119640,0.0009515183502164771
119641,0.01192470275892341
119642,0.0004057648121500046
119643,0.003590589283529082
119644,0.0025469112280534136
119645,0.0010175756836155736
119646,0.9834997386991355
119647,0.00021403033832914162
119648,0.004614838969501602
119649,0.000349303618004006
119650,0.0017659261531051474
119651,0.00035208999967707515
119652,0.0011027332515233415
119653,0.0017427707941305801
119654,0.00033091517153529534
119655,0.9932804283346988
119656,0.009275403416340347
119657,0.0021605129244271853
119658,0.04524298630905463
119659,0.003657290814618118
119660,0.00047143250643943833
119661,0.06589746110731882
119662,0.011673125904852637
119663,0.9852916087475956
119664,0.00016408976399062404
119665,0.0005269092524161352
119666,0.0006570551282578577
119667,0.009939771507834243
119668,0.010343398858851896
119669,0.00039879331245071953
119670,0.000987220288997601
119671,0.00015853539552676882
119672,0.00032439581457095924
119673,0.06521346343650405
119674,0.0012709743154801058
119675,0.007649153388333561
119676,0.987979427471271
119677,0.0010806357876274881
119678,0.0009757333884299658
119679,0.00044955010638036264
119680,0.0015886327439300037
119681,0.09896688305942036
119682,0.00026085058822981953
119683,0.0003687663657396398
119684,0.9861145764698092
119685,0.0026677634873027082
119686,0.00015873744453686475
119687,0.0017185174020583128
119688,0.004130054845874407
119689,0.0019942530780048475
119690,0.0009276157482298819
119691,0.007389088322677499
119692,0.9616380611126817
119693,0.011606625894281119
119694,0.0004031638404281416
119695,0.0001921757134059367
119696,0.9924487616426916
119697,0.0002457085719010839
119698,0.00017412122795702772
119699,0.0014016579790262526
119700,0.0008047628088058897
119701,0.8625977924377402
119702,0.0018640680029201931
119703,0.018389203933248513
119704,0.0006560549519508685
119705,0.017555203672787744
119706,0.0013848647975629532
119707,0.6097725664773308
119708,0.02090809557211895
119709,0.003681379378741506
119710,0.9846125128166595
119711,0.0006523883823116401
119712,0.0008549168257768523
119713,0.002507949512761536
119714,0.0006553398382169422
119715,0.003989669725579297
119716,0.0013098092094005619
119717,0.03346772794828344
119718,0.0004912257999467081
119719,0.0010347759740406456
119720,0.0007068541739229216
119721,0.0004025894505862816
119722,0.9802775134982012
119723,0.019859315479946734
119724,0.0024895683238967156
119725,0.00013143130490718825
119726,0.0009571347818253147
119727,0.003323666479837728
119728,0.00016132618628766506
119729,0.002970743700067319
119730,0.00032946320338358233
119731,0.00037632594037974694
119732,0.0023052794500672087
119733,0.0006409822956931016
119734,0.0003053675755006727
119735,0.0016945424452001557
119736,0.0008631399766615779
119737,0.004574371388573603
119738,0.1911594787739936
119739,0.0012106988986811042
119740,0.9927969703572332
119741,0.0007102714649462323
119742,0.0003939321570481863
119743,0.009024433520649027
119744,0.0014549120571566805
119745,0.0004948005163936555
119746,0.0009954287492412394
119747,0.0005304781783772671
119748,0.0010315803315963342
119749,0.00040588010843612093
119750,0.0002139781735656866
119751,0.04035421363605459
119752,0.014956705618274802
119753,0.003823022275257639
119754,0.00018058976327151678
119755,0.00023258002251787483
119756,0.000293978072063837
119757,0.0005066327633944216
119758,0.000766449244964494
119759,0.0002622225330818158
119760,0.9892625745843164
119761,0.010124914445689751
119762,0.01700977730092521
119763,0.009101407591402249
119764,0.0006366820088675879
119765,0.005360549207717473
119766,0.013299124016220179
119767,0.00018246175573998353
119768,0.0002575032423361704
119769,0.006234876261626018
119770,0.0002778046711158921
119771,0.0004618207707278831
119772,0.0001765440332798084
119773,0.0008831632984792798
119774,0.005036883644218648
119775,0.0017175765959466058
119776,0.7028625206910329
119777,0.0004489726874886683
119778,0.0010269879069722623
119779,0.00019984012824977136
119780,0.0004292468775528463
119781,0.000568421019576047
119782,0.0005817270017903194
119783,0.008974789612247994
119784,0.03232265334388995
119785,0.005232531167370238
119786,0.0004924265299621603
119787,0.0032974952987220073
119788,0.00045865982668217865
119789,0.0002970078523840704
119790,0.9942704917392945
119791,0.0011491938968840089
119792,0.011335946306305461
119793,0.0024426314753341056
119794,0.0004554920048718901
119795,0.00029631783120075947
119796,0.0003196977739396426
119797,0.06133300304930926
119798,0.962513202695297
119799,0.01086715573686286
119800,0.0003367300738052042
119801,0.030655327568846674
119802,0.0010645333980009587
119803,0.00034603330871803794
119804,0.00018378010896802227
119805,0.01388082255790177
119806,0.0007656864607060753
119807,0.019548719589973975
119808,0.0005944439841272733
119809,0.0102280258729884
119810,0.00023979364904676154
119811,0.9498634380608959
119812,0.0002910160279511462
119813,0.0015578122590914408
119814,0.9838241978118313
119815,0.0010012621612105804
119816,0.00031221805194557936
119817,0.0009258909094868136
119818,0.00037760995259363553
119819,0.0004779780096023167
119820,0.00041346656977921977
119821,0.0004916366240691804
119822,0.14228472731185646
119823,0.9943076506199398
119824,0.9816230456067545
119825,0.013981889421471145
119826,0.0016866470026532352
119827,0.00022666736519235525
119828,0.0009273098410698485
119829,0.00038583548807246353
119830,0.0003662583256388135
119831,0.0182208558424266
119832,0.0008904186792909128
119833,0.0032184508224646947
119834,0.9915005798744512
119835,0.00046429654756123404
119836,0.00039156048112300173
119837,0.031534299412651394
119838,0.0003506318430012255
119839,0.0006943194273980974
119840,0.0003933571380439036
119841,0.0010337880735066499
119842,0.0002126458100141957
119843,0.986284110106591
119844,0.9390870593905775
119845,0.0006808883194459227
119846,0.0014190616533068718
119847,0.0003801133093081957
119848,0.00016556280604690445
119849,0.00032768880435668556
119850,0.00014592041532503745
119851,0.027395462195678566
119852,0.0017610874899977045
119853,0.0004738057607587426
119854,0.00033050182895276534
119855,0.0002755617875245657
119856,0.0009466515343341346
119857,0.004856638468792533
119858,0.0011428138104535807
119859,0.0005013285986554321
119860,0.0018276604998647133
119861,0.00033965703128763437
119862,0.0002692081127639761
119863,0.0017804683527688412
119864,0.000844967444288695
119865,0.007021606884155586
119866,0.9947794063506937
119867,0.0001694522043947856
119868,0.0006934760151194876
119869,0.00039603070070031766
119870,0.0010655297201484955
119871,0.00021095071753273153
119872,0.016237022374919637
119873,0.994076427062877
119874,0.001481674085192599
119875,0.0028994912818398285
119876,0.0017053340999019471
119877,0.0015067927531916732
119878,0.9967016028372181
119879,0.001856171051777606
119880,0.00030752636259858166
119881,0.8684003399965993
119882,0.00275505038758294
119883,0.004910853876228255
119884,0.002801766781453163
119885,0.0003103470160670762
119886,0.001051172864559284
119887,0.00029566047135916226
119888,0.0014451807253680162
119889,0.0002970410747901656
119890,0.00020564857292578218
119891,0.0005315482195352218
119892,0.00017425447746130475
119893,0.00027087612028737975
119894,0.0020556229186921822
119895,0.032924199982352145
119896,0.0007334918814272993
119897,0.002182219822294208
119898,0.9839322628305027
119899,0.0007328578038642627
119900,0.0002598950668091894
119901,0.05621973438830725
119902,0.011998452698733028
119903,0.0016170574941776004
119904,0.0011686081812414986
119905,0.0003606105677300067
119906,0.9856041019664704
119907,0.904054393225896
119908,0.001195002202199339
119909,0.005234420019710266
119910,0.0002513379612385726
119911,0.005494783094435752
119912,0.0003604286762989704
119913,0.2317474988546282
119914,0.03527682375592529
119915,0.036026932258819526
119916,0.0001962209982766883
119917,0.0021254035756262477
119918,0.0010006056090708984
119919,0.0005679266304919532
119920,0.0013267863763816944
119921,0.0010845205611743375
119922,0.004676505086224542
119923,0.00021450473011230042
119924,0.0008818519799713399
119925,0.00038811875714964025
119926,0.00029896580751812647
119927,0.009523280841629789
119928,0.0011758951223107706
119929,0.0017671625042170467
119930,0.01660574258326616
119931,0.00023719162738833634
119932,0.0002347341047517085
119933,0.027917609460903346
119934,0.0022069349220408354
119935,0.00016933533998250624
119936,0.011696925737474401
119937,0.0010368726859452952
119938,0.008331950210174978
119939,0.0025204430324248343
119940,0.0003525760491602147
119941,0.002541003471934041
119942,0.0007741818610257332
119943,0.004919538372715296
119944,0.3469940186648995
119945,0.001733561001894644
119946,0.00028643188510490335
119947,0.0003687320528690808
119948,0.0002901081633469194
119949,0.0011711045684398393
119950,0.004636472150093401
119951,0.0010622821023040458
119952,0.007096946737829384
119953,0.0015744378826181465
119954,0.0017799281977013063
119955,0.002623558464165393
119956,0.02303912004504003
119957,0.056326729472751774
119958,0.0012480236747386734
119959,0.0015436090711047944
119960,0.00814105314945112
119961,0.006264396857190826
119962,0.001498804306782424
119963,0.008793241973270359
119964,0.0064971831675425026
119965,0.000468592830999414
119966,0.9898267866034371
119967,0.0014829082926788903
119968,0.0011488142162748465
119969,0.0018880873131086543
119970,0.0005203281467041049
119971,0.6527368237967991
119972,0.0005011886522372849
119973,0.00030200463177729197
119974,0.0010800530393315258
119975,0.06572557482389803
119976,0.9967266939336833
119977,0.9787595501413477
119978,0.0003556375429827132
119979,0.00016696226856686565
119980,0.0001513613685006917
119981,0.01706007200000106
119982,0.006848330168171483
119983,0.9843162140925609
119984,0.0007107718553260819
119985,0.0031448244494999664
119986,0.063051334266533
119987,0.0004135050642268702
119988,0.00027151462295709383
119989,0.0001681481431504686
119990,0.0024619272130548212
119991,0.0019752500045984974
119992,0.07867639294201634
119993,0.0006374478952653754
119994,0.00025085629690538985
119995,0.0038814014666330556
119996,0.006915043244882022
119997,0.20942755634806223
119998,0.0001894842467233901
119999,0.9763632941116065
120000,0.00029950129065885937
120001,0.004464534922079097
120002,0.0020329113686851983
120003,0.0006399631317622423
120004,0.0019122752490320692
120005,0.0025033349015411476
120006,0.003051214464444848
120007,0.0006141620781363007
120008,0.003006947890448507
120009,0.003265632276636856
120010,0.0003177774735400603
120011,0.0009393913062016967
120012,0.0003375234751563817
120013,0.001267505154960931
120014,0.9648713007481494
120015,0.0008869922906824537
120016,0.00039014834867195507
120017,0.00884337398564593
120018,0.004737200083520359
120019,0.002731813657505787
120020,0.00411861925893284
120021,0.15839360348055237
120022,0.0005416810556247216
120023,0.0063582308536486686
120024,0.0004560720201745368
120025,0.981335696140159
120026,0.000820526832263908
120027,0.0021715849045610123
120028,0.000289936227842766
120029,0.9810504835972036
120030,0.0010302488968238189
120031,0.33310781174294374
120032,0.000209078261064402
120033,0.003203894039883819
120034,0.980264879563413
120035,0.0019399319691548278
120036,0.00028496081236001493
120037,0.0005313741116722618
120038,0.005140484810372343
120039,0.31914675162634604
120040,0.02223501854052822
120041,0.0014562171492093683
120042,0.980351480998722
120043,0.000872223764015862
120044,0.02807289239613107
120045,0.001361737937949372
120046,0.00032908011013854703
120047,0.9923507505791196
120048,0.0007447018002999803
120049,0.010894281540803455
120050,0.99248104733464
120051,0.0001599483392593747
120052,0.5410868028692151
120053,0.00015384140024089684
120054,0.0012174074292580811
120055,0.9887238385004063
120056,0.0025511135016294127
120057,0.0009041197921102376
120058,0.00012467667221969614
120059,0.0017800602909609617
120060,0.00038705712405231584
120061,0.0002493002009645237
120062,0.0007093021776865571
120063,0.2604531496075689
120064,8.464981226393439e-05
120065,0.002727547783666509
120066,0.0004518091278833559
120067,0.00029697409138656735
120068,0.0007500518257067063
120069,0.00123398465230374
120070,0.0012905041536663054
120071,0.002484576654536243
120072,0.001297952754778901
120073,0.0005365641938260219
120074,0.00020004340585507278
120075,0.05765459805662638
120076,0.0014884717223607653
120077,0.0007640762190522423
120078,0.989298163446087
120079,0.004117054481274264
120080,0.008234564388646882
120081,0.00029951809780104566
120082,0.7844628707158019
120083,0.004414401808505896
120084,0.0267068807875829
120085,0.0006656567086965213
120086,0.00022085746203467845
120087,0.0002444322231501423
120088,0.001752876060512104
120089,0.0003447019286870619
120090,0.007473697574621296
120091,0.012930608206080548
120092,0.00017638106129956653
120093,0.0005844596237665468
120094,0.09434884051899659
120095,0.000219599953000794
120096,0.0002942459121100005
120097,0.036520315179023405
120098,0.000258747153424963
120099,0.0002517892642507175
120100,0.0010559535326334388
120101,0.39068208216095823
120102,0.0015184881624573762
120103,0.002355815423357429
120104,0.8138080363872683
120105,0.2620420983520403
120106,0.0004022730627660385
120107,0.9899024544380817
120108,0.00046725183070051246
120109,0.0007868742541773867
120110,0.004859364807127976
120111,0.008616409036596816
120112,0.001122481883958525
120113,0.006932610502240264
120114,0.0010606008933292932
120115,0.9896534826837047
120116,0.002957414945633285
120117,0.0012705158322992237
120118,0.00027012387539620403
120119,0.00029976225416054815
120120,0.0006779760547256467
120121,0.007125566993867539
120122,0.015042031274235979
120123,0.988564688953395
120124,0.0008835499862132918
120125,0.9928438591007891
120126,0.0005715369587629734
120127,0.07523929949479209
120128,0.0003202508099174673
120129,0.0008746225817376354
120130,0.00035073326406069734
120131,0.9943712891867916
120132,0.00019075909572390532
120133,0.00015189746282320049
120134,0.0009249502668493858
120135,0.0003848919852041861
120136,0.00047505635597951964
120137,0.9916314514081294
120138,0.0006840967987993224
120139,0.00030346056007074214
120140,0.014295100460292517
120141,0.003704757502667206
120142,0.0018515663701405803
120143,0.002348070764776291
120144,0.0011791184419299768
120145,0.1376505092276798
120146,0.9925772401744277
120147,0.013345783626045478
120148,0.0001650222289281499
120149,0.00036286238066958053
120150,0.00024363491757236187
120151,0.0024319972318585896
120152,0.00025475676412514247
120153,0.0004548096100730967
120154,0.0002477518468803095
120155,0.0007082167639403355
120156,0.00015268777257186676
120157,0.000242685059163375
120158,0.00023692262780050527
120159,0.00026347322664941627
120160,0.0002003872717446387
120161,0.001117406268313032
120162,0.0013451691100002951
120163,0.9615533441286833
120164,0.011472859422274233
120165,0.00044028203330462025
120166,0.2962948640128646
120167,0.01731707856377822
120168,0.00026988769215174826
120169,0.0002132499704009188
120170,0.04157832747053693
120171,0.011926698638320276
120172,0.9875064533951359
120173,0.0008616703885550307
120174,0.0004434439488211319
120175,0.9656878788664586
120176,0.004828623775839816
120177,0.001646463074873363
120178,0.0002865440874631158
120179,0.014976866314481342
120180,0.0018888328644599188
120181,0.000203387433266813
120182,0.0001620445119519403
120183,0.009355869151210339
120184,0.0006601430543206967
120185,0.00033578026369406207
120186,0.00043557826861200937
120187,0.9286518506786701
120188,0.989805002919121
120189,0.009088339593253118
120190,0.00013987081554669647
120191,0.02354696387971197
120192,0.000350948682860144
120193,0.01682702814199073
120194,0.0022233426528239174
120195,0.0010365855954734297
120196,0.00032636691385337115
120197,0.0002305514312067759
120198,0.0012758665498091893
120199,0.0009199595929312562
120200,0.004149084479637204
120201,0.0003062259285361764
120202,0.13979363240746795
120203,0.00022577873288296175
120204,0.0014085028238520225
120205,0.00095217844063322
120206,0.0004936799959149042
120207,0.00022068277012271287
120208,0.013544686234940713
120209,0.00036903701212923795
120210,0.962275855762485
120211,0.0002548418886332057
120212,0.003529987074582003
120213,0.0002870340856480383
120214,0.00016529601349001848
120215,0.9887879026671288
120216,0.0002272211146605215
120217,0.002067778229837068
120218,0.00016674080774893937
120219,0.004096374857116737
120220,0.0010014868819438498
120221,0.0026259606682204318
120222,0.0008121435042957522
120223,0.0013035354296964993
120224,0.0030101993078484705
120225,0.020944621195126977
120226,0.007513753798793844
120227,0.0009275813697955633
120228,0.0005118370226392915
120229,0.0007687742423247158
120230,0.00036771542618073107
120231,0.0010488537088625912
120232,0.0014476705426988532
120233,0.0005213762684630816
120234,0.012650027693383421
120235,0.0005111223628038866
120236,0.0003370890331973119
120237,0.003032390347172562
120238,0.00042333663445074407
120239,0.0002689264324688644
120240,0.0021717133313742844
120241,0.9568104370652809
120242,0.00020225416209971244
120243,0.002161128455671803
120244,0.0003207121427430043
120245,0.0003280842529856641
120246,0.0009179326643686065
120247,0.00028948360048051703
120248,0.9563044633422588
120249,0.0005282775338405511
120250,0.0002192502086576056
120251,0.0026315935323121997
120252,0.0004888703705626937
120253,0.0005182860303392773
120254,0.004101895268554883
120255,0.0004932604140275398
120256,0.978855301981273
120257,0.0016819663474511584
120258,0.0015971398588138497
120259,0.011470671535694265
120260,0.0023297488005095306
120261,0.9028321840237552
120262,0.0008314198189323545
120263,0.0022125007253563753
120264,0.0024445870169711435
120265,0.0001730211178265979
120266,0.0012934324025033036
120267,0.0012795219590552988
120268,0.00016954053346239734
120269,0.0011801600035706934
120270,0.006392747613703675
120271,0.9938683421684518
120272,0.0086160025677468
120273,0.0005200842868643201
120274,0.021335327093434428
120275,0.003929870677566766
120276,0.0001354199845452223
120277,0.000569464272108974
120278,0.8906560083003203
120279,0.0003487173206142278
120280,0.9116383425581426
120281,0.0008293704843507742
120282,0.00019386298600410426
120283,0.001961908446420529
120284,0.001558810583379162
120285,0.029478618703880296
120286,0.00278727599469554
120287,0.0016713387987079195
120288,0.0002896798690550425
120289,0.0017512175669105242
120290,0.026497609912517876
120291,0.0005384439652168142
120292,0.01628174949468546
120293,0.019476546162793557
120294,0.0018316572627372668
120295,0.00025953224913439154
120296,0.9873985915362092
120297,0.0011255110319967297
120298,0.4278589082686667
120299,0.0022747795513740265
120300,0.015911852308758627
120301,0.00027866458214918517
120302,0.0023249496080895047
120303,0.03108207509931773
120304,0.00027381873694812834
120305,0.004628822539153008
120306,0.0001505783189002044
120307,0.00026795719143193
120308,0.00029966102223616815
120309,0.0020539865342821153
120310,0.00032083778451878693
120311,0.007197411588705714
120312,0.0016284430749277836
120313,0.01693025533925883
120314,0.001499068699371337
120315,0.9803060588082796
120316,0.00222963602899734
120317,0.00039099599540454725
120318,0.0002254284225792642
120319,0.0008899199740041937
120320,0.000339100256076443
120321,0.965111988014708
120322,0.0025283365992145824
120323,0.9898495258486779
120324,0.0002886331255235485
120325,0.003401574767789502
120326,0.0005594513978017624
120327,0.0002863980372361159
120328,0.0002947097735372597
120329,0.004253580443921724
120330,0.0015563768679157696
120331,0.0003889892394009912
120332,0.005691142906195146
120333,0.0002948643667099006
120334,0.0007682725035369764
120335,0.052684917247549375
120336,0.02467673260107464
120337,0.002841250168805203
120338,0.0004287558998236955
120339,0.00175300821467003
120340,0.0004136547784750041
120341,0.001558408185891957
120342,0.000708477389065548
120343,0.03604142837135456
120344,0.0004893080694575583
120345,0.0003767599856650764
120346,0.00783158195909671
120347,0.0002979115543515488
120348,0.00015939417837714976
120349,0.0012031927714437765
120350,0.004429744564610059
120351,0.895984394365633
120352,0.00791176109199113
120353,0.9934546219659532
120354,0.000863306098831356
120355,0.9916674435365682
120356,0.0002130831202358276
120357,0.0001753673035149856
120358,0.034161729381445446
120359,0.1941555696437166
120360,0.0003663996007543726
120361,0.0018949583579719123
120362,0.002618970171816618
120363,0.00017971790399796717
120364,0.00030167797298117076
120365,0.9839443462467865
120366,0.010372763103797845
120367,0.0008701998121005479
120368,0.005480388654736588
120369,0.00041092416268971154
120370,0.002149890559582447
120371,0.0003379288478483865
120372,0.00025627057935451717
120373,0.001948187665283706
120374,0.9628818101354533
120375,0.009205706665464396
120376,0.0024717230348003006
120377,0.0016827384327666884
120378,0.00022684455192709425
120379,0.00015631171258986528
120380,0.00046693648120947677
120381,0.00055717718535144
120382,0.03156321112018423
120383,0.0003644634064532033
120384,0.0013704882858324855
120385,0.000805287192659511
120386,0.0007945138466744761
120387,0.012250818980382215
120388,0.0002549975264736618
120389,0.00013843618257011568
120390,0.0025621734906898863
120391,0.3609607425431208
120392,0.9849811004464136
120393,0.0033695106879836787
120394,0.001061669887359495
120395,0.000739714835483966
120396,0.0005123976997607456
120397,0.0004066804953013994
120398,0.0003589310532381809
120399,0.0018252260380738393
120400,0.002460924428717681
120401,0.9866233196205378
120402,0.0002956991532569714
120403,0.9948091580472567
120404,0.035093652298029125
120405,0.0009151126742392021
120406,0.00034463959613704255
120407,0.0007733291948754604
120408,0.0022288270624297862
120409,0.001061700724208643
120410,0.01760383567345385
120411,0.0074383379538077036
120412,0.0008947955236144467
120413,0.0021253841410774693
120414,0.0015090982864238661
120415,0.0018049964571037783
120416,0.00031304303376969385
120417,0.0002749994287092326
120418,0.0010230091333530966
120419,0.00798955759814075
120420,0.970334669528651
120421,0.19460293684468066
120422,0.0019439974766014185
120423,0.0006602975958440604
120424,0.00036224807999957925
120425,0.0007740627443833059
120426,0.0028376369047766804
120427,0.006554164189390694
120428,0.00024436656322533257
120429,0.0008995704146462234
120430,0.00017654133980856342
120431,0.0004440210647883704
120432,0.0008357093361218332
120433,0.0013411653862302187
120434,0.00458126178434089
120435,0.0008001974953191109
120436,0.3552896535218141
120437,0.0011574470705291327
120438,0.00026155534816873577
120439,0.000498015762327117
120440,0.016544260157622132
120441,0.0007232737554111186
120442,0.0003867375910962547
120443,0.0034791947411497584
120444,0.0007455301147218372
120445,0.0008466501928889108
120446,0.02854992883656886
120447,0.00027374960578550146
120448,0.007403125982762805
120449,0.001098581520344526
120450,0.1121335805838379
120451,0.0005583092880899174
120452,0.0005372838755682032
120453,0.05804375456723481
120454,0.00019463479097053585
120455,0.0003922249955449409
120456,0.005700143015937423
120457,0.012586065504284318
120458,0.00023371361324162358
120459,0.9924830782613577
120460,0.02799349787106304
120461,0.04869346967753458
120462,0.0018176870785714617
120463,0.0001843473512609883
120464,0.0007073907214333145
120465,0.9837751040623022
120466,0.0011625052576967232
120467,0.001555846884971758
120468,0.006399395101667385
120469,0.0006868397605813967
120470,0.00028545753477523763
120471,0.0002898580260292141
120472,0.00122206647092796
120473,0.0007852816187634659
120474,0.00020428619276056535
120475,0.0002943472821474251
120476,0.0004729630827606488
120477,0.00027499951769985233
120478,0.001866980270202318
120479,0.028454539171352673
120480,0.0003397875358016958
120481,0.00024113768747459558
120482,0.2281316010318231
120483,0.0015016205788907094
120484,0.0006511706442172384
120485,0.0004677791999794262
120486,0.000505408036986002
120487,0.0038969829069281895
120488,0.0003550188877302557
120489,0.00012766093462072102
120490,0.0013883447185429154
120491,0.00020975227626207873
120492,0.0014147613604329297
120493,0.01698894335425678
120494,0.005486238022589816
120495,0.001213427337726793
120496,0.9420149818948204
120497,0.000373404846631777
120498,0.0003589753573326831
120499,0.0005577600872395817
120500,0.0908879352330919
120501,0.013554316639214088
120502,0.0005880864200702075
120503,0.001742732821552458
120504,0.015787802024721208
120505,0.00022789339206818356
120506,0.005504864131102553
120507,0.0003781563987076436
120508,0.01047453059795841
120509,0.0063223155272361725
120510,0.0011398015319769759
120511,0.0016039784750529434
120512,0.0004985047507743619
120513,0.011121755997847087
120514,0.0011896440092579058
120515,0.02613241515388174
120516,0.0005520453129793624
120517,0.002308189025959449
120518,0.00023079311265775262
120519,0.0035508757966310144
120520,0.0019093227655504847
120521,0.00029534830361522017
120522,0.004211213802407001
120523,0.011112702984111177
120524,0.26947821579639014
120525,0.0029079918105768075
120526,0.0011219264807881164
120527,0.0006300005436967981
120528,0.0002310545491482635
120529,0.0002834445235008604
120530,0.021395890878296603
120531,0.00028049926488914266
120532,0.0009269379403591434
120533,0.004332106799658451
120534,0.01843734099887369
120535,0.0006874219214851411
120536,0.0016126075760178277
120537,0.0003965884764926038
120538,0.0001866871526204717
120539,0.0003883699006544539
120540,0.008347525657447256
120541,0.00035147806115764054
120542,0.00035253680224845747
120543,0.016851079286780105
120544,0.00016701176075053782
120545,0.014172418336906351
120546,0.0007513346780492657
120547,0.00026205409368185276
120548,0.0007201500362459091
120549,0.0005764876163750599
120550,0.00896205594949047
120551,0.0005242307501487177
120552,0.001631327456196533
120553,0.0013345091754597075
120554,0.0006353879611453662
120555,0.0002688395564634444
120556,0.0010353820818003827
120557,0.00032156411510029777
120558,0.01262715787343346
120559,0.0006016621577702513
120560,0.027732521695723704
120561,0.001688756405690984
120562,0.6987016342401273
120563,0.10741685009452606
120564,0.0003422797992246981
120565,0.0011121477735348319
120566,0.005963016868282753
120567,0.003821200803201558
120568,0.00047728500025620254
120569,0.007139166697320617
120570,0.0006008630501008318
120571,0.0008328778826334621
120572,0.0014572072159007962
120573,0.0005643243223996033
120574,0.9920407249498464
120575,0.0003980929174032924
120576,0.0011217332467928264
120577,0.000988286993625433
120578,0.00041256843673694444
120579,0.00033824202756231814
120580,0.0007475379181320768
120581,0.0008904511180464529
120582,0.9837812990503711
120583,0.8067472413065104
120584,0.9950843453350557
120585,0.0009187415976814921
120586,0.011649542709454331
120587,0.03953288064505865
120588,0.0002634290640894267
120589,0.0005204836877404374
120590,0.001798141033716629
120591,0.011696261548746775
120592,0.0013437271276792607
120593,0.0010672406697250707
120594,0.0017966998474471302
120595,0.0005375403952602984
120596,0.00045058566125392524
120597,0.00036507166045634273
120598,0.00497445927004223
120599,0.00857624490024162
120600,0.036333661478201607
120601,0.00023115486672424675
120602,0.0009301595630092265
120603,0.0003392634921308454
120604,0.0008717163100302618
120605,0.0003043915507952444
120606,0.004021206265740822
120607,0.0002810291502121425
120608,0.009412908612031689
120609,0.000695187587321298
120610,0.11100563856852821
120611,0.0006256558972489044
120612,0.9937182389445929
120613,0.001021722087653938
120614,0.002810589952361717
120615,0.00014743414719134323
120616,0.0013909742854694399
120617,0.0002162909356471101
120618,0.0010089438334251472
120619,0.010737374332059943
120620,0.00028361449820287485
120621,0.00010810114379118442
120622,0.000399887132955457
120623,0.0059164675308388094
120624,0.029897275673277515
120625,0.032095100092193594
120626,0.002749246202627401
120627,0.0006324883167662372
120628,0.00215461806667029
120629,0.001088976834387016
120630,0.0004088103206893301
120631,0.0016210528300949168
120632,0.00016328816719942755
120633,0.0006366811172226081
120634,0.0011337756172407171
120635,0.0024079501668507744
120636,0.005331504430074419
120637,0.00023203056898625165
120638,0.020729525150882992
120639,0.00028681313646208666
120640,0.00023850805927994677
120641,0.0016025995497853424
120642,0.005366836862607493
120643,0.0020653428757711556
120644,0.0011558434623794847
120645,0.0008757203392647242
120646,0.001222742682725144
120647,0.0004396323181463587
120648,0.003056202156262967
120649,0.9620676527991975
120650,0.0016588018452930661
120651,0.0036842311821921486
120652,0.0003371221575940819
120653,0.0025748783328301034
120654,0.008998382644038813
120655,0.0014337080039381633
120656,0.0003367422865825271
120657,0.0344912535695873
120658,0.0009022610817240848
120659,0.0008657158961873967
120660,0.9915410268528996
120661,0.0007025779724711091
120662,0.00029767201507746913
120663,0.0028202401025492338
120664,0.000704266163158538
120665,0.0003832786847802203
120666,0.0012628149772139924
120667,0.0004420907440395891
120668,0.0009865343473813043
120669,0.00018884160034764497
120670,0.7724986949212231
120671,0.004004286558960144
120672,0.0011574097717064762
120673,0.0009678516860637707
120674,0.021738591598810433
120675,0.004692049869820534
120676,0.0005455972130176034
120677,0.005336302634645523
120678,0.03824938611946848
120679,0.00020546255123593074
120680,0.00041623013307837364
120681,0.0005838604329362609
120682,0.0024715859005781183
120683,0.0025798518484056615
120684,0.004327934895689616
120685,0.99390777520256
120686,0.00016815270520357097
120687,0.0007486871855051424
120688,0.0003148034602082885
120689,0.00352229159659554
120690,0.0010453910998183412
120691,0.0006383299580745065
120692,0.0086936235624658
120693,0.0013610007023051943
120694,0.003480036189602528
120695,0.0007115083127950095
120696,0.0022829097373540655
120697,0.000348892311491901
120698,0.0002330029896430434
120699,0.9891895885039738
120700,0.0004806057179609078
120701,0.0005645731662825192
120702,0.9899925048193803
120703,0.31472680554620236
120704,0.001560268409976647
120705,0.0005721071822776952
120706,0.0024268407588167655
120707,0.002059451451455676
120708,0.031655960529364514
120709,0.7639459516914776
120710,0.0010371637380511831
120711,0.1025048403923139
120712,0.0005493132742491654
120713,0.0016735786226557824
120714,0.00023486754110696353
120715,0.0007359894541646635
120716,0.00884473061640126
120717,0.0004097281073316318
120718,0.006739809732378414
120719,0.00023661385625430752
120720,0.05180226181924994
120721,0.0009782737768737595
120722,0.004884052685758401
120723,0.9850089292541085
120724,0.0006695645414104116
120725,0.0003625751063293832
120726,0.0018523244218963137
120727,0.004214095162586697
120728,0.0005891708613100734
120729,0.011787497968339312
120730,0.0006031908344701359
120731,0.0014192712515414933
120732,0.010803946565141614
120733,0.001081290418785234
120734,0.0912494977035272
120735,0.002785927594542335
120736,0.001105017543261847
120737,0.0005568631087553473
120738,0.00037724008942897517
120739,0.0018293808896634588
120740,0.0017814010569569064
120741,0.000719445963793138
120742,0.0037761177769990023
120743,0.0013924382848149038
120744,0.0006324737475298624
120745,0.08017826670649475
120746,0.01106367379398364
120747,0.0008343459309078362
120748,0.000688285269143923
120749,0.9767060779435349
120750,0.0007948832858467707
120751,0.0827096269562204
120752,0.0013893081250865584
120753,0.00031345519257329604
120754,0.17401952353947323
120755,0.001083264336274121
120756,0.00035760426030431806
120757,0.0003596394594698627
120758,0.0016726030396047695
120759,0.00028260655457011793
120760,0.0007488600262598113
120761,0.015494450835095866
120762,0.007810414748276991
120763,0.000594908715233129
120764,0.015111402239526062
120765,0.01868231062615858
120766,0.1561444144071103
120767,0.001799164296478873
120768,0.00029190064513595295
120769,0.00029986394431455546
120770,0.0005863045399856786
120771,0.0015173529645553655
120772,0.0003017074802396256
120773,0.989435166580419
120774,0.00027388762764024864
120775,0.0004233974528351953
120776,0.00043428341766874864
120777,0.0004683025783072967
120778,0.0003346788336484241
120779,0.004413965694716985
120780,0.0003472601375948555
120781,0.9864221946777113
120782,0.0034849817504622603
120783,0.0003556128548565369
120784,0.0004716991158817273
120785,0.4667206951475463
120786,0.010640938041383545
120787,0.004228796567061412
120788,0.001230259834826478
120789,0.0013988295195037465
120790,0.0007990594738619581
120791,0.008132751083293218
120792,0.0012946945348497664
120793,0.0009637276285858665
120794,0.002073508364832781
120795,0.0005211703621862022
120796,0.0003020434115356875
120797,0.00011961876615422422
120798,0.00017331874970140038
120799,0.00022162487521762623
120800,0.00030868091756116207
120801,0.0001625465383374515
120802,0.00024118740231956072
120803,0.029856557316625874
120804,0.000385560449175611
120805,0.012289667021181224
120806,0.0011296950361025693
120807,0.0039352420883837
120808,0.9919671746488365
120809,0.9927491562116221
120810,0.005829044078084248
120811,0.0008561598834332168
120812,0.019021914708690302
120813,0.008516335292796383
120814,0.01549089295382505
120815,0.041286577551834965
120816,0.001912242142310374
120817,0.0017757246497858486
120818,0.0018119988003393096
120819,0.0035149277308106908
120820,0.00022745275970264186
120821,0.0002823747040367878
120822,0.07117720021951884
120823,0.00131188364533062
120824,0.9920763282389057
120825,0.00038457026514480226
120826,0.9909599240197463
120827,0.0006173459099408933
120828,0.004410558756288924
120829,0.001264864865074865
120830,0.0028412955628262797
120831,0.0013098116309727497
120832,0.0009371748606849484
120833,0.9226196681521643
120834,0.00032940787574206403
120835,0.0002854109272494861
120836,0.0019169212656058425
120837,0.0007791330204352867
120838,0.00018201357241561113
120839,0.004582283724412515
120840,0.0009247264916702896
120841,0.002420633310604963
120842,0.0007597220682147315
120843,0.0011993710522721366
120844,0.0077277461175684825
120845,0.0011537966342964365
120846,0.0002884438428516696
120847,0.00018102509248872867
120848,0.00022172297911296843
120849,0.16910167942856988
120850,0.0074873397912976975
120851,0.0001298492502983286
120852,0.00489457103680937
120853,0.024926570419572264
120854,0.014669116269287494
120855,0.01694339117791897
120856,0.006021633829132933
120857,0.0011301239451376374
120858,0.0013475457880205801
120859,0.00026958168557279116
120860,0.0005539700179332436
120861,0.005939744174271693
120862,0.4348693994518919
120863,0.0005768833701765216
120864,0.000137102910025617
120865,0.0005110229404301142
120866,0.9965683110420792
120867,0.9924798124611918
120868,0.9941125724722208
120869,0.9934252279633978
120870,0.0008789297060008761
120871,0.0009715519026138753
120872,0.0009111012009519481
120873,0.012595495743436628
120874,0.23809831315733737
120875,0.0016059647756124834
120876,0.9144492417223805
120877,0.00046667697351644727
120878,0.00020802026970522086
120879,0.983670967004508
120880,0.0011190440633217246
120881,0.0010641219064919892
120882,0.0021830491349920343
120883,0.0008397567128071322
120884,0.10288047655239904
120885,0.002516714340413386
120886,0.0018445861436407166
120887,0.0003114575300749097
120888,0.0008863379518244946
120889,0.9878549813392967
120890,0.0024303645919215747
120891,0.0023784089353622163
120892,0.0002122311711008335
120893,0.0003992641042415286
120894,0.0050417920155583235
120895,0.0003019300208844478
120896,0.004374924864373546
120897,0.0940476818089437
120898,0.0003200445828761852
120899,0.0008893583420027739
120900,0.0008463325012936303
120901,0.8132730447411166
120902,0.0006955532021711266
120903,0.0005364511014053721
120904,0.0010345618291276266
120905,0.00023837452471661875
120906,0.0003489547460188662
120907,0.0010979550106581476
120908,0.039017775777873506
120909,0.0017546738005559778
120910,0.005107527575443409
120911,0.0010416378997132115
120912,0.0009714929290654625
120913,0.000706052653346002
120914,0.00016113675213767163
120915,0.00033047713862406424
120916,0.9900616150792109
120917,0.008483566694475917
120918,0.04049408552858548
120919,0.013759121010647518
120920,0.0029191505393089895
120921,0.005020806459590786
120922,0.0005387902766551336
120923,0.0011902254689215572
120924,0.9885303834154361
120925,0.00036270777551071764
120926,0.1172284952940676
120927,0.000496963108454896
120928,0.0010322487684292655
120929,0.0014173128894013896
120930,0.00037790584303666857
120931,0.0005250442534373254
120932,0.00019405750660318668
120933,0.00059156341472342
120934,0.002708887835207535
120935,0.0006465170539037301
120936,0.0001882195277239425
120937,0.012988941825617824
120938,0.0016833589552945098
120939,0.38066345297748583
120940,0.000861162398054104
120941,0.0003152783646742036
120942,0.0032834577026467572
120943,0.0015271816932692053
120944,0.9908379804069412
120945,0.013772536755404905
120946,0.0010474283000855291
120947,0.0005519838003873194
120948,0.0032712292272915307
120949,0.00019694774759659728
120950,0.15052659580903555
120951,0.0003771378532268301
120952,0.0014027896477582869
120953,0.0004776298274189304
120954,0.016015357538682596
120955,0.012173573039678006
120956,0.0016049484987937573
120957,0.7383959549148299
120958,0.001914009337963017
120959,0.0011575307306798401
120960,0.0001761887832008518
120961,0.0004199619042311394
120962,0.00032088793820718865
120963,0.00022202253319270887
120964,0.9722441391070207
120965,0.007787696220555754
120966,0.060468784669784635
120967,0.0004121952994943745
120968,0.009345788147231788
120969,0.013480243818353874
120970,0.012103559145745027
120971,0.0012557407852666776
120972,0.0027948260769832464
120973,0.00023217536152158805
120974,0.0058069234115586425
120975,0.00106841210340939
120976,0.869793414637144
120977,0.01562050653218445
120978,0.0009585752876578217
120979,0.9885581367609579
120980,0.00022765383591603813
120981,0.00025780969741934256
120982,0.0007148498982696145
120983,0.010840945343151661
120984,0.0015721022830305124
120985,0.0005238731202549936
120986,0.021150567864189316
120987,0.00026024089325138694
120988,0.0002817613384866087
120989,0.0009482464708928528
120990,0.0002820996815557326
120991,0.003892851258029123
120992,0.0003032967088919033
120993,0.0003170007539537899
120994,0.0008165702983690625
120995,0.0018831105471941488
120996,0.002364825278846215
120997,0.00034325589464719855
120998,0.00040219439423647303
120999,0.00048337651215608034
121000,0.0010817008901150237
121001,0.0005740219123116739
121002,0.058845179461761175
121003,0.0003888474587543431
121004,0.0005821474108678725
121005,0.0003171414671606701
121006,0.00020719252165639845
121007,0.9905256890728459
121008,0.004022700887739055
121009,0.0005284912869040583
121010,0.0005049731754808641
121011,0.0020657740932902196
121012,0.0006067056179244579
121013,0.0031116743281937712
121014,0.918082049544491
121015,0.003641736818388334
121016,0.00034262872614435736
121017,0.0002047568409182008
121018,0.014792112770557121
121019,0.0020373966945622882
121020,0.003612860983140198
121021,0.10918019405167753
121022,0.04984300500964685
121023,0.0009679888427236644
121024,0.005939786080847707
121025,0.00528204139934202
121026,0.0008051805735160398
121027,0.0005000756329653293
121028,0.005316785647569271
121029,0.017765907163568923
121030,0.002777237556037405
121031,0.0003747970238371728
121032,0.001064064958169589
121033,0.00043302724715110324
121034,0.02517761607036123
121035,0.007570064034555494
121036,0.004212239402260525
121037,0.00030996130807142854
121038,0.014138384676760025
121039,0.0011824027750059157
121040,0.0002781024069515711
121041,0.9927283385045284
121042,0.0007233489688063371
121043,0.0005091689515012197
121044,0.0008389441093686259
121045,0.00030123051910804435
121046,0.000760862676970937
121047,0.0005463441744418104
121048,0.008055797281957603
121049,0.00014823488934999284
121050,0.003492918215425579
121051,0.0017462859980430256
121052,0.9871155523258163
121053,0.0008534808474315221
121054,0.0003557632062913954
121055,0.00020790822766860516
121056,0.0077624981674141525
121057,0.9886927747986968
121058,0.0004866008909819843
121059,0.9698744764936541
121060,0.04012686710583952
121061,0.0013002322647234373
121062,0.00248377850634309
121063,0.0022801838930201876
121064,0.0006193698143292329
121065,0.00023719905802237093
121066,0.0009689995058909317
121067,0.00047475191458075947
121068,0.005555579138246745
121069,0.0003524993884669362
121070,0.0005262759649278793
121071,0.0023917022460462458
121072,0.9945943153173019
121073,0.002790121847002844
121074,0.986197169845161
121075,0.0026323562914686138
121076,0.00022754717336321312
121077,9.641387633897891e-05
121078,0.0015282737748677044
121079,0.00017286772275944254
121080,0.0010262688515301629
121081,0.0003544102601212448
121082,0.06657411383538712
121083,0.0013555907037149971
121084,0.0008308090927584326
121085,0.0004107862081922037
121086,0.0015797679825845642
121087,0.00041062310872244634
121088,0.0013649276522429412
121089,0.0015251091800335113
121090,0.000369579469240594
121091,0.0002643749822465577
121092,0.00032951168432053367
121093,0.0005165774413987218
121094,0.00014300485815320224
121095,0.026988706837777463
121096,0.0012153608512771236
121097,0.0037023585959036457
121098,0.0022376185302124233
121099,0.00029211466172128275
121100,0.0019183462125141341
121101,0.9835274769545798
121102,0.0007576316373697033
121103,0.00038406775583038155
121104,0.0002593736357705658
121105,0.0005051421884898489
121106,0.5902384204709376
121107,0.014108236456186442
121108,0.0005239611386713281
121109,0.9862308716060388
121110,0.004102851443355775
121111,0.9344004933399147
121112,0.0007467631398831136
121113,0.00023534937848709546
121114,0.006935398607812478
121115,0.0007135341463585882
121116,0.00031245309500067586
121117,0.014918888193377491
121118,0.00041485372937425134
121119,0.0016121346363311712
121120,0.0036578935083065867
121121,0.010743136993082367
121122,0.004159895037536236
121123,0.0005203821836270468
121124,0.009095689292784613
121125,0.0021279172286985852
121126,0.0009198077363782311
121127,0.0006444469781118182
121128,0.00037367520474173183
121129,0.00010710327625225482
121130,0.007795122781092673
121131,0.003808132673306204
121132,0.00046206050022698037
121133,0.002503644110561849
121134,0.0003709395318058425
121135,0.0006912554997679059
121136,0.0004625366161148628
121137,0.0010931852537838867
121138,0.000500623653166223
121139,0.0012716120244517886
121140,0.11736859578117724
121141,0.00046063389125616756
121142,0.001501955201500846
121143,0.0020241170881761033
121144,0.00021949241563029638
121145,0.0002664549729172015
121146,0.0003473646423661998
121147,0.03158064867875311
121148,0.0012019069330644436
121149,0.006927674559923281
121150,0.0028072954523906822
121151,0.00021887635629404487
121152,0.0005579866908307561
121153,0.00044690449621348776
121154,0.0002781620581874839
121155,0.0025093461206625615
121156,0.9792672384916384
121157,0.0006836467811930967
121158,0.0017850012206891122
121159,0.0176606436891684
121160,0.009476952562175222
121161,0.012240179313634887
121162,0.000610630778537653
121163,0.0002361623906639492
121164,0.0003305651024021584
121165,0.0003082839599359078
121166,0.001863630223569712
121167,0.0002779730954089948
121168,0.0005007551330894819
121169,0.051082216298818026
121170,0.010641512092033071
121171,0.05166904360383514
121172,0.002725031279920443
121173,0.001021542741486793
121174,0.0006924851923931454
121175,0.00037592813428851237
121176,0.015516681929505352
121177,0.005875231118965578
121178,0.0008465162641521615
121179,0.0017264118284463557
121180,0.00036671427345797135
121181,0.0005410248976834585
121182,0.0020428083085118833
121183,0.0016260831193119969
121184,0.000389702849528575
121185,0.0006878795985873298
121186,0.006853140335214577
121187,0.0014341052380027024
121188,0.9904379896113606
121189,0.0005068910627562036
121190,0.000630288402157725
121191,0.000535789544601179
121192,0.00046527461122000674
121193,0.0007872828091901633
121194,0.4765340120260106
121195,0.00021510418179707667
121196,0.0008376864448051523
121197,0.01411939144257987
121198,0.00022728760330763866
121199,0.0003297818676286107
121200,0.002507882524283825
121201,0.007763730136616395
121202,0.00016955864565840724
121203,0.006438834546729076
121204,0.00031601479716736525
121205,0.00027958506372847833
121206,0.0005033248827913828
121207,0.002127047557599289
121208,0.009549966128706067
121209,0.00027950687329625324
121210,0.004675685475510192
121211,0.00023445677618059348
121212,0.0006257134541711727
121213,0.004499841590400548
121214,0.0023398986919517207
121215,0.012308694118127178
121216,0.1797434952195431
121217,0.0004555569526029211
121218,0.0012354836751915337
121219,0.00019822220483441206
121220,0.0017268052108927875
121221,0.010160701294763833
121222,0.005262823372051744
121223,0.02901870160439506
121224,0.08197345700796359
121225,0.00019848699423672772
121226,0.0007668814415720121
121227,0.016181635573266403
121228,0.0066061159230350296
121229,0.3657124630977208
121230,0.019229589779322542
121231,0.8297135270163405
121232,0.00025584037768388337
121233,0.984843491831872
121234,0.00024159087187496483
121235,0.007896387996632021
121236,0.0010985140235820771
121237,0.001937831252026057
121238,0.0005565493807323603
121239,0.029034023333723687
121240,0.0004954117879911261
121241,0.0005649603433798392
121242,0.0008995814989095317
121243,0.0008824484985603942
121244,0.0009719531744419937
121245,0.9854818559590075
121246,0.00016835216724521288
121247,0.0005119074303270246
121248,0.9865639540275062
121249,0.0012997401291203223
121250,0.0002802842724414738
121251,0.00664398487923609
121252,0.3353297543028339
121253,0.007127129685595231
121254,0.002183428175346762
121255,0.008424090919905905
121256,0.00036887621071706714
121257,0.0038682074693576107
121258,0.0001571342940830294
121259,0.000959438604400179
121260,0.0002194247632681867
121261,0.0006353027744806652
121262,0.030187168365147024
121263,0.004151011890389481
121264,0.024920744353656443
121265,0.0010471909227872677
121266,0.00024597320060775043
121267,0.00863597670670399
121268,0.001440603512950001
121269,0.02001302613823696
121270,0.0012374746217840122
121271,0.9331652636489359
121272,0.00021392930892397689
121273,0.0008935449807588875
121274,0.04261509783018663
121275,0.005177853155211591
121276,0.0006450926069074654
121277,0.00027792436951508116
121278,0.13340750960666187
121279,0.006076450099577869
121280,0.00036466952945888475
121281,0.0012032237850837203
121282,0.0012585770280820784
121283,0.9353009291848966
121284,0.00027913672124052117
121285,0.00637994696431877
121286,0.224135611873808
121287,0.1434074760265404
121288,0.000320151724295298
121289,0.0007000495214439977
121290,0.011579648122525203
121291,0.9848900205540673
121292,0.001368832126177825
121293,0.0006043434345519783
121294,0.007944804662775879
121295,0.013003265231790176
121296,0.9180869559448724
121297,0.0007925411008981265
121298,0.00044009824066323764
121299,0.00012478596628158435
121300,0.0016406824045145766
121301,0.0014770759281459381
121302,0.0014079095893881402
121303,0.00817379780346549
121304,0.9945012498532475
121305,0.005329573601460105
121306,0.0054407704900626365
121307,0.00024086046760111958
121308,0.991215409276158
121309,0.00030875103380987467
121310,0.0010721145011341618
121311,0.0005938089731876878
121312,0.0008707714594771812
121313,0.013391188558414292
121314,0.0009040017540358954
121315,0.0006991272457499774
121316,0.000804940230588835
121317,0.00033886832120032684
121318,0.0005631026847890574
121319,0.98407704547556
121320,0.00021401292824662702
121321,0.022061535288056672
121322,0.00028006557809300974
121323,0.0002448840689884446
121324,0.0009528131943571401
121325,0.01392724740553356
121326,0.014101714940394488
121327,0.00032624118352860915
121328,0.040204871002930485
121329,0.00021795232693534535
121330,0.0005986560642447293
121331,0.0010640680589369537
121332,0.2183384027501158
121333,0.0030734132260648427
121334,0.0007393041262546536
121335,0.0001963713780119734
121336,0.0002453905332174214
121337,0.024035715752976496
121338,0.17701934582024176
121339,0.000265405091257611
121340,0.0005216909342331491
121341,0.002314912935934153
121342,0.9882295360350446
121343,0.0008119715003238644
121344,0.019644260173077518
121345,0.022805153258914385
121346,0.0030267504301203585
121347,0.0004948403839052683
121348,0.001369848859481306
121349,0.0005648860162819323
121350,0.003294591252497496
121351,0.00043895204511316114
121352,0.00039175632392500265
121353,0.001721749525102894
121354,0.00029942963670966956
121355,0.0006857200892618601
121356,0.0005348975648013099
121357,0.0011740984421459947
121358,0.007806016412697095
121359,0.9906962106526106
121360,0.04622520003295549
121361,0.9830806933361516
121362,0.0007418043932715971
121363,0.7241719604763515
121364,0.00017621297094088742
121365,0.01841889198277952
121366,0.004159721219778194
121367,0.0005146360634556721
121368,0.002378864534701132
121369,0.7546921574225347
121370,0.001883332547817827
121371,0.00030095079986340427
121372,0.0009573487939292701
121373,0.0001418815270373641
121374,0.0005353002546996164
121375,0.0013586846642723578
121376,0.004274739700155392
121377,0.0006522711505561399
121378,0.00041023072131124693
121379,0.02946350969596137
121380,0.7771886010997245
121381,0.002572355694582617
121382,0.039065233158926675
121383,0.0006583619921170872
121384,0.011306169097125727
121385,0.00019928711568952722
121386,0.00032977810747000785
121387,0.0006743383919356711
121388,0.000846236311156038
121389,0.10515160883147626
121390,0.001130256702052593
121391,0.001300563846270208
121392,0.007253104090413734
121393,0.00047095648984882515
121394,0.000122772231380399
121395,0.9871873976558297
121396,0.005596650789623233
121397,0.0007201764804388308
121398,0.0018073443984797965
121399,0.6828009448866985
121400,0.00759175723331032
121401,0.17245334635971984
121402,0.00017697129306129525
121403,0.0006745738815277629
121404,0.026373471952926292
121405,0.0008088013911714558
121406,0.00786962986022252
121407,0.0003908090347870381
121408,0.000220472940838676
121409,0.0002232679508509073
121410,0.0003838238414174189
121411,0.001402248880488225
121412,0.00041445339506370133
121413,0.05549495120187518
121414,0.0043644432040164565
121415,0.05438863884348031
121416,0.01690316825984245
121417,0.039185052180443776
121418,0.9822379092483475
121419,0.0003456692699130133
121420,0.00045222021035660836
121421,0.00018672550350578405
121422,0.015480367451274651
121423,0.001060664053776482
121424,0.09632224435819037
121425,0.006193914382436629
121426,0.0004149655280581239
121427,0.28555861986060427
121428,0.0021871389459706086
121429,0.06228803470482167
121430,0.002879497776357647
121431,0.0025991456635929026
121432,0.0036530514085783895
121433,0.05774015270398178
121434,0.00014892561709587015
121435,0.0007057613524173515
121436,0.6923195761832296
121437,0.005378908389681649
121438,0.00027855766365698865
121439,0.0004401663701281018
121440,0.00042448905116660276
121441,0.9935246614613723
121442,0.0016816796156882802
121443,0.0035553699112965036
121444,0.0010445148428055182
121445,0.008569684759036503
121446,0.00038735804493174363
121447,0.5417278226207269
121448,0.003633013690788962
121449,0.01202208583495904
121450,0.0011702420420642526
121451,0.0003979950549341591
121452,0.0009949097403661226
121453,0.0003042401828676032
121454,0.0003604218220309678
121455,0.00600034551730269
121456,0.0017429634350236982
121457,0.024062436947401292
121458,0.036823807302453854
121459,0.002900049564491541
121460,0.00410370171336887
121461,0.023357590721140326
121462,0.0022008412920959926
121463,0.0003568771761310621
121464,0.0002517996389374987
121465,0.0007746305605104259
121466,0.9906134084910048
121467,0.0004070842580516602
121468,0.9884077315060903
121469,0.003084321977149637
121470,0.9826169625204174
121471,0.0006973704423317141
121472,0.0003746252847009944
121473,0.9922890383540945
121474,0.0005001451702472258
121475,0.0012497446279530022
121476,0.007566251292199834
121477,0.9930427140811865
121478,0.0003891057095548082
121479,0.0002552615044492272
121480,0.0005928652071116056
121481,0.005493669265143346
121482,0.00803481624045333
121483,0.00081464828152712
121484,0.004426800572322353
121485,0.0002822118516240714
121486,0.0016657156473390538
121487,0.9719582505917194
121488,0.04359341084217665
121489,0.0003134643157681054
121490,0.9920048871222953
121491,0.000660413920382027
121492,0.000528685504937555
121493,0.0010285227981612674
121494,0.0002387405433762844
121495,0.002806923144272894
121496,0.0005942390615236883
121497,0.0008337658516324202
121498,0.0006455543216967946
121499,0.0003259316187753524
121500,0.33836494932373873
121501,0.0009824825516611259
121502,0.0005078571486563189
121503,0.0023966519161603456
121504,0.0003252504035715301
121505,0.01058785628807842
121506,0.002033700914131256
121507,0.002020490519983377
121508,0.00017404153099042846
121509,0.009623938920104868
121510,0.0004857285745630113
121511,0.00027982405298663827
121512,0.0013738999941859719
121513,0.00020725002678254943
121514,0.0003724023330264458
121515,0.03012453426766833
121516,0.0012067315578591304
121517,0.002967433037957115
121518,0.00017225497094212747
121519,0.015716499198259164
121520,0.0006499101130114066
121521,0.0004886421232419707
121522,0.0005635911178182554
121523,0.0003143773710875833
121524,0.0009766722634136091
121525,0.002898126263652775
121526,0.00045024281862839863
121527,0.00033823773308698046
121528,0.00040350813953118024
121529,0.011840130159226024
121530,0.0017629234774336863
121531,0.0012100943984829978
121532,0.977950888419454
121533,0.0026864865085229647
121534,0.9898485758525866
121535,0.026458720152670197
121536,0.9823566048109926
121537,0.023835863147192427
121538,0.0018589022123315078
121539,0.0008530651283546578
121540,0.00040487401152226757
121541,0.9837238694592205
121542,0.9905462626507446
121543,0.9885610089616921
121544,0.0037037070019927676
121545,0.002122703030447908
121546,0.0034397365388767775
121547,0.00733385825672484
121548,0.051359066685044995
121549,0.0004452078615036223
121550,0.0006043585938281637
121551,0.0019352951036412608
121552,0.007834043215881959
121553,0.001463400429236881
121554,0.9856504989905169
121555,0.0014326495933175162
121556,0.0017188982887989181
121557,0.050560505051557424
121558,0.000358202840964684
121559,0.00044699497992852535
121560,0.001498031407743797
121561,0.00015546991819408368
121562,0.0005970745711729846
121563,0.007815477248757856
121564,0.00025147750576911415
121565,0.0003592136344909609
121566,0.0007023131344892601
121567,0.005202055340647764
121568,0.9814139872441295
121569,0.0006969270186406029
121570,0.12165897232979865
121571,0.00023274740276926848
121572,9.86588857545318e-05
121573,0.0010341086237299667
121574,0.000729261078574063
121575,0.0018637764586081683
121576,0.010549438332826344
121577,0.00020522953880326434
121578,0.008087328934905245
121579,0.0006178767204768534
121580,0.000465432066184144
121581,0.0048462477464405575
121582,0.008523532510181384
121583,0.00029196228084089367
121584,0.00027726858609635087
121585,0.0003465247854012298
121586,0.0017377816083610819
121587,0.062105244731271415
121588,0.0002090561904660605
121589,0.000993242972492391
121590,0.0008494116491619804
121591,0.0015388753307314948
121592,0.03134816877802397
121593,0.0030630111336324463
121594,0.0001841959672817919
121595,0.003601367185893631
121596,0.003204351390858433
121597,0.9888546533559365
121598,0.000800236369912645
121599,0.00033593586534001925
121600,0.00020292858257770692
121601,0.0009659196601661652
121602,0.00643083697939371
121603,0.0046967217740840625
121604,0.0011603316505779868
121605,0.0016125515513949068
121606,0.0004540478175448654
121607,0.0032163503351201757
121608,0.0010426654797387846
121609,0.0019625103784951543
121610,0.0038998704922367858
121611,0.0009169749551260883
121612,0.01937412571122701
121613,0.9839893167850076
121614,0.00026269733285334465
121615,0.0008250953559108318
121616,0.0018746476630362133
121617,0.9883668223803239
121618,0.2140994000184159
121619,0.03848973718499175
121620,0.0004964520598285463
121621,0.002016920415245066
121622,0.010487987408258211
121623,0.0010293076621103235
121624,0.0007474669520844055
121625,0.00015013983839192788
121626,0.0005244700836517926
121627,0.9911477384769056
121628,0.000306061477171181
121629,0.0004550631064774074
121630,0.6370298907812793
121631,0.9729313889704053
121632,0.03241555782380116
121633,0.08686333311927523
121634,0.05188656776359865
121635,0.0017239711631419081
121636,0.001715844839180281
121637,0.9946412091776325
121638,0.0008726130425411595
121639,0.01593195743646619
121640,0.00035348360646726294
121641,0.00039135202863794486
121642,0.9869948173062851
121643,0.00019048386223263872
121644,0.0004085612089774958
121645,0.0007764670835574498
121646,0.00028936122728136877
121647,0.009706871165128889
121648,0.004254426127631328
121649,0.0003738599454520085
121650,0.00018649728052716168
121651,0.0005486058334891803
121652,0.0003560406279614837
121653,0.0001526233843094363
121654,0.00015283636196796455
121655,0.001011979234883582
121656,0.8299315892108947
121657,0.0032549614309541545
121658,0.0003045844497143155
121659,0.00045345640969078507
121660,0.019698996658130474
121661,0.10825950134093894
121662,0.00024292755960175614
121663,0.0007116069172315022
121664,0.0004409892253556991
121665,0.001067119075515883
121666,0.0004864094450057349
121667,0.0019412980487628257
121668,0.00030045046312633444
121669,0.0008168874089137791
121670,0.9930890499151489
121671,0.9850138529327344
121672,0.9830353502560871
121673,0.0004638651932184827
121674,0.0006673148202245499
121675,0.0006346748425301617
121676,0.0007907093530871928
121677,0.01969673490578301
121678,0.00026098887292099057
121679,0.0019683191759489117
121680,0.007666582789671315
121681,0.029937314732273627
121682,0.00032951066592743443
121683,0.09926223055269645
121684,0.0007237066308866961
121685,0.0018785370012516607
121686,0.00017762721279727893
121687,0.002373241527173053
121688,0.17186233056971198
121689,0.003021504341627886
121690,0.0005347575023663214
121691,0.00031276406916084853
121692,0.004851558161727439
121693,0.002525972136915393
121694,0.0004463313058047989
121695,0.0003347205137021349
121696,0.001227562034338117
121697,0.0007563837796798545
121698,0.0011044126716511034
121699,0.003057888284527814
121700,0.00048215651672189056
121701,0.0008702082758545527
121702,0.06002083840017853
121703,0.00032816354152116544
121704,0.018361018892684444
121705,0.0001871858923564465
121706,0.008828699065067482
121707,0.006083096617825512
121708,0.0011640512854572105
121709,0.007465159102510247
121710,0.010791990754414456
121711,0.0004225773394889291
121712,0.001559740785603952
121713,0.0007252442856816062
121714,0.00041346753258743866
121715,0.0002853646178989039
121716,0.0004188949173136359
121717,0.001045239595860842
121718,0.0003042521122271772
121719,0.9716627893247594
121720,0.003513291607403511
121721,0.007574313022004744
121722,0.0007503399655520588
121723,0.002848518838815705
121724,0.00019736573274142327
121725,0.0013645259393403723
121726,0.0002850852720031888
121727,0.004521386594411888
121728,0.0017356651257230725
121729,0.11291212361380829
121730,0.00012062982569692934
121731,0.45568885791723146
121732,0.023430067608521173
121733,0.9935603931275924
121734,0.000369872072979909
121735,0.000589137419586739
121736,0.13233164586000465
121737,0.0002891842284136206
121738,0.0025762304845958124
121739,0.00017607516383223858
121740,0.0004432213799828051
121741,0.0016764500104900278
121742,0.004000125683688123
121743,0.012123378277218542
121744,0.00017874431281732404
121745,0.00036473365240373987
121746,0.019997939370426803
121747,0.0033925549364153007
121748,0.0003979646517733137
121749,0.01569749426684209
121750,0.08974307377455479
121751,0.000703814090112749
121752,0.00094367436694183
121753,0.007543237347185488
121754,0.0006563182304846911
121755,0.0019205299472414177
121756,0.0015494975335023228
121757,0.0030136886390522122
121758,0.00030672882139183924
121759,0.0007761555772545686
121760,0.005533313816268537
121761,0.015489507690219851
121762,0.0018670054748966603
121763,0.00034623829071325264
121764,0.9926371134022726
121765,0.0006556477957932951
121766,0.001147319363046829
121767,0.004140783199724538
121768,0.9766779276947316
121769,0.01760431588169641
121770,0.001966269320866153
121771,0.005863883496146845
121772,0.9909661147893559
121773,0.0161558958467876
121774,0.0003162537144524446
121775,0.001220538209702172
121776,0.00018282744577817117
121777,0.0014408985324484843
121778,0.00040158374726592216
121779,0.00026351104239350317
121780,0.0017099963315716923
121781,0.0005004317232831767
121782,0.0007954842567038033
121783,0.001258687117240023
121784,0.0003684204209993283
121785,0.00018925854887199813
121786,0.0009029568586870809
121787,0.00020098219248087626
121788,0.0006444076388789508
121789,0.002500742528085203
121790,0.00019080085644560324
121791,0.003590546422609137
121792,0.0282343295252852
121793,0.00021083354143427885
121794,0.0002505668238245059
121795,0.0020965049619323566
121796,0.04415843753420327
121797,0.001677824123755159
121798,0.001181416432321692
121799,0.012892699830437018
121800,0.018821055976797608
121801,0.001541037855734459
121802,0.01096664814047228
121803,0.01841410374790792
121804,0.0017631842967074723
121805,0.0002076728038853632
121806,0.009816294018403882
121807,0.0005365601266220247
121808,0.0005379838980871496
121809,0.0014598020465959928
121810,0.0006946629218256016
121811,0.0009335269880136892
121812,0.0006452893925933611
121813,0.00037228718414773087
121814,0.0005618993925303871
121815,0.006215207556788799
121816,0.0010639664651893707
121817,0.0008004001766325669
121818,0.0071978088173763055
121819,0.0008339206189769113
121820,0.000772133282415324
121821,0.0007375546785791679
121822,0.0005449361529278133
121823,0.0005491486935202972
121824,0.0008412638385938803
121825,0.001306651568078524
121826,0.0004138444100847765
121827,0.0013010785200596123
121828,0.00039555573803762577
121829,0.0002541341843462392
121830,0.0026035238801314247
121831,0.000945910581112967
121832,0.0008447286016056713
121833,0.9934602544166632
121834,0.0010260373527399421
121835,0.33950817706265357
121836,0.10012276359768761
121837,0.0013662049776915967
121838,0.001549741044178404
121839,0.012310811463237554
121840,0.00020804551008729423
121841,0.0003621473087270842
121842,0.008391244186963047
121843,0.0006602601657020763
121844,0.006827583138804339
121845,0.0014696259842659988
121846,0.001031714092457405
121847,0.0012257082277607936
121848,0.0010717943843648557
121849,0.0012662774959413328
121850,0.00017846375549588673
121851,0.00022882879691344865
121852,0.002063879347663167
121853,0.027616273393916556
121854,0.00023118029745335185
121855,0.01035467567881933
121856,0.0002760790434948563
121857,0.002805666070029603
121858,0.99505208779078
121859,0.00029491374808099597
121860,0.004353430835383714
121861,0.0007567493924799483
121862,0.0002366061042632042
121863,0.0003463611601805824
121864,0.000614981158632267
121865,0.9940872808032635
121866,0.00011714627469069031
121867,0.008302652159478278
121868,0.0012425583002529008
121869,0.0003281021437877649
121870,0.0007206683542248626
121871,0.43007652995630874
121872,0.013821393153460832
121873,0.0007225897801931857
121874,0.0005555423692073186
121875,0.007640264793731291
121876,0.0002611672247061136
121877,0.00022779055537853476
121878,0.7876222259274589
121879,0.0017834851081093425
121880,0.00039553218717212717
121881,0.0003029808370469991
121882,0.0008706635733626469
121883,0.0011438157906030688
121884,0.0001843872169705157
121885,0.05684564061325075
121886,0.00022816753962794475
121887,0.011214746431015799
121888,0.000358078966308421
121889,0.0002723552081455076
121890,0.12986338028830963
121891,0.00026175086546540767
121892,0.0002289029794094932
121893,0.0014768017036568735
121894,0.0010394159155916586
121895,0.0003467033989247416
121896,0.00044176371784902867
121897,0.0003302841867086572
121898,0.00015746043988756293
121899,0.7791979689846412
121900,0.0002529864310626271
121901,0.9978879866411973
121902,0.0025404531223477654
121903,0.01340584345183372
121904,0.007197362416403197
121905,0.012559780370557662
121906,0.009664283850617366
121907,0.00022455644085868557
121908,0.0006809605035063156
121909,0.012783646836196814
121910,0.00023839794767476272
121911,0.0012955682571868965
121912,0.0002614772765604587
121913,0.0004374264622607747
121914,0.0014414398278378507
121915,0.0002760144422712516
121916,0.00040431637548243713
121917,0.00029074639025915055
121918,0.0038611302847196658
121919,0.0005501852007661159
121920,0.0006462737130626996
121921,0.03213432777942894
121922,0.00302998279610663
121923,0.00031609863236717784
121924,0.0007622112422177215
121925,0.001805499608986386
121926,0.0004982547079962185
121927,0.0004462645304425606
121928,0.0005963365827787248
121929,0.00013877500670729412
121930,0.0114583926196508
121931,0.0006631886548010172
121932,0.0015971635382113854
121933,0.9939157696675334
121934,0.0014878853251415708
121935,0.0005027709531257999
121936,0.0008822498248405902
121937,0.0007369023647626036
121938,0.0003172680329163638
121939,0.010848759092284166
121940,0.016613692394390533
121941,0.06147608906755088
121942,0.0008962837689530681
121943,0.0004195207478061027
121944,0.0002363989589741615
121945,0.0004048302594662003
121946,0.0016406596675292214
121947,0.0007040684249489483
121948,0.000119663177023586
121949,0.0024378634680829155
121950,0.0006261090404515088
121951,0.9163438199219036
121952,0.0009714183434027352
121953,0.9911381870597143
121954,0.0012140085031534468
121955,0.0006043117275304651
121956,0.00568544575880781
121957,0.0032635724019668168
121958,0.0015224098698585675
121959,0.00035327274516948814
121960,0.00043204022578725447
121961,0.0004712963210864708
121962,0.004214593821346438
121963,0.00556567955632968
121964,0.010216056085318627
121965,0.029221142664947467
121966,0.0028814101980514893
121967,0.000146731358823082
121968,0.00017567003110393966
121969,0.00038183038882538627
121970,0.00034547077420155384
121971,0.0011743007976102759
121972,0.012136722290256339
121973,0.0006685684661449843
121974,0.0071770132546378086
121975,0.002259655640894015
121976,0.9887321403654494
121977,0.0036527434816222976
121978,0.00019716613025400623
121979,0.003957129527455739
121980,0.000185542654323344
121981,0.0006396695801126566
121982,0.00042575809976342575
121983,0.9924859786032297
121984,0.021874128767532523
121985,0.0019669205470388912
121986,0.9802757801219024
121987,0.0006365757771801769
121988,0.00012791932057781597
121989,0.0002211974778639121
121990,0.9938398097262752
121991,0.02280078620480604
121992,0.0003633840601683321
121993,0.017964405534704235
121994,0.00026350478447542414
121995,0.0016088322859317183
121996,0.0007193166114694415
121997,0.00027017144840817174
121998,0.0033759912620388703
121999,0.002976054119028648
122000,0.08335304668396848
122001,0.001213501703917755
122002,0.06323324589609434
122003,0.0009297898113915209
122004,0.0006550905994539396
122005,0.04388374738742166
122006,0.0022258296519546837
122007,0.0005699812113922044
122008,0.00455368408115552
122009,0.026868335692308825
122010,0.008965930314218235
122011,0.0013015645189075333
122012,0.0003716026136130343
122013,0.9874538340995687
122014,0.0003413920868985166
122015,0.0028382768219246384
122016,0.0009336562984350458
122017,0.00022468664102556248
122018,0.002539196199793644
122019,0.0005661287558713074
122020,0.008944319077922907
122021,0.00028417981612762687
122022,0.0009461579516580362
122023,0.00033183496942281864
122024,0.008158572839133304
122025,0.00020438861176305692
122026,0.0003320779799580592
122027,0.012586068114944737
122028,0.0006034722287017762
122029,0.00016455655190173658
122030,0.00794992161103127
122031,0.0009746790585869886
122032,0.017459750850247122
122033,0.00014082233270549702
122034,0.0005211097764390052
122035,0.00016146218121268613
122036,0.0207176466043765
122037,0.2186165531761275
122038,0.019124477918600957
122039,0.002738428673903183
122040,0.0011481065532679632
122041,0.0026767943370649802
122042,0.0005951167626409961
122043,0.00016793030712200114
122044,0.0012640780806104307
122045,0.00024706510528569556
122046,0.0015232724554695722
122047,0.0008202497387969727
122048,0.0005270820237502055
122049,0.0010959677735084702
122050,0.002346429020292702
122051,0.0024725079451556734
122052,0.003061859276933988
122053,0.012752627274746842
122054,0.0010730044552784994
122055,0.9945153893107592
122056,0.0002455699179732831
122057,0.0006018771345840612
122058,0.0009365383227929489
122059,0.00025801423523567576
122060,0.00030465837632622324
122061,0.08889996753929348
122062,0.00028282241454324257
122063,0.0012063392476798949
122064,0.003249878920410962
122065,0.9842806991185978
122066,0.001207432404383308
122067,0.02629447405681643
122068,0.002078458427903514
122069,0.0010077182714970465
122070,0.00035493845037985446
122071,0.0003947415017449956
122072,0.00028638659223462556
122073,0.0003232804396340281
122074,0.00037485163168004946
122075,0.0039692626502667566
122076,0.9954462666864375
122077,0.0005118685045084266
122078,0.00042528982565015125
122079,0.00019163969717239288
122080,0.0005336129312598203
122081,0.00047143275878592914
122082,0.0039412517644323245
122083,0.0006689989925687982
122084,0.000450684213268997
122085,0.0026200022023745062
122086,0.00029464739906985175
122087,0.9912947285406987
122088,0.00020217785599222453
122089,0.00019570108980316973
122090,0.9946496213446764
122091,0.0015958784863229838
122092,0.020664227741806058
122093,0.03194498092825132
122094,0.0003281084793911437
122095,0.0003543002422287109
122096,0.002544840393585765
122097,0.000896991226785543
122098,0.00010965908443402255
122099,0.00020355028460648927
122100,0.0011909777084882674
122101,0.00017311494007036458
122102,0.04566107540742383
122103,0.11223341804648353
122104,0.00031375001707428384
122105,0.0012008375713283188
122106,0.0011476102397983744
122107,0.00010708721201673362
122108,0.0005889338312555004
122109,0.0013135671356723454
122110,0.009479944984532808
122111,0.00030321635242065926
122112,0.009499259039310629
122113,0.05744958296668254
122114,0.012692901747676835
122115,0.0005789145035947008
122116,0.0004192469978860227
122117,0.01565562668381161
122118,0.0007180955588610774
122119,0.00011303790871343926
122120,0.0003324715276809143
122121,0.0007753231432804831
122122,0.0010775660061703718
122123,0.00025059154905491827
122124,0.00439559420031854
122125,0.1155358563406074
122126,0.0010664550838454345
122127,0.00032632733688821877
122128,0.0049607851787613145
122129,0.00044165704577723154
122130,0.002067361221593038
122131,0.0003100842294702473
122132,0.03329356504217465
122133,0.0008799537046822695
122134,0.00033661092530551325
122135,0.0010608871216407718
122136,0.0010156547062036287
122137,0.0015384500998695703
122138,0.001971795768536761
122139,0.001194955431724158
122140,0.0004261620868940448
122141,0.00028373937829910415
122142,0.007205359969301441
122143,0.050758870116088595
122144,0.004232824614797917
122145,0.03194361586051754
122146,0.0003299085658618089
122147,0.0002709160689392238
122148,0.00015025769242963882
122149,0.02689138418561514
122150,0.11576871639572159
122151,0.0009219951291786752
122152,0.9054789541847166
122153,0.00038950527258412065
122154,0.00021512533745940066
122155,0.007918767755477433
122156,0.0007672295158861331
122157,0.00022195591979185073
122158,0.9590349207327907
122159,0.019841070629844075
122160,0.016002935959038404
122161,0.04915949027114915
122162,0.0004312301258853973
122163,0.0001517907006297307
122164,0.00022189909011994646
122165,0.0003335744413916792
122166,0.002243640295473955
122167,0.0011673520562304662
122168,0.003845388731241715
122169,0.016188462167080725
122170,0.00038166949149295843
122171,0.000899780757836505
122172,0.012487614177206383
122173,0.0024388946791909236
122174,0.0010365598583481825
122175,0.00024173738381859863
122176,0.008810014577231823
122177,0.021143235179404845
122178,0.00017599574925876508
122179,0.0018213052866775485
122180,0.00038993434453576806
122181,0.9916433041661433
122182,0.03303135528233493
122183,0.45466131597128345
122184,0.0011859334251065573
122185,0.00020348421757688864
122186,0.0003568555874063048
122187,0.0003410871106048431
122188,0.00026717578932016075
122189,0.00026639135550264055
122190,0.0038654188485883084
122191,0.0034082744244454816
122192,0.009586689040668384
122193,0.0006494369991916454
122194,0.0013182406118358565
122195,0.00038623615932025456
122196,0.00031555778972122304
122197,0.991767386637861
122198,0.014514044253840655
122199,0.0002716857614468915
122200,0.00048054377476570775
122201,0.9924514505092786
122202,0.0009661643191905694
122203,0.026030326118982115
122204,0.0008020419630637105
122205,0.006825719947178308
122206,0.0002677041564386993
122207,0.11445325019607687
122208,0.0009810473192001237
122209,0.0012016317252087863
122210,0.0005122952146964557
122211,0.044420119383304105
122212,0.008816569358095092
122213,0.0019722949932121582
122214,0.01051676617891607
122215,0.00039758292169341864
122216,0.0025209643479775857
122217,0.00047002715782284635
122218,0.003037919588352632
122219,0.001477555470433766
122220,0.00043259455414983134
122221,0.001885945825524749
122222,0.008880486501827713
122223,0.6811574607453822
122224,0.00041366030231380023
122225,0.0005275779948949338
122226,0.0503866195212561
122227,0.0021377245941103786
122228,0.0002696599406837726
122229,0.00121305926907466
122230,0.0002137552876400646
122231,0.0016842569465731509
122232,0.0017679410082387494
122233,0.003659602895183402
122234,0.000157983894872669
122235,0.00162717028220756
122236,0.015332224982352618
122237,0.009449148696428102
122238,0.9857350156846221
122239,0.4844717726191674
122240,0.9949577125363805
122241,0.7164168234620406
122242,0.0003715540367883095
122243,0.0002638083542536684
122244,0.0002973275501596362
122245,0.0013273628641584526
122246,0.003677580680471693
122247,0.0014338303878545465
122248,0.00720498038302281
122249,0.026982606553174786
122250,0.0003133594348062355
122251,0.07639608406261066
122252,0.0003378420728614722
122253,0.9862751846988596
122254,0.0006394905731761463
122255,0.00031107499694504897
122256,0.20331019358514069
122257,0.0015136294555414746
122258,0.0016368573770253203
122259,0.9898940811172432
122260,0.0002995304699830402
122261,0.21504027078005966
122262,0.0007275520016386333
122263,0.0003780928054702508
122264,0.025417893675218114
122265,0.62132094292108
122266,0.37122027522118434
122267,0.0003907447437241529
122268,0.0006394779746434257
122269,0.00036520081371428095
122270,0.0011431647371317188
122271,0.00028390957169516337
122272,0.004497487095233416
122273,0.0001125313635003831
122274,0.00037938053799424677
122275,0.06384361679329134
122276,0.005275802002544267
122277,0.0002523317324414376
122278,0.0003431898986986226
122279,0.0013024731792409753
122280,0.0016690618732735812
122281,0.0698271951741991
122282,0.0003325587488505687
122283,0.03780121618587007
122284,0.0015547874525863267
122285,0.00021385175475241016
122286,0.0013855685750232129
122287,0.9847870294608165
122288,0.0010952908095796824
122289,0.0006934760125100244
122290,0.03851814383545989
122291,0.009304917079629804
122292,0.002312282237606629
122293,0.0008187472011165143
122294,0.021831377576751437
122295,0.00029302503922292643
122296,0.000957464188509903
122297,0.0032257436621145755
122298,0.00011796349424277325
122299,0.005769195989127455
122300,0.04290171980962526
122301,0.001709314961714876
122302,0.00044688178224952724
122303,0.0007016596175843737
122304,0.00043826344763367415
122305,0.0008509865383127482
122306,0.9905840156062954
122307,0.0004407407434734144
122308,0.050522374527375444
122309,0.26458931253375606
122310,0.03381419822952909
122311,0.0013734130502389536
122312,0.0015290063974833356
122313,0.9905812427775794
122314,0.00037840633082819136
122315,0.0001756051835772346
122316,0.9909160141862107
122317,0.00548749648127845
122318,0.04884341572220955
122319,0.0012862876520827534
122320,0.0038623483719321208
122321,0.00037176903635137757
122322,0.00027189537366276005
122323,0.0005952173225454517
122324,0.869914007495115
122325,0.0003037874052754476
122326,0.00024030503291595266
122327,0.0006936917962487678
122328,0.06465631901519994
122329,0.001815453210604429
122330,0.002760174368527583
122331,0.0005429537000657108
122332,0.0018121074266586597
122333,0.00564075101826209
122334,0.0003989512736758678
122335,0.00034925384421427943
122336,0.0016980951939746729
122337,0.002188672919710813
122338,0.0027870495158928994
122339,0.033817619352254524
122340,0.009699419734945987
122341,0.001586108970246856
122342,0.0002432642884899516
122343,0.0011138911161887152
122344,0.017109660483667005
122345,0.00029498055851013226
122346,0.0013344472185572828
122347,0.00034093904367317
122348,0.0002741565142866518
122349,0.0013163264253195897
122350,0.002754485546458156
122351,0.00029617733168951386
122352,0.00018769010815859752
122353,0.0003363860050312399
122354,0.9917864812419425
122355,0.00025521871724096414
122356,0.0009594559861895037
122357,0.013540677283470522
122358,0.0029093440918878223
122359,0.0027060082498132024
122360,0.003591095570904892
122361,0.00034895662544621244
122362,0.0004565158741580314
122363,0.01731480495432804
122364,0.0010589502757641978
122365,0.0001705221054230469
122366,0.0006039573365515265
122367,0.0007554902805462153
122368,0.0003586349460325174
122369,0.030578338763057513
122370,0.0005102855974635274
122371,0.008221987239693758
122372,0.000131887180507845
122373,0.0003683352961440497
122374,0.02611836190871023
122375,0.00031571720535362714
122376,0.8705436832418647
122377,0.0016728822816903896
122378,0.002852993530493506
122379,0.0004188763859973102
122380,0.00014925099321023223
122381,0.00023183998100971678
122382,0.00029545631645039826
122383,0.009849387643883621
122384,0.005686954523587349
122385,0.0004252942254686066
122386,0.0014349867871005925
122387,0.001063249378833287
122388,0.0002716696877756321
122389,0.0001511414345244312
122390,0.0002483294586887811
122391,0.0009198947145644764
122392,0.9915389845834902
122393,0.0011624933528584767
122394,0.0020937338938600467
122395,0.006763405551825419
122396,0.0011256498809682324
122397,0.0008030949151640482
122398,0.017365126413120345
122399,0.004437466184957061
122400,0.003672858389816202
122401,0.9809018625009521
122402,0.0002760205779807208
122403,0.002086702073313276
122404,0.0006363350795783289
122405,0.00038652871946942346
122406,0.0001991791084236109
122407,0.0008909191242090087
122408,0.0006970457657195505
122409,0.0002046085419280403
122410,0.0003391657840865849
122411,0.0003297824197877073
122412,0.0006239654730816667
122413,0.0014737737181039813
122414,0.5755681547655364
122415,0.00031519520053331846
122416,0.5072061907330707
122417,0.9926006722983665
122418,0.005946885120495991
122419,0.0247697969030588
122420,0.000270527412766254
122421,0.001852670045307805
122422,0.002217293460537115
122423,0.0003311749192637722
122424,0.9894597782421063
122425,0.00017838540591620872
122426,0.0006182967480402048
122427,0.0007402376779338066
122428,0.0004410554240777863
122429,0.0002972987570178009
122430,0.00025367049934341037
122431,0.0004710474214555757
122432,0.0011483972323062326
122433,0.0006710554725040607
122434,0.0010228789485996039
122435,0.0006675675529881633
122436,0.000544868726658323
122437,0.004178473706161374
122438,0.0005584903272171644
122439,0.9936594762365514
122440,0.007006181679510139
122441,0.00027760684264547625
122442,0.0001616795892822886
122443,0.9806861771175898
122444,0.9878078892103785
122445,0.0007010353012780756
122446,0.0004474578782430567
122447,0.00016783646324851245
122448,0.0002048501719659729
122449,0.0002719057210700303
122450,0.0002444011683419159
122451,0.03076924671304477
122452,0.0023942521571818872
122453,0.000474903359524318
122454,0.00013146106317837609
122455,0.01746066778037985
122456,0.00037597207177124197
122457,0.0011284075339062594
122458,0.000591746451378751
122459,0.003154269177131048
122460,0.9447750696561888
122461,0.005227656082757948
122462,0.0002478426860154023
122463,0.011352829046077272
122464,0.0002782248316348813
122465,0.989617075417752
122466,0.0006494118730615611
122467,0.002790780032545851
122468,0.0004767147457728858
122469,0.00032391014218637477
122470,0.0015516107096468026
122471,0.0023759494393938204
122472,0.00018832324452215242
122473,0.00029553206192264007
122474,0.9950713984160087
122475,0.0025899612635565754
122476,0.002151327580087489
122477,0.0005094956511545002
122478,0.000375615975221243
122479,0.9849521635219366
122480,0.11457432723377498
122481,0.0006017698760547599
122482,0.0005687014748467657
122483,0.0014761398594485987
122484,0.001056461251445854
122485,0.000375379969952201
122486,0.00023596045999597215
122487,0.01876681939619853
122488,0.0006250131999880939
122489,0.0004648816045390805
122490,0.0008455691290177919
122491,0.0009793407884480735
122492,0.0026523294380134278
122493,0.0015103185314324604
122494,0.0009076568907916766
122495,0.0007011984936039715
122496,0.0011351566205654287
122497,0.0008915552840256104
122498,0.005208638118767629
122499,0.0025072529020887958
122500,0.005393771019982953
122501,0.019794941953498273
122502,0.01324906615169233
122503,0.00974636321500621
122504,0.006570492297576172
122505,0.0006069121316245019
122506,0.015112537197541815
122507,0.0003416286564812321
122508,0.48433028808393214
122509,0.0016755453287716183
122510,0.00024326182359418188
122511,0.00048726432741380316
122512,0.0003329763350229421
122513,0.0013403317924696803
122514,0.0012498448243882035
122515,0.9917910156704381
122516,0.00016669745281826367
122517,0.00014945139957649813
122518,0.0036312073036242837
122519,0.0001291017448998265
122520,0.00035663144432676445
122521,0.00020317095707317225
122522,0.011951348984129143
122523,0.0037105880418179947
122524,0.006332906052014579
122525,0.0005645711346906052
122526,0.00026500807989964306
122527,0.057834141524591
122528,0.0007201841145815071
122529,0.00032154581729467856
122530,0.000961227181985469
122531,0.0010373093912507396
122532,0.0005531767089165935
122533,0.000539795070339512
122534,0.023720401407098208
122535,0.0064275315322245416
122536,0.0017035471954936889
122537,0.04802278206334582
122538,0.000530378736754568
122539,0.001953720931194107
122540,0.09239995787621418
122541,0.002508829584542502
122542,0.00025363943364701234
122543,0.0015759022094315124
122544,0.0003816406843608318
122545,0.00625715801051293
122546,0.0026157553535721516
122547,0.0043266071596920735
122548,0.0003994863679123887
122549,0.0005422222894046408
122550,0.9926369084461482
122551,0.0007369992772483124
122552,0.3281205483292997
122553,0.04514884878596166
122554,0.00039804275321550975
122555,0.0008050876826447996
122556,0.002430374235074528
122557,0.0010550607420602754
122558,0.0004585929037549048
122559,0.0008387784412698957
122560,0.010040991043852348
122561,0.0007953830818002757
122562,0.000761265109804152
122563,0.0028919009193791273
122564,0.005304243882706528
122565,0.007944377782205752
122566,0.007405485346390745
122567,0.0004714681413598975
122568,0.003516566318103629
122569,0.0005587837411821279
122570,0.00686434040846236
122571,0.0002172204105725143
122572,0.00026478494353897563
122573,0.0007324458250500978
122574,0.00021957708049636585
122575,0.35650515672370037
122576,0.00017117493118591292
122577,0.00043539559134043467
122578,0.0001783625867247319
122579,0.0007813176357424913
122580,0.00032491421084370365
122581,0.0013326391813041401
122582,0.000800804632251953
122583,0.014285056412177418
122584,0.0005403674407715266
122585,0.007369075027420974
122586,0.9903957840421437
122587,0.0002741378710944151
122588,0.002441765760739098
122589,0.00020419293415815446
122590,0.00030411750064415863
122591,0.05888669369295167
122592,0.010800267785179684
122593,0.0001569976109454126
122594,0.15690364556981107
122595,0.0010541475538649319
122596,0.9902937841069104
122597,0.0007264899382544138
122598,0.0006326713585504555
122599,0.009983749598097372
122600,0.00028644271613834977
122601,0.00015626670596320807
122602,0.8372960941503064
122603,0.0013662425583430711
122604,0.0013544384377001191
122605,0.003556619342652879
122606,0.007836285986638842
122607,0.001162787336721695
122608,0.00025993495896117503
122609,0.018347809396164226
122610,0.001298641412449206
122611,0.00046498242838324404
122612,0.0006829209500794278
122613,0.00021502588790129734
122614,0.000767627512856871
122615,0.02887142844355346
122616,0.00706222645795143
122617,0.004008580690682766
122618,0.00021473589092482173
122619,0.0008288650593434408
122620,0.0012219051833972491
122621,0.00040320813203309003
122622,0.00024807612089802126
122623,0.00021219492689182013
122624,0.0018958326662341781
122625,0.008588626061710418
122626,0.014451789977572911
122627,0.0008965587841686603
122628,0.00044749657220308805
122629,0.002614431496915262
122630,0.0006895701844556295
122631,0.00038503887158663575
122632,0.015069984096303722
122633,0.0005472384285243138
122634,0.9791472810469287
122635,0.0012975665085968309
122636,0.00024016474508997557
122637,0.03236382296985979
122638,0.0003567567858932954
122639,0.006000728482164259
122640,0.0003059551000698874
122641,0.0042174822417142595
122642,0.0007174368626127536
122643,0.0007672218253299173
122644,0.00029642761490044137
122645,0.0009677016204613497
122646,0.000158454200716177
122647,0.012144248611700142
122648,0.0006271485648546184
122649,0.0005109596079733793
122650,0.042582593877436875
122651,0.0016514306571790368
122652,0.0009523500311690565
122653,0.011004814266774925
122654,0.0003045646050441262
122655,0.0002380306020258795
122656,0.0003615120707249444
122657,0.9877531488869202
122658,0.06374379766378174
122659,0.0006700950448023203
122660,0.001581675318826841
122661,0.00020439202472202306
122662,0.003954818024438136
122663,0.002306670147163484
122664,0.0003910437838935082
122665,0.000752381126933705
122666,0.000902964572894726
122667,0.004027102667183717
122668,0.0005165098649837578
122669,0.00021237021471439107
122670,0.0003428087062654938
122671,0.0012489864212679648
122672,0.0019351117227633147
122673,0.01800931845775091
122674,0.0024023652382150606
122675,0.00040032845312386523
122676,0.0743249989564003
122677,0.00021821390027203987
122678,0.006935311746096395
122679,0.00015662097939400386
122680,0.013199842189385847
122681,0.010638510610229733
122682,0.000385438361816368
122683,0.0012526191358963339
122684,0.21124959680729902
122685,0.002333250154243843
122686,0.00038826988399743803
122687,0.00010809097402472165
122688,0.0003578309535342621
122689,0.004159708787558372
122690,0.004290365881757843
122691,0.00046461651073929466
122692,0.008850320162629063
122693,0.0005943554026348917
122694,0.009287450734011207
122695,0.006295778798868071
122696,0.006676758270820682
122697,0.0005352886929982882
122698,0.0001953540389527414
122699,0.00030526972244423523
122700,0.002995328538592863
122701,0.0007581388974573196
122702,0.001522528613014669
122703,0.00037305537779605845
122704,0.0007188224811993999
122705,0.00036674428796237683
122706,0.03796074122488097
122707,0.0006483096004957822
122708,0.0004399736647115915
122709,0.0007561909757860755
122710,0.0010680675774040879
122711,0.0009605490378540017
122712,0.0003218822598861965
122713,0.006727776840175164
122714,0.00021466357377846964
122715,0.0009145026296358787
122716,0.001842736651646118
122717,0.00027080724321571333
122718,0.0003825006390428776
122719,0.000716068719647017
122720,0.0560583315886576
122721,0.0003244194739318825
122722,0.0004980128282663356
122723,0.0009223746387881828
122724,0.0016702105327866252
122725,0.0003118339356910133
122726,0.0004465716768373091
122727,0.0023565444198251563
122728,0.8482138517108841
122729,0.2715926404613357
122730,0.003089075787341627
122731,0.014066926437002249
122732,0.0017086048330657267
122733,0.0038178574825320395
122734,0.00026443889761901604
122735,0.0035310635300747515
122736,0.0014591197912662173
122737,0.00032944471499688735
122738,0.0003800229946531127
122739,0.002617676670582476
122740,0.0002789069610981922
122741,0.0009776253458130342
122742,0.0006005166690549534
122743,0.00266744125068342
122744,0.0035765103845290607
122745,0.0001866023513958046
122746,0.00029081022358659007
122747,0.9902133177584191
122748,0.0007471308748491523
122749,0.007918097876953743
122750,0.0003443354766237306
122751,0.0004580792279194924
122752,0.0016719707425083376
122753,0.0008316487579205276
122754,0.0004858446313569365
122755,0.0018844386403260981
122756,0.03221636378179891
122757,0.0004812403125200764
122758,0.00244412658384786
122759,0.00805923702134772
122760,0.0005948478771407718
122761,0.00026926599270144007
122762,0.014778690026880403
122763,0.012972371375843037
122764,0.030506618718112735
122765,0.0003168652743027162
122766,0.00018955717028172506
122767,0.004313468208015191
122768,0.0005843301196575703
122769,0.0029838203504117026
122770,0.0003917703626351294
122771,0.0003131832908585169
122772,0.000393661585193142
122773,0.0002842078191480466
122774,0.9902896343558919
122775,0.145354631896186
122776,0.0003739452558378883
122777,0.004630590639197195
122778,0.33125193684612375
122779,0.0005107738975553918
122780,0.0009500228630234441
122781,0.00031416457168788466
122782,0.00037504673343364897
122783,0.9864189097332118
122784,0.000712271054170646
122785,0.00044812957032035845
122786,0.002405481243711031
122787,0.00024402324733178415
122788,0.00033252984168777143
122789,0.0016208039541056206
122790,0.00045358737295365015
122791,0.9939571476458846
122792,0.0009037931141929712
122793,0.001641909436686528
122794,0.009237992597222805
122795,0.0018214571516086948
122796,0.0006496474876823346
122797,0.001414287416654487
122798,0.0017012061116213344
122799,0.04042006253509548
122800,0.007344208363134161
122801,0.00026779960254400616
122802,0.00034327238429614264
122803,0.08270414928464705
122804,0.0004750078810147007
122805,0.0006534134081617282
122806,0.013924859900819746
122807,0.009290921923575328
122808,0.000767485549945383
122809,0.0005714986303991173
122810,0.00035234709610611
122811,0.0039453042259308445
122812,0.0056488363889124595
122813,0.00023465028690191253
122814,0.2588008033343048
122815,0.005392884208149977
122816,0.7324032068286995
122817,0.991227408826035
122818,0.0014126486960143931
122819,0.0002977031630921677
122820,0.0014182417786688004
122821,0.0019223000744168347
122822,0.0008308187888804769
122823,0.00032933058246968286
122824,0.004502017878593
122825,0.000571781219161033
122826,0.0001688119183125541
122827,0.0005113402125694193
122828,0.012287182056932244
122829,0.003958833593695274
122830,0.000383127933536277
122831,0.006157588374172332
122832,0.0004358844443809197
122833,0.0006042047368846195
122834,0.06574787374254674
122835,0.0003901019595871627
122836,0.9938783026357337
122837,0.001415327231298252
122838,0.0012011786496220077
122839,0.256984369506949
122840,0.3975580056087621
122841,0.00020099302542958696
122842,0.0014244769535421734
122843,0.000663324235831889
122844,0.3713479115875454
122845,0.00047517798609891
122846,0.0010588864421251774
122847,0.000988953493461426
122848,0.00585290995001949
122849,0.00022042375654766767
122850,0.001092421972271636
122851,0.0006640130871379195
122852,0.0014826231048818085
122853,0.0003371717337589425
122854,0.0016505305138208135
122855,0.0023126188950054007
122856,0.004395204645058673
122857,0.0005499414958277128
122858,0.0017820064471122622
122859,0.00020483166704333847
122860,0.0038307688638552664
122861,0.020091113797524273
122862,0.008600197409540239
122863,0.07054787308461831
122864,0.0011957697791020426
122865,0.0006778142593374716
122866,0.014685091173018689
122867,0.0034864066897113857
122868,0.0002589437390669161
122869,0.0027663993042533765
122870,0.0006699966711139943
122871,0.00237769224897788
122872,0.0002498935036339746
122873,0.0004921678328911654
122874,0.0003685217568095103
122875,0.0005124464781393445
122876,0.008848855658432818
122877,0.00020245425004951912
122878,0.0010310540040539293
122879,0.00024671089003702013
122880,0.0007746258713691162
122881,0.0005084659306720574
122882,0.0014546932583311442
122883,0.0005011230249878852
122884,0.0300357088805803
122885,0.00021965261769021712
122886,0.00017647003400534368
122887,0.00018789606833322805
122888,0.0003993697582131229
122889,0.8541899938887462
122890,0.00027429390263357004
122891,0.014804979791078374
122892,0.00142378047075473
122893,0.0006144080453340549
122894,0.00034579825469223407
122895,0.0002938892063704744
122896,0.9917106431662438
122897,0.0075452485987392605
122898,0.0003019414153295285
122899,0.00196116429521647
122900,0.02767642146143245
122901,0.0003112573807861539
122902,0.0004638673743361639
122903,0.00014101042248938729
122904,0.009341913849784672
122905,0.00019963490091883744
122906,0.0010117777583166611
122907,0.0003550032082116819
122908,0.0007277428808585309
122909,0.0006836146796132956
122910,0.004925170898638845
122911,0.6299000077574426
122912,0.0006907976101199159
122913,0.002218834959917282
122914,0.00038795090452179457
122915,0.000192235587397496
122916,0.0004102224901247095
122917,0.0007982928095947188
122918,0.5670079637360768
122919,0.9956224831395215
122920,0.0011772883506817968
122921,0.030938031636398685
122922,0.02138355671047654
122923,0.0006332137674694043
122924,0.00023076163395862044
122925,0.0028949039228406133
122926,0.0499165787564132
122927,0.00014713469443723248
122928,0.032446097874801634
122929,0.0003244366329619347
122930,0.9883351865819867
122931,0.9835301557194598
122932,0.001176745842293925
122933,0.0010612511923927682
122934,0.0004575983001327512
122935,0.23935404035846805
122936,0.0051577050487066406
122937,0.0004171571116666862
122938,0.016864370910173194
122939,0.3426766545427822
122940,0.02385933315982603
122941,0.9653031184991792
122942,0.0039018981404320167
122943,0.0003578786953157741
122944,0.0014343518648625838
122945,0.002449344629563779
122946,0.985607503247693
122947,0.0005145454270999226
122948,0.001069903135700488
122949,0.0013886603386555722
122950,0.007004723922300571
122951,0.0006457431645298229
122952,0.0004710778578811625
122953,0.010092219211414693
122954,0.9908079936239248
122955,0.0012717492692261997
122956,0.9861317061988895
122957,0.000431109018703164
122958,0.008338305311858309
122959,0.009908127660038632
122960,0.0003141902802942304
122961,0.0013212358083189459
122962,0.00044325866332524004
122963,0.00030427778719841836
122964,0.0023159819133645185
122965,0.0003112379050777829
122966,0.006218205658053223
122967,0.0005127953851567312
122968,0.0019070977541667832
122969,0.030563908939540193
122970,0.00025479964188600653
122971,0.00030284871429523145
122972,0.9062113995332722
122973,0.001267275130548412
122974,0.00326276009156702
122975,0.0003823992053374285
122976,0.001592935408849395
122977,0.00018050780086408384
122978,0.000206838784559702
122979,0.014947715278847818
122980,0.0007465624542133476
122981,0.0009513937572989537
122982,0.009417512871614608
122983,0.0004178069665616341
122984,0.0010505820737625737
122985,0.00043633437046922737
122986,0.0023024051487663113
122987,0.00020826741459178678
122988,0.011035161650548424
122989,0.9719246600183367
122990,0.000491080208371401
122991,0.2469070591437146
122992,0.0008555817162875064
122993,0.04554877486962272
122994,0.0001414699204360495
122995,0.0002036979690417822
122996,0.9932906783302362
122997,0.008518928073876867
122998,0.01720036986427728
122999,0.003604176720162334
123000,0.0004956219725845781
123001,0.00034614213657430576
123002,0.0008301604697903836
123003,0.00023727032384369726
123004,0.00033758440580598434
123005,0.0002181017340995719
123006,0.0007851585521290396
123007,0.0019295128062231544
123008,0.0018469267266726771
123009,0.01654426970130077
123010,0.0019033881002823473
123011,0.0008126463740228397
123012,0.0015171916686893012
123013,0.00018270031109117007
123014,0.0003296297772765799
123015,0.0003644129611582213
123016,0.00036306554980722577
123017,0.0003174586772444734
123018,0.0014380512613422834
123019,0.00012411170659554623
123020,0.0008553882135546497
123021,0.00021184910073194347
123022,0.0023369849067437555
123023,0.0002149137739070656
123024,0.00035424775296033603
123025,0.0003421677151433202
123026,0.11606282078356073
123027,0.9949283250873069
123028,0.0017347645976516586
123029,0.0013473638223559718
123030,0.9895009693134773
123031,0.002356942797424866
123032,0.05432122569432782
123033,0.001149197760670866
123034,0.004721696402907394
123035,0.00024393485543139096
123036,0.04381543910024492
123037,0.00047025963441517154
123038,0.00010725992118488878
123039,0.0023037331872201635
123040,0.0027577686838733176
123041,0.9800122445622035
123042,0.0038224779482288317
123043,0.002454439967834086
123044,0.011183932676089374
123045,0.0017614023456623583
123046,0.0003681275881440505
123047,0.0005973028830793514
123048,0.0015349373867469525
123049,0.00024486774250912364
123050,0.004922835161922579
123051,0.0010014500036392082
123052,0.007330744974532944
123053,0.00018381066942971125
123054,0.03570254547041836
123055,0.0021704742072052668
123056,0.0010598054395041384
123057,0.9837612341878061
123058,0.0014251923081141289
123059,0.0004273603850602915
123060,0.00017294970167650492
123061,0.8067633735262904
123062,0.9856323253895818
123063,0.00022946131311822623
123064,0.00021319013730719874
123065,0.0004208286065160651
123066,0.00026113470630787395
123067,0.0004565554301495558
123068,0.02100216956979364
123069,0.9930972543224355
123070,0.00025744760026601414
123071,0.0003970546831351473
123072,0.0002479162787986046
123073,0.0007368853349274669
123074,0.01819406879355241
123075,0.0003464703528235793
123076,0.001096279242693126
123077,0.008282300728992201
123078,0.0016444182192821009
123079,0.0009998146468857341
123080,0.002276298579619579
123081,0.0037403015647288324
123082,0.0002711650726338789
123083,0.00020557251792479534
123084,0.2252099418660517
123085,0.0020925845529246763
123086,0.00033778288778701086
123087,0.08532661189982356
123088,0.002407614519171865
123089,0.0010253204539654893
123090,0.00026137267935049015
123091,0.0008957918807560081
123092,0.9941751458560394
123093,0.0004697492832794717
123094,0.006069863414107788
123095,0.0008235204982579043
123096,0.01672110417558153
123097,0.047888966458819904
123098,0.032828507908172155
123099,0.0006510908839571846
123100,0.0016642452337530607
123101,0.0002490639928597309
123102,0.00029053190549854964
123103,0.9925111093553464
123104,0.00017703226615271703
123105,0.0002043496747809224
123106,0.04595133459245943
123107,0.0003458465804800343
123108,0.0016361785903081798
123109,0.0012761215852639175
123110,0.0007464883474491049
123111,0.00033426154834812735
123112,0.0007696860607083929
123113,0.0020273372512992246
123114,0.000819068858381112
123115,0.9878208941440968
123116,0.88213496923267
123117,0.9954640850981713
123118,0.00026119400999682847
123119,0.00022267372503268442
123120,0.0023132666400349326
123121,0.001274357796502897
123122,0.00010823622299564522
123123,0.0004350777946502682
123124,0.0002641985484093548
123125,0.2141412136661301
123126,0.00023028913470014807
123127,0.0005458107482183374
123128,0.0002424700679129149
123129,0.04922643586871371
123130,0.00031801056732433413
123131,0.0013812098425437498
123132,0.0002460474775384634
123133,0.0003642204214797789
123134,0.00036951835360934666
123135,0.001202661728008263
123136,0.012629351877799889
123137,0.00021707812171112224
123138,0.0002576981174821338
123139,0.005044550758859216
123140,0.0007253075142039585
123141,0.04302528089175824
123142,0.004561163854213129
123143,0.000574750751317602
123144,0.0005636650207430676
123145,0.00047131353318526347
123146,0.0036416158013676233
123147,0.00045476725396174423
123148,0.006222811741315546
123149,0.0003456725674969645
123150,0.0012708486336756167
123151,0.00020128013936430904
123152,0.00018573674566425437
123153,0.0024290712295682287
123154,0.28452556339224916
123155,0.1107260915918423
123156,0.009106685866886581
123157,0.0002529031255051375
123158,0.0008886647721522594
123159,0.00044536023125160115
123160,0.00035112427188118783
123161,0.000517983756658169
123162,0.0014420977160301818
123163,0.002672677094804736
123164,0.702294095936538
123165,0.0003975553617608885
123166,0.9940045334895635
123167,0.9876980207787154
123168,0.008896573878056927
123169,0.9935286314417441
123170,0.0019482678404096857
123171,0.9867762567403685
123172,0.0003985015071396179
123173,0.012687239371470555
123174,0.00018649909490319887
123175,0.028396743664681173
123176,0.00030758340921462817
123177,0.0005191714968514309
123178,0.004885276909698517
123179,0.00041970860306604494
123180,0.0006216442856934113
123181,0.002770200690489022
123182,0.005180307393315088
123183,0.0007705959708062883
123184,0.144306575581807
123185,0.0003398033073036711
123186,0.00038107528952184436
123187,0.017221449622911517
123188,0.0008637781945603793
123189,0.0014782169531554513
123190,0.0002560401496957316
123191,0.001412836289468649
123192,0.03361572090966586
123193,0.014121812989155007
123194,0.0001676103790629145
123195,0.0013580272797450135
123196,0.0014819563530067545
123197,0.0005362831111430504
123198,0.2680401166073438
123199,0.3586933423367524
123200,0.015371677005211599
123201,0.9925560932690618
123202,0.0017089180579654129
123203,0.9908950554287789
123204,0.0022572794359595662
123205,0.0007154910387689822
123206,0.9934998708501589
123207,0.9956404529832784
123208,0.00039059438235641836
123209,0.0006385507169520492
123210,0.009097391623616601
123211,0.002976296340455339
123212,0.004755430509041949
123213,0.0003833915182306609
123214,0.00017896612917334562
123215,0.0005134399277956418
123216,0.04321342312092662
123217,0.00250254208741886
123218,0.000337760150591518
123219,0.0010167153752578576
123220,0.9742599202632324
123221,0.0035149380077199514
123222,0.003228991287675907
123223,0.8037365592092625
123224,0.0006994893069052505
123225,0.9960226219477817
123226,0.0002949376301371529
123227,0.00415558896845763
123228,0.0007227800438341442
123229,0.010965460546541256
123230,0.0003089550710022524
123231,0.0017284957139756924
123232,0.0028510031764024837
123233,0.002815381575006927
123234,0.0007495702000573547
123235,0.00022259821143017638
123236,0.000375870141033267
123237,0.00047722999421833756
123238,0.0015458569514323547
123239,0.0005806349681976066
123240,0.0004999343148982973
123241,0.0008401568414993882
123242,0.03591297207073025
123243,0.06269452836125422
123244,0.07766378109842562
123245,0.0008213371955519974
123246,0.001509721347368897
123247,0.0004322676408580753
123248,0.00043542057914784644
123249,0.0005459297128150121
123250,0.00029637593478178646
123251,0.00500416035240242
123252,0.332539379639449
123253,0.9884018903511772
123254,0.0009072940994464505
123255,0.00186241729979701
123256,0.0004468543189078249
123257,0.00036089497457509977
123258,0.00044056599433759124
123259,0.08350044192675649
123260,0.8783765921063692
123261,0.00034985149261114554
123262,0.00045849093907385745
123263,0.0004824578252172438
123264,0.008747453617026342
123265,0.0008887224285686348
123266,0.0011548409354395263
123267,0.007363896191977374
123268,0.7710580088961846
123269,0.00042874301348628125
123270,0.0010611589619897238
123271,0.0007571131265602167
123272,0.0018900292652988657
123273,0.0005723224878331356
123274,0.0001803776628672487
123275,0.004088110064107047
123276,0.9897132355869661
123277,0.0008555507649927005
123278,0.0002033680313474787
123279,0.03287317574498458
123280,0.0001821762937156446
123281,0.007237089576868779
123282,0.11376005263476054
123283,0.00039739061718349134
123284,0.0021636428092305267
123285,0.9829390813480666
123286,0.00028583880324974814
123287,0.0002553124871565361
123288,0.0015390273703497876
123289,0.1499459747665739
123290,0.030351021591903928
123291,0.002086232789710415
123292,0.012292102628929515
123293,0.0010617242645406689
123294,0.0038978891290165425
123295,0.0007799613269257282
123296,0.00014548926648523262
123297,0.0018949768834442074
123298,0.18582034046173843
123299,0.0011464218019890038
123300,0.001422619624661216
123301,0.01861098939373358
123302,0.00043229902535834116
123303,0.0007599272570425462
123304,0.001696739114782201
123305,0.9858105146347871
123306,0.005947450626646911
123307,0.000975835379271877
123308,0.0012154044162471249
123309,0.0007097550471488641
123310,0.003754636538655396
123311,0.00045978715880140515
123312,0.00028587796578598306
123313,0.00017662687343251301
123314,0.0005773062263420665
123315,0.0015847975820289352
123316,0.006139100160475846
123317,0.00873194103358442
123318,0.00023159886873832595
123319,0.74210409187712
123320,0.0009318318395176572
123321,0.0016320894158551246
123322,0.0070468896467063575
123323,0.0018671981304938844
123324,0.0024027841571664416
123325,0.0008536382983869161
123326,0.008236084459149622
123327,0.00033102997133318494
123328,0.9961115493220402
123329,0.0005377590304240775
123330,0.0003730446371819726
123331,0.04095513375459888
123332,0.025617075902396088
123333,0.0002451372625249844
123334,0.0018922700920734473
123335,0.0013311454506166468
123336,0.02070538104026133
123337,0.0011230013087265458
123338,0.0006196586448024203
123339,0.00033757214876205905
123340,0.0012883601934444088
123341,0.984590613507104
123342,0.000263532002821186
123343,0.9855555356732848
123344,0.006075621578833458
123345,0.0018302716657014194
123346,0.015019606363709569
123347,0.058760272065580516
123348,0.0001334118698857808
123349,0.00032048345149230317
123350,0.007214839238946926
123351,0.000787379525249711
123352,0.9961010135679643
123353,0.00016273663887590758
123354,0.00037099534563062725
123355,0.0006042382348015934
123356,0.00028763842247405265
123357,0.022442638449186973
123358,0.02295525156907047
123359,0.0013899607549272594
123360,0.8663252666809137
123361,0.31952710814492885
123362,0.0056456264039135
123363,0.007554308616460349
123364,0.00044491030397613937
123365,0.0009719142137161181
123366,0.001909681294033954
123367,0.9868330327716702
123368,0.0007129569060723078
123369,0.0004907599381455238
123370,0.9850841005371371
123371,0.9497120315307097
123372,0.0002494678975426302
123373,0.0008447360749847304
123374,0.12658825630980636
123375,0.00014773143112271463
123376,0.005947311973185469
123377,0.0008192573888800748
123378,0.00026577761114776214
123379,0.004983317617444349
123380,0.9537999975541765
123381,0.00063021689826739
123382,0.9547351372971726
123383,0.0010261135679770234
123384,0.0003910378811311139
123385,0.004510909497451595
123386,0.003455894318471976
123387,0.0002753867104477329
123388,0.0011685152791420144
123389,0.0007569907700206806
123390,0.9921271781194861
123391,0.00023223231221498563
123392,0.0009289999713012288
123393,0.0007143913328947199
123394,0.0006030750447768283
123395,0.0003234910961451148
123396,0.001342191285826843
123397,0.00019953526371342334
123398,0.9872737457576055
123399,0.0010141119813803228
123400,0.00045011124367420294
123401,0.000203851189253162
123402,0.00333388809650029
123403,0.0021018932930848516
123404,0.000298006862817327
123405,0.00033443324236686565
123406,0.0011578654240959568
123407,0.0011194976368636075
123408,0.003974439775047328
123409,0.10235283547834954
123410,0.00037145538162137163
123411,0.0007273199155163314
123412,0.0017364081217421427
123413,0.0001620741660476284
123414,7.817933707125745e-05
123415,0.0015604032857751571
123416,0.010543980139145271
123417,0.0017657451139770403
123418,0.004112553391045666
123419,0.0006679296847651303
123420,0.0003639755614917312
123421,0.0007194550503762933
123422,0.006027497457922044
123423,0.0009056232219246929
123424,0.0008713767380701722
123425,0.0005351073495347905
123426,0.07298108193443925
123427,0.00022686923114713506
123428,0.02777893164863524
123429,0.003736428091117774
123430,0.000565647307079165
123431,0.00031172075165444125
123432,0.007105987007729002
123433,0.001040796941438805
123434,0.00039968994273163256
123435,0.0005644601428042078
123436,0.0012115276686198828
123437,0.000995344410106784
123438,0.0016004135628227294
123439,0.002837150179673452
123440,0.9884363487664727
123441,0.004180381528365347
123442,0.9935710666732409
123443,0.0002935269085735397
123444,0.00031277277654412843
123445,0.00014228810967244784
123446,0.00047722465312909236
123447,0.0007790926907802089
123448,0.0027337822717069405
123449,0.006893863548070502
123450,0.9133319179320991
123451,0.0003080688220310152
123452,0.00548190704248625
123453,0.0013675785815023852
123454,0.0023401102675530546
123455,0.04947008191337976
123456,0.03460759820136181
123457,0.9806283717837273
123458,0.00043238334643588865
123459,0.0016024092090184397
123460,0.0038296764460249814
123461,0.000488984684030741
123462,0.004776523401150616
123463,0.0004252611270099735
123464,0.00036603133667908387
123465,0.0012442979327553724
123466,0.0006271088591180213
123467,0.00022265383922643432
123468,0.0017928045430014334
123469,0.0004146399689818686
123470,0.0009064380772672432
123471,0.0011509659113763454
123472,0.0003850626151285051
123473,0.006034918923082253
123474,0.0009363301137829009
123475,0.9948284402694617
123476,0.016742612914596142
123477,0.0006787924691921198
123478,0.0014897103847366234
123479,0.0003512204314988593
123480,0.001665086426865949
123481,0.9904793242688751
123482,0.0003235855664782724
123483,0.0046736693793035505
123484,0.0009312863860335093
123485,0.0011518333576833845
123486,0.00021981362606229897
123487,0.0016174594857349806
123488,0.00043287900533318496
123489,0.00015940673258037718
123490,0.0016968303129218272
123491,0.022605252246128592
123492,0.00011792688729235391
123493,0.00031162484732897823
123494,0.013002852772174174
123495,0.0001596228570712631
123496,0.00028135356774706933
123497,0.017652425428651
123498,0.003509918213663852
123499,0.0007061779204006528
123500,0.0008566699344110295
123501,0.001386882959999377
123502,0.033412938671865344
123503,0.0007566015986809447
123504,0.0010417728211553545
123505,0.0006518911157878199
123506,0.0004465668426181289
123507,0.011224106927373922
123508,0.0022827266066923675
123509,0.0025353153098488707
123510,0.0005587064733908956
123511,0.39613466304528927
123512,0.9870201845814764
123513,0.00015847161969708012
123514,0.001425406585039011
123515,0.0005151544247566452
123516,0.007965115025553674
123517,0.025079081838743793
123518,0.0007451209632267603
123519,0.008871372183101358
123520,0.0003553103524028909
123521,0.03642450299529983
123522,0.04089142896422372
123523,0.004821004210194435
123524,0.17437026341494435
123525,0.0004415179082010145
123526,0.9949450945901782
123527,0.00019374589430287996
123528,0.0001938901340813437
123529,0.00027200519638195364
123530,0.004810862220554902
123531,0.0005613958596420119
123532,0.00311760317229856
123533,0.00024114816675483366
123534,0.0002263781276340038
123535,0.00201703410164312
123536,0.0003897241946426619
123537,0.0004639731858136425
123538,0.0005969213343058758
123539,0.0004838393537069408
123540,0.03286809270069246
123541,0.0009339977749935306
123542,0.0003294483743828462
123543,0.001672502166087453
123544,0.0006884582283941474
123545,0.07965576647368487
123546,0.007820430441609343
123547,0.00480788139000467
123548,0.0007337357812098348
123549,0.00070513741411131
123550,0.9964677147484775
123551,0.0009353378063557719
123552,0.00047349798045011755
123553,0.00018847182343129183
123554,0.0014932443603800588
123555,0.0072370664664965865
123556,0.0019641662620001298
123557,0.00024567805121477324
123558,0.0005369704017340382
123559,0.00023482498062431042
123560,0.9881458500964049
123561,0.00037831936717137583
123562,0.009808014871371845
123563,0.010684131395301541
123564,0.002620865396560106
123565,0.0003060722263069302
123566,0.00027218514361519497
123567,0.0005951851886232107
123568,0.026780860384000668
123569,0.0003321725403284321
123570,0.013408733157056988
123571,0.13141208684616157
123572,0.0003298251163675363
123573,0.024505530840015773
123574,0.046999802589157036
123575,0.0007224941558826292
123576,0.002725879011085176
123577,0.01737960740046251
123578,0.03254679989290431
123579,0.9864906341273111
123580,0.03787416143703815
123581,0.00041030286368812214
123582,0.010791941846473356
123583,0.0017224530037131286
123584,0.004306505941110948
123585,0.0005479152356011102
123586,0.0002017358560972336
123587,0.8279013423670909
123588,0.019368576899020513
123589,0.0008276065072092232
123590,0.011000080880091452
123591,0.0003847192356453293
123592,0.00013287910493322227
123593,0.006948965029266436
123594,0.0002792328442794547
123595,0.0010483725140299175
123596,0.004152805226495773
123597,0.00036204920010323956
123598,0.03392452355327787
123599,0.0006500133572440265
123600,0.00032399988878197976
123601,0.0048710598365445095
123602,0.0002605721651286382
123603,0.00838547160630817
123604,0.001570617695596568
123605,0.0005247383165859289
123606,0.03683304840942872
123607,0.0003213625644617395
123608,0.0026471613467232607
123609,0.001007209271197984
123610,0.00033497514552287456
123611,0.05544295220973847
123612,0.0005773661439416984
123613,0.00035440265898474446
123614,0.9380958700489465
123615,0.0013647483720114532
123616,0.0037089432093735607
123617,0.0019986938669834123
123618,0.00011810992339252662
123619,0.0019739977210255603
123620,0.007598597810278037
123621,0.00027686952177257345
123622,0.014786829561025444
123623,0.00041764758940542187
123624,0.0015792654735758446
123625,0.0007650714174009862
123626,0.0005426639210109315
123627,0.0015771081088459006
123628,0.0002251180271337771
123629,0.00020109731618569692
123630,0.006990073042724351
123631,0.00676565276848675
123632,0.00017353706829545946
123633,0.0002978647110507663
123634,0.001264128200412916
123635,0.2904794293370693
123636,0.000973331065981496
123637,0.020136556371513386
123638,0.0001809238392758805
123639,0.00022787477285512395
123640,0.008351920673444967
123641,0.00023007123296665734
123642,0.0004640166617327809
123643,0.003233270734201286
123644,0.10839415580514479
123645,0.9855446793861363
123646,0.9854674766556001
123647,0.8458887236050756
123648,0.0003723832321865201
123649,0.0009069591207997944
123650,0.00029666963584022406
123651,0.18117988951232095
123652,0.0014731969845442647
123653,0.9934139194470589
123654,0.0016362593494377367
123655,0.00028738746349892756
123656,0.0005165537619367831
123657,0.024863240858798395
123658,0.00016918408637650421
123659,0.011617796755455032
123660,0.0002101930736079247
123661,0.006135077542509976
123662,0.0008524956007899408
123663,0.6962918522591373
123664,0.0007337731654924187
123665,0.010092302489049307
123666,0.9821024009747504
123667,0.0005394804721525528
123668,0.007319314607729347
123669,0.0010855421081438195
123670,0.0006441348323273603
123671,0.00035583395355255734
123672,0.0024116519299771997
123673,0.003415555881925017
123674,0.34209778986592204
123675,0.002622186796544453
123676,0.08210137883155268
123677,0.0007665231775268028
123678,0.0009112299375646895
123679,0.06858710138668496
123680,0.003884273984263654
123681,0.0014056600953790722
123682,0.0009212011533262201
123683,0.004281303818136255
123684,0.01275265196643304
123685,0.0006572568052517618
123686,0.00018823335124252242
123687,0.00016259746352889246
123688,0.00037718323895778255
123689,0.0007352920062872045
123690,0.0002334644291435069
123691,0.004988512510394619
123692,0.00464806025891787
123693,0.005528879258734238
123694,0.9871575944873195
123695,0.00027575981982211947
123696,0.002322082232642968
123697,0.0007869859123034547
123698,0.002704362518034787
123699,0.0004147334875629904
123700,0.00043178517224275463
123701,0.0005701757725772973
123702,0.779247840954426
123703,0.0008992300790520443
123704,0.979717932124075
123705,0.00023781408348178982
123706,0.7223581967017735
123707,0.0002876880089431567
123708,0.0008892368689796252
123709,0.0007871839032658781
123710,0.0002740564036118421
123711,0.0007103823850292399
123712,0.00038544186631455653
123713,0.9883793660913105
123714,0.0030240393964934896
123715,0.0003173651260711986
123716,0.0003101423483641355
123717,0.0007057381400436689
123718,0.03886199560727966
123719,0.0016004684731820327
123720,0.9410846156869955
123721,0.022643210734203854
123722,0.009559003624521249
123723,0.0005484521348194213
123724,0.0013087707212427156
123725,0.00045127496658215615
123726,0.0004268791338098754
123727,0.00027532339948088837
123728,0.0009246549270051788
123729,0.008225146988262912
123730,0.008082006596309718
123731,0.9898751300593576
123732,0.0014696296193267861
123733,0.00013826092715640668
123734,0.008900555096418553
123735,0.012781197416440074
123736,0.0006137074522326413
123737,0.0003980628489022376
123738,0.002614816950530353
123739,0.00036370981984297637
123740,0.02407430199694769
123741,0.003079648770168475
123742,0.0014171442422767687
123743,0.0002901330998066556
123744,0.001928791901020547
123745,0.0008147234183821536
123746,0.00015279984948419418
123747,0.004855265340781773
123748,0.0012107655015871396
123749,0.00032912958686896895
123750,0.0003063913424237221
123751,0.001639695098290965
123752,0.006422275309732284
123753,0.0015558682032367935
123754,0.00026129989072084625
123755,0.0009645780899832445
123756,0.0002922253287088817
123757,0.001057542632070611
123758,0.009819393716519841
123759,0.0010101748861680543
123760,0.000622217261046526
123761,0.0017342228948488065
123762,0.00290115808969659
123763,0.0004573238991218121
123764,0.0031075054690271773
123765,0.0008528313332550919
123766,0.9902118256755349
123767,0.00024758956257376697
123768,0.0002684151498335017
123769,0.0009081419457686151
123770,0.0011264561224686761
123771,0.0007144274302351247
123772,0.0007347482853608878
123773,0.0019214041347346404
123774,0.00045496535344807413
123775,0.0027347462847484645
123776,0.9901233960980736
123777,0.0003978913713578825
123778,0.00045824767224459853
123779,0.0010654940430073231
123780,0.02748300069028753
123781,0.9908744616010483
123782,0.04617579787295742
123783,0.0008211507301962869
123784,0.0002483199736715516
123785,0.0008212452467265491
123786,0.06219052588843851
123787,0.0008004486296485971
123788,0.011545721727437449
123789,0.00043254170743057727
123790,0.023364036538537972
123791,0.0005518137972298842
123792,0.1789239155850357
123793,0.00570070728684289
123794,0.0001731876130537838
123795,0.0006071012465241198
123796,0.00040675746682215867
123797,0.0005930779743799405
123798,0.0006529753487112867
123799,0.9947311753024636
123800,0.0007975950176228469
123801,0.004821697308979115
123802,0.005742402160602562
123803,0.06856697127502835
123804,0.0017675920612183502
123805,0.00018078112809296427
123806,0.006729574279470603
123807,0.0049859424095066935
123808,0.0022216095236518058
123809,0.012353588446484428
123810,0.00035239105230815723
123811,0.9860717567738351
123812,0.05879151664461924
123813,0.003910495527006306
123814,0.03609264288722116
123815,0.0013723286092591582
123816,0.0015248947871038699
123817,0.00028016911669600007
123818,0.0005355604981619126
123819,0.00019449150625638388
123820,0.002052862218505569
123821,0.008703382358431707
123822,0.0008430831785522254
123823,0.004845926161957913
123824,0.005830844677775937
123825,0.00028789105751289345
123826,0.00041372803266469406
123827,0.00040676913967057786
123828,0.0011370960603954451
123829,0.0008636635906759413
123830,0.00047109686835463224
123831,0.00017092878002953168
123832,0.0007049645962875105
123833,0.00072670693207906
123834,0.10536341130090573
123835,0.0007461182870147162
123836,0.16488411626223695
123837,0.00034680089306083397
123838,0.00024283899817494422
123839,0.23738442024211792
123840,0.00197936505816818
123841,0.00021223074556404818
123842,0.9907355724497315
123843,0.8200590030386162
123844,0.003225908843919546
123845,0.0004675897285062513
123846,0.004370856876066405
123847,0.0020097362686978724
123848,0.0011635951217727797
123849,0.022473292322136892
123850,0.007185754917174332
123851,0.004744933832827992
123852,0.15317310957078356
123853,0.9931438210229526
123854,0.00026438416737482434
123855,0.0018346142267950086
123856,0.001291250963245214
123857,0.0015669561986555501
123858,0.0006801666016886411
123859,0.008000687113970001
123860,0.029093523401379565
123861,0.0007233065923997736
123862,0.00045839731185199674
123863,0.9847798375803599
123864,0.0003773456205190541
123865,0.00033862128679957605
123866,0.0076353630017119475
123867,0.0032442107169203907
123868,0.0006658161772244878
123869,0.9952027186918826
123870,0.00022887265212943875
123871,0.0002571854565100316
123872,0.002885972028682508
123873,0.04404131222349223
123874,0.9935724196302919
123875,0.0012054026662987386
123876,0.9919637977782038
123877,0.0009436457747155932
123878,0.00036205621179491226
123879,0.0009861962745377256
123880,0.0006367941100453627
123881,0.9896007411542065
123882,0.00374610189384987
123883,0.1172432891661964
123884,0.0011481444289886985
123885,0.9940327842769751
123886,0.0038146712876692326
123887,0.0004335165662383948
123888,0.00021859203822443738
123889,0.00045916131438437853
123890,0.002742155531619722
123891,0.023088211449490068
123892,0.0005309228490054895
123893,0.00018426150033215894
123894,0.0005772986893359365
123895,0.001897193723783865
123896,0.02392783892774817
123897,0.000350819033378432
123898,0.00041870856846533123
123899,0.003933507681171675
123900,0.0002086462009509946
123901,0.0093470449745542
123902,0.0008374808313275103
123903,0.015415552906089496
123904,0.0003244902034203248
123905,0.0014855297552448282
123906,0.0018388751852248828
123907,0.0005472454621167933
123908,0.0012481047100101033
123909,0.0011390857400609198
123910,0.30018057875750065
123911,0.0001951557616762702
123912,0.03834946248643459
123913,0.0010331458693038076
123914,0.004840733403021903
123915,0.0008115217256410584
123916,0.000504081293977582
123917,0.002094893325352244
123918,0.9793999923833243
123919,0.00041454214276858667
123920,0.031925344997802446
123921,0.010518486938256973
123922,0.9308725345806764
123923,0.000546163748915607
123924,0.026037189884683353
123925,0.0005187665649222732
123926,0.0003003516466626413
123927,0.0019696079083308476
123928,0.0009707500901916581
123929,0.00042362249734659074
123930,0.0002234250527576966
123931,0.0005675643276250569
123932,0.0024157917042472335
123933,0.0011634485147831823
123934,0.0022833934455334095
123935,0.044161371728699265
123936,0.0007777939334598521
123937,0.0003111474417744457
123938,0.00030118132425423943
123939,0.002156565428553927
123940,0.0011166426674866297
123941,0.9835693839792236
123942,0.0001979240899451325
123943,0.0002735098361020037
123944,0.0003300842691979283
123945,0.0007291299286014448
123946,0.00017572616792729123
123947,0.9841837597006943
123948,0.008526923935058977
123949,0.0016845866660907488
123950,0.0799435034492894
123951,0.0012624858594306575
123952,0.0018766364623290146
123953,0.015552866515828972
123954,0.00018729881647766992
123955,0.00020668830955658207
123956,0.9814355372955583
123957,0.008912141656235635
123958,0.004482291385797673
123959,0.00117185279575106
123960,0.00030815027238903297
123961,0.011871080524855096
123962,0.045100456075483845
123963,0.0006239512677506158
123964,0.000701563527004868
123965,0.009556462822159347
123966,0.31753831386624337
123967,0.009925385505104526
123968,0.005608696970918445
123969,0.002006724131891245
123970,0.0002211467117603174
123971,0.0003089333967344453
123972,0.000263811230586423
123973,0.0008075276818452995
123974,0.0004079088833756684
123975,0.0014980883286519668
123976,0.01124364504696775
123977,0.0018750564066175896
123978,0.0022292452382400834
123979,0.00016533547780525997
123980,0.10445436538738516
123981,0.0041436674125852726
123982,0.9921552150779118
123983,0.00015999345655929724
123984,0.007046099308021827
123985,0.006978801515494782
123986,0.0008112893638539453
123987,0.0005464311841255855
123988,0.0014560318534420878
123989,0.0003287787753534329
123990,0.0009562285722948879
123991,0.000916285168976515
123992,0.00042323882625849916
123993,0.000589730279200936
123994,0.0002440094232547312
123995,0.0001916475641409684
123996,0.9832248734456891
123997,0.0017666938142841815
123998,0.0012392509691025253
123999,0.0005803472004299863
124000,0.00027159109421376554
124001,0.0005440156985136447
124002,0.0008864000413247393
124003,0.00028029698759928683
124004,0.003381272120971284
124005,0.000791267257349136
124006,0.0013398959600517254
124007,0.0005074812845231912
124008,0.0010353267854467311
124009,0.0004745172425126632
124010,0.01791555616544865
124011,0.0004070824092243906
124012,0.0002335125234902936
124013,0.01636077344115199
124014,0.0020206087257288764
124015,0.0056210625141866815
124016,0.0008518433700917941
124017,0.0004560827528034094
124018,0.0004284659358058659
124019,0.0023921887062692297
124020,0.9787003551534947
124021,0.01388051208264613
124022,0.0018179486742510083
124023,0.001014511750353608
124024,0.0006338341910152529
124025,0.015482325359481191
124026,0.20784152873219922
124027,0.0013425485070936167
124028,0.00290807246970905
124029,0.9745887999077465
124030,0.0005461153910894492
124031,0.0017313961168256358
124032,0.0012935165758260596
124033,0.0030819155445380793
124034,0.0006880473763929905
124035,0.9796712218052971
124036,0.005552267354718878
124037,0.7530383896470484
124038,0.0002498544122018887
124039,0.0012172476837498873
124040,0.0007151834160701524
124041,0.007840209622865161
124042,0.000432678528215275
124043,0.0008210582789852399
124044,0.0005370864373962958
124045,0.0010990675882100202
124046,0.002825708333230336
124047,0.004930171161815733
124048,0.021428979586358077
124049,0.0021886723845714467
124050,0.0019732821946650235
124051,0.9938303596537396
124052,0.9935731778210874
124053,0.011015451889877343
124054,0.9925994084803887
124055,0.992877733603332
124056,0.0015374666308583793
124057,0.000690864105830815
124058,0.0008318291100098259
124059,0.00045992508329741706
124060,0.0009004901541156754
124061,0.0006459925076318355
124062,0.0007751158309086204
124063,0.0014639749345321806
124064,0.000349158094608829
124065,0.01868199932211726
124066,0.00014949608742916741
124067,0.0010101946867633
124068,0.01572651723058671
124069,0.043232120807013774
124070,0.004810782035887988
124071,0.00023999347216207173
124072,0.015529109303463249
124073,0.0004103302547437676
124074,0.0007837026349893757
124075,0.07738068011763782
124076,0.0011213940779085576
124077,0.0002243643883630148
124078,0.0006194628302053228
124079,0.0006754285699458156
124080,0.005977935644967953
124081,0.001965493980553684
124082,0.002146761476583427
124083,0.0015919234061101148
124084,0.004254207012535187
124085,0.0006208100194512692
124086,0.0031773583096796707
124087,0.0009857971544857261
124088,0.0012613164250540002
124089,0.02272039044845474
124090,0.00022824171796242607
124091,0.00033129498092137553
124092,0.0005923374463868568
124093,0.0018277644208473534
124094,0.013870973855167577
124095,0.0014161918682847067
124096,0.0008820079624803277
124097,0.0017367174058062545
124098,0.01073869603281773
124099,0.9792327253239375
124100,0.011642280047937116
124101,0.0012022218848720461
124102,0.9411690045141818
124103,0.00026379224343742316
124104,0.0014767966978535933
124105,0.005813714662989119
124106,0.0001046050974404166
124107,0.001182855406933078
124108,0.005401816501793288
124109,0.001407510081979004
124110,0.012535939610389202
124111,0.00036972593472533246
124112,0.0010856378362655832
124113,0.5806347144457519
124114,0.0052763249308175695
124115,0.051103818240554676
124116,0.008819501801549057
124117,0.012415422747253152
124118,0.001964488954166779
124119,0.000251555711056917
124120,0.0006675817347433793
124121,0.008054396747327074
124122,0.0005835685252466756
124123,0.01233623601313994
124124,0.002395862922622067
124125,0.0029253340305930796
124126,0.03305663862318415
124127,0.0037222530188220438
124128,0.04620412186991091
124129,0.00028789593339473285
124130,0.0010012151192899032
124131,0.007673515260120811
124132,0.0022125025126855133
124133,0.00027606743000970754
124134,0.007013938858987931
124135,0.002399270393732701
124136,0.00018485841819828631
124137,0.002071378182847319
124138,0.003271213097542638
124139,0.000396134021854343
124140,0.00022431871757136083
124141,0.00023178625261463648
124142,0.0006223296003006058
124143,0.0003651151712607115
124144,0.011956569323190903
124145,0.0005348221571282435
124146,0.9863934722144145
124147,0.011841522220793446
124148,0.00027742152903725576
124149,0.0003004327897247509
124150,0.00026211854052239126
124151,0.9936479364987904
124152,0.0002741541632766329
124153,0.0006303629775604388
124154,0.0016392567404444375
124155,0.0004178204668910217
124156,0.00029749439942541417
124157,0.005811789014505865
124158,0.002817079634770743
124159,0.001720077971749663
124160,0.003864317501672126
124161,0.0014806342775445054
124162,0.11738054012178205
124163,0.011931881108616947
124164,0.0008368348082046002
124165,0.9957924135366288
124166,0.0001253718887775964
124167,0.0004459541567175225
124168,0.0002334437149322874
124169,0.02924205664712302
124170,0.00500602881612192
124171,0.0033154950571334905
124172,0.00121982017042071
124173,0.00017074352182443962
124174,0.00030302483592247105
124175,0.002057846906894986
124176,0.00041585941272100747
124177,0.002178839991806447
124178,0.011862769145065963
124179,0.00022795208517061867
124180,0.00013060356439383077
124181,0.006518219893479881
124182,0.0009902528734499377
124183,0.016399077079792823
124184,0.017793008939195113
124185,0.0004995553491554922
124186,0.00046571464525611833
124187,0.00060482726644031
124188,0.0003305430931135127
124189,0.001612059524813397
124190,0.006194402982428215
124191,0.000562441461981582
124192,0.011144484058510967
124193,0.00017768992621545405
124194,0.0008315760982739787
124195,0.0002650753637128224
124196,0.02784469741408791
124197,0.0009085596842125709
124198,0.01666137616704721
124199,0.017631363858159856
124200,0.0061762947024354455
124201,0.000432278560170778
124202,0.001588185011377638
124203,0.0013843853494038638
124204,0.00038072405179990685
124205,0.00036368056170527215
124206,0.005807213759003643
124207,0.0005765146167702456
124208,0.00018186839784768924
124209,0.0001771578558456689
124210,0.0010741655673150805
124211,0.00022381356534926575
124212,0.0003686373966363952
124213,0.004506153455742154
124214,0.0010047094236574922
124215,0.00029765095224388476
124216,0.0014491053785458511
124217,0.0004686571894298424
124218,0.002481989572838592
124219,0.006480845938702958
124220,0.00024248117395859534
124221,0.005591413466909157
124222,0.001711108569144176
124223,0.0007419643809777794
124224,0.9797906381402678
124225,0.001139742906653027
124226,0.00048763580680913956
124227,0.00022248833605000378
124228,0.000633041644529626
124229,0.00014150225838668445
124230,0.0008226173784552157
124231,0.9951834122012473
124232,0.0037721556067628254
124233,0.0008013191311097897
124234,0.0002661952214470424
124235,0.0024050212631360874
124236,0.00030575087481120625
124237,0.05412408472927359
124238,0.0002702685767373571
124239,0.0005410253025719792
124240,0.9822385212094543
124241,0.0023916618298934194
124242,0.008798059899479276
124243,0.0016122627760291317
124244,0.00037795119015871436
124245,0.0002004002718842078
124246,0.0004484393802854727
124247,0.0022887673688258407
124248,0.000278659971339657
124249,0.9377345115157432
124250,0.00044946133687725966
124251,0.02193793205102909
124252,0.0011141777593331108
124253,0.0003596725479707421
124254,0.09440196575761581
124255,0.0007662602335975806
124256,0.0002111989036548549
124257,0.0007388802652882892
124258,0.0008586988412356923
124259,0.002079000525196398
124260,0.0396806168016683
124261,0.9885615672515493
124262,0.15536865848056197
124263,0.00024930220141901734
124264,0.0009803254974717116
124265,0.0005534531417411496
124266,0.9259844078116799
124267,0.003760562654163757
124268,0.000626485248822605
124269,0.00022158478398881648
124270,0.0011720183736069853
124271,0.28015511332230003
124272,0.00024288424500689193
124273,0.00020314970190119124
124274,0.00044701977328915005
124275,0.0003447191566685318
124276,0.0004954132270343676
124277,0.005310823697543556
124278,0.6547296440536386
124279,0.0002885073676723043
124280,0.08007108446507447
124281,0.03336077248466474
124282,0.0006693139261654627
124283,0.0002870809778627128
124284,0.00025271854823818795
124285,0.00707069524038285
124286,0.000381782610443588
124287,0.001931324556991172
124288,0.01825824918037053
124289,0.0410318942952066
124290,0.9789959169453014
124291,0.00015464668971332655
124292,0.0007878925630196643
124293,0.0006863563811154893
124294,0.0015388284735041878
124295,0.006370791684720085
124296,0.005751023748974742
124297,0.33561634358720355
124298,0.00027581229225792485
124299,0.00022984164495665224
124300,0.003139409341700785
124301,0.0002516894296030979
124302,0.0007736562167357869
124303,0.0006076983627745459
124304,0.005369630792355121
124305,0.0005955782911610738
124306,0.010432087516123055
124307,0.0010353110033082763
124308,0.0002098223262766674
124309,0.0009380797148103311
124310,0.0009593150287566942
124311,0.0003181012446358497
124312,0.00036939883570224254
124313,0.0012217446403297338
124314,0.009392332220152155
124315,0.0010708992705508675
124316,0.0008570557234542869
124317,0.013995167220437827
124318,0.0013494870224136151
124319,0.006136878540827707
124320,0.00021691123407417118
124321,0.0005081201900222819
124322,0.0039186151607776285
124323,0.0010873130633169508
124324,0.0016030636201427293
124325,0.0005450071546918813
124326,0.006513483413914462
124327,0.00040162267653079127
124328,0.0021061573404780247
124329,0.007709932467149236
124330,0.0010206495770116687
124331,0.00019106189836673663
124332,0.9953612949646548
124333,0.003139827557642267
124334,0.0002443657720821096
124335,0.0002588453751438349
124336,0.012497789862795587
124337,0.0007588296591757825
124338,0.00016659595718693384
124339,0.001850483127978029
124340,0.006744867593166984
124341,0.003102175939212922
124342,0.0004756505054155093
124343,0.0003202958149068341
124344,0.00016066481096027867
124345,0.0014971015945567188
124346,0.0009368162782505579
124347,0.00041572013199207234
124348,0.9861894513353221
124349,0.08407174704797533
124350,0.9005032513978687
124351,0.0003523987839926105
124352,0.0002110980940596456
124353,0.0011137653244245279
124354,0.0002180565223823962
124355,0.0002588216098226296
124356,0.007884241403111615
124357,0.0009969358765649537
124358,0.00029641726673316604
124359,0.011131877771971548
124360,0.0002695925112000967
124361,0.00026187914623903923
124362,0.0002448936035984954
124363,0.0007253826775119889
124364,0.9827959617794461
124365,0.0010019968576220244
124366,0.00020235916782301194
124367,0.0001861024627773353
124368,0.2811180472765705
124369,0.10453489258516974
124370,0.0006348117907236688
124371,0.0015809885242598315
124372,0.0003615738227044119
124373,0.00040820525747191854
124374,0.12175349363095386
124375,0.9357707493834164
124376,0.4157870870736726
124377,0.011695441900396494
124378,0.00027228228471770416
124379,0.00025824894183981836
124380,0.8574665196759296
124381,0.043166663766242
124382,0.0008471146551744631
124383,0.0005284528335103193
124384,0.002421805859837735
124385,0.0007403461172311762
124386,0.00043913795299474684
124387,0.016458440996458577
124388,0.0016684103910840499
124389,0.0009203298556389699
124390,0.0016229350122583944
124391,0.005962073050138436
124392,0.0007947101475499888
124393,0.00022710831252022696
124394,0.012125360199398144
124395,0.00021749515536092132
124396,0.00037765501375705356
124397,0.0023271377752858272
124398,0.0004926759461160108
124399,0.988846773694101
124400,0.9837427831754669
124401,0.0007892119713848628
124402,0.002533983737943146
124403,0.0015218655355365227
124404,0.9860372798726397
124405,0.00020648570117473534
124406,0.0010191350027187968
124407,0.00021600223859229026
124408,0.0005555205768598608
124409,0.0007798973598153702
124410,0.037737151914909124
124411,0.01781570356605199
124412,0.0023164160085205996
124413,0.0046577677462646865
124414,0.0004889000768358088
124415,0.0032333495343642056
124416,0.00812087491792105
124417,0.0003663745974039454
124418,0.000714427997685417
124419,0.0008401231110916601
124420,0.0002012391349408719
124421,0.0013527127343470574
124422,0.010175621156350085
124423,0.0020376949405525625
124424,0.00048156308114997065
124425,0.0025370674581483145
124426,0.011851912708327672
124427,0.000518541876105655
124428,0.0008600129307752155
124429,0.992858703817893
124430,0.009557470466959001
124431,0.015087758158248981
124432,0.9880418870544077
124433,0.14126946778227023
124434,0.0031456481593379027
124435,0.0009107572967311806
124436,0.0004766408481026263
124437,0.015238309052639768
124438,0.0018910760233947603
124439,0.04173743894443261
124440,0.0004410177404956547
124441,0.9889441485774001
124442,0.0007880753525494111
124443,0.9938012033151762
124444,0.0014288348419475242
124445,0.0008526414906144884
124446,0.9736455325422103
124447,0.9914564880993066
124448,0.000277361305501506
124449,0.0003159288997788717
124450,0.003875089988607841
124451,0.0009026485761725772
124452,0.0017700204043166828
124453,0.00032953255890560333
124454,0.00031046243590711505
124455,0.002891173262354603
124456,0.0083561073188667
124457,0.0019908813624144347
124458,0.0008138747317259907
124459,0.0009054528357294126
124460,0.0003045021901999193
124461,0.0013768792474912173
124462,0.0015173181475301167
124463,0.00031720718858618255
124464,0.00036836924252308946
124465,0.0007212175870836787
124466,0.002415986775438918
124467,0.0018763038269107957
124468,0.000317558128973811
124469,0.007991723054141397
124470,0.01672571473151731
124471,0.00022249003802942278
124472,0.0015721632230999364
124473,0.701704306847563
124474,0.002671312046951766
124475,0.0002972709485769015
124476,0.00019759230679322398
124477,0.006146056342293635
124478,0.029584174458369035
124479,0.00038810013652708684
124480,0.0003082329141917647
124481,0.0004927356048485499
124482,0.00020070851304505015
124483,0.0005479695755233701
124484,0.0006095388915648787
124485,0.015084816792058085
124486,0.002251595019912498
124487,0.00169006346141814
124488,0.0005677105637754288
124489,0.0008446335744310529
124490,0.005894354679648271
124491,0.005287726638306916
124492,0.0006416105321345174
124493,0.9320717081807249
124494,0.0004005811909818456
124495,0.010465407108630581
124496,0.08262884302614543
124497,0.006674755145233401
124498,0.9936362786680965
124499,0.0004055142097967122
124500,0.0023124637157385533
124501,0.9431107468592637
124502,0.9916303998184681
124503,0.210832834677
124504,0.00039300184121910254
124505,0.009871610065457462
124506,0.0007288602778072131
124507,0.06648479368966553
124508,0.0012567927157675375
124509,0.001335149560832809
124510,0.0010559654035910452
124511,0.0008711439881743016
124512,0.0010860759673167208
124513,0.017879142802230543
124514,0.002012463560641794
124515,0.00019342104797483582
124516,0.0003536693945877031
124517,0.0555242494645044
124518,0.21683866270514485
124519,0.05823771163711524
124520,0.0009423405520941344
124521,0.006361896464318539
124522,0.0007298755316469273
124523,0.00032268361128804724
124524,0.0011242084281358668
124525,0.00762146403798034
124526,0.00033856603507248994
124527,0.0006132270538793956
124528,0.0009704547359704782
124529,0.9783428496325295
124530,0.994122112960291
124531,0.9858153597752889
124532,0.0004905502552750187
124533,0.0003066168193170136
124534,0.0004239535459234975
124535,0.0003451000312198762
124536,0.0012122401176259817
124537,0.0119285327004038
124538,0.0005180744082805281
124539,0.007555433793358102
124540,0.012217866817137364
124541,0.00044814610187460984
124542,0.0005940825050032965
124543,0.0014914673319160888
124544,0.0030198125388195413
124545,0.013475101293196207
124546,0.00025153901266962203
124547,0.002357038647259917
124548,0.005068140536708762
124549,0.9933016584707481
124550,0.0004234782669549934
124551,0.0006581394249551443
124552,0.0013658174316075386
124553,0.021049500132906775
124554,0.007685886298188871
124555,0.0065008323606994
124556,0.013649636445034323
124557,0.000471182352501831
124558,0.00022216818839140888
124559,0.000799295258884842
124560,0.0015067473424752373
124561,0.0016079016408203695
124562,0.08544939486463042
124563,0.006113824388915863
124564,0.0002167273215797791
124565,0.0005526274089831133
124566,0.00046041203993311047
124567,0.0038163080320205954
124568,0.01948529232487267
124569,0.001982054629051666
124570,0.07578507504386443
124571,0.00016386827702524027
124572,0.0005792948217858382
124573,0.08400085399081596
124574,0.0005205264873334543
124575,0.0009660289080871811
124576,0.18740004947227126
124577,0.9871954778053557
124578,0.0007308283188122618
124579,0.0017012314582035791
124580,9.657788621211707e-05
124581,0.0022740639665605657
124582,0.0016508169347471584
124583,0.0017087326841796237
124584,0.0006561011325043629
124585,0.0044826923428072
124586,0.9796343313541663
124587,0.01301407171863709
124588,0.0005965913254526594
124589,0.00626936908133178
124590,0.004145471441164178
124591,0.008119995899515023
124592,0.0003136147652671214
124593,0.000571590457762349
124594,0.0005238057246852472
124595,0.00043009597868841153
124596,0.918693783034744
124597,0.06820048366367008
124598,0.0004290240936018492
124599,0.0003032064192801325
124600,0.0009410151772235242
124601,0.22256748514516705
124602,0.0009262247763104934
124603,0.0004529342028268364
124604,0.007480249377236764
124605,0.006946357517259911
124606,0.0006158098700144299
124607,0.0019487501956597264
124608,0.9790502567111201
124609,0.01452613956183696
124610,0.00028896250300978625
124611,0.002649125570027936
124612,0.9874215593438868
124613,0.0018557552710908867
124614,0.00029710655707658885
124615,0.005943144955099429
124616,0.0004249911269017435
124617,0.0002109872856290765
124618,0.00020969761931906343
124619,0.48834729042614416
124620,0.8673845848709929
124621,0.001268522358128561
124622,0.0008497088021318734
124623,0.006929329244195617
124624,0.00016477147704903168
124625,0.0008367417512913917
124626,0.027765687699269428
124627,0.0003682804924386827
124628,0.0006832141211135548
124629,0.0005079735904666304
124630,0.0018196467206573537
124631,0.000790311620138005
124632,0.0005878745129089272
124633,0.0018703316223078338
124634,0.00024256630942274602
124635,0.01905248167359768
124636,0.010728170375200637
124637,0.9927959647833525
124638,0.0057899122965439555
124639,0.02435048414657109
124640,0.0017993446816737594
124641,0.0005311091405783329
124642,0.0018624098716807148
124643,0.0011725987775177186
124644,0.0022060623746241203
124645,0.018105606517218598
124646,0.008754741193276154
124647,0.0020792213418962583
124648,0.0006093232586275545
124649,0.0024367639818713384
124650,0.0027823869692066377
124651,0.0004712261606739342
124652,0.00030695853980315934
124653,0.0003261576076230214
124654,0.0034439348393323272
124655,0.022795075186630185
124656,0.000706599663589123
124657,0.019995071554038096
124658,0.0007321005708916935
124659,0.007462164391788473
124660,0.003121781497478974
124661,0.5453994477869838
124662,0.000494724544654142
124663,0.006774711676778134
124664,0.0007940595912230336
124665,0.0005732968464128539
124666,0.13258181671310776
124667,0.00018020433613801648
124668,0.014210362393942178
124669,0.00033037752073456606
124670,0.005967431371415998
124671,0.0004308299260346608
124672,0.0036600232712251488
124673,0.0009135863484517984
124674,0.9930078423676459
124675,0.9507578727985108
124676,0.0004672626535741289
124677,0.011603167726341951
124678,0.0015321671451148063
124679,0.00015240440614351888
124680,0.004435665605067181
124681,0.08045652308329941
124682,0.00030802110395226277
124683,0.0008695954410214383
124684,0.00020494278902441658
124685,0.0015251670877072787
124686,0.0009104675011620277
124687,0.0010657985057966625
124688,0.0003670626326488979
124689,0.0005093187136258874
124690,0.0017361188773441444
124691,0.0005495935464855985
124692,0.0008270918910748313
124693,0.0003290356041375703
124694,0.0013303729582448275
124695,0.0011865794125306354
124696,0.0008067065385972682
124697,0.00030116759356168025
124698,0.9917028052523211
124699,0.00023279999764158393
124700,0.07879803251567573
124701,0.004058516992072029
124702,0.020825966624208523
124703,0.007120472734518922
124704,0.00019862386366950783
124705,0.0009319575303000415
124706,0.00033607403176432816
124707,0.0005671276924040627
124708,0.005282952815876959
124709,0.00019577565281121616
124710,0.017985126075293106
124711,0.015178658517391763
124712,0.0010559799016609105
124713,0.0006511234852662949
124714,0.00019710633894342216
124715,0.0008153497828003788
124716,0.003281571545274991
124717,0.0003447266465032257
124718,0.00024812647687919216
124719,0.07327874986028751
124720,0.973972784314171
124721,0.8831235583351071
124722,0.004161345505868393
124723,0.0011331735533400699
124724,0.985988295579508
124725,0.0002473808860211183
124726,0.9910321256391695
124727,0.00029667311418492373
124728,0.001230741566107107
124729,0.0002409117434251997
124730,0.00022272554957689423
124731,0.03300214835237691
124732,0.0029091117708179054
124733,0.9944434375528809
124734,0.9896324898508899
124735,0.0008253784036585688
124736,0.0002131214237594227
124737,0.002888414424786223
124738,0.00021379445386672302
124739,0.001046542163096132
124740,0.0015631699417718201
124741,0.00047459204775690967
124742,0.00279202012601367
124743,0.0024857619110651226
124744,0.9721594843573267
124745,0.0006032327909777435
124746,0.011386303417719682
124747,0.00023235433216503858
124748,0.9842592165072728
124749,0.0004219313107089975
124750,0.0005217376943081048
124751,0.019975680160369262
124752,0.9899596779600661
124753,0.0018312390907173188
124754,0.00041798245195049754
124755,0.0010905398404329918
124756,0.05095622295213836
124757,0.0018134116404115437
124758,0.000309914501773545
124759,0.9909091353459643
124760,0.0006632297589558032
124761,0.9954186185012129
124762,0.00057614308697602
124763,0.02871665989403827
124764,0.00140469298606065
124765,0.00027600103124583345
124766,0.0011758349758674085
124767,0.048535321041002485
124768,0.028235073489036505
124769,0.036942775199765764
124770,0.0054536671129845685
124771,0.013797567803024423
124772,0.0001354959823067178
124773,0.0031377100764839946
124774,0.15499007471043952
124775,0.00034496335290482943
124776,0.01863195003611875
124777,0.000591324462097711
124778,0.0006337949365838025
124779,0.00039679325349108716
124780,0.0020054348332288357
124781,0.001798052410536995
124782,0.0023875681969120497
124783,0.012960396667441924
124784,0.9758965523261468
124785,0.0019997427996914664
124786,0.0009582382863650057
124787,0.000273278489659005
124788,0.0019851169909841666
124789,0.02942361461727454
124790,0.012338409611616115
124791,0.00021325920030558772
124792,0.004132937276877188
124793,0.9975297768810428
124794,0.000288304596492719
124795,0.9909880208446069
124796,0.01196536581176947
124797,0.0025312276852636245
124798,0.0009740879091281343
124799,0.0029524964651462004
124800,0.000451653478054273
124801,0.9100490043945401
124802,0.0001990356885376381
124803,0.0010263889198553226
124804,0.00017486201231911661
124805,0.008969202688579802
124806,0.00031922835335562055
124807,0.008310170855790807
124808,0.08365944871522404
124809,0.9934572412352841
124810,0.7755118802987425
124811,0.9848401822879019
124812,0.012569297633278883
124813,0.0007935336529211775
124814,0.00041750563192461635
124815,0.0063326921494424844
124816,0.0004099254340543072
124817,0.0014163224675330177
124818,0.0004965306237050234
124819,0.0012343877568871625
124820,0.0009557071820707611
124821,0.5567334362210552
124822,0.0003215500988478029
124823,0.9923755693860606
124824,0.00028653131202395835
124825,0.9853061017311865
124826,0.023335384562251947
124827,0.0005026556249209785
124828,0.0006109335865578568
124829,0.0017111582994350867
124830,0.9501452680431419
124831,0.00020230685523454852
124832,0.0002954504608701545
124833,0.0013806795972185694
124834,0.002619482822127856
124835,0.0006858585340512322
124836,0.9909653281053464
124837,0.0077108925014889584
124838,0.9956682616301852
124839,0.003236207643095929
124840,0.0011769250319696373
124841,0.0008284376999641122
124842,0.00018220001835786542
124843,0.0005643359390750215
124844,0.9934780950048766
124845,0.00024224215642923837
124846,0.00021811086545743216
124847,0.0002436941179785863
124848,0.0005435456969399707
124849,0.014945852314692261
124850,0.00031846722362542705
124851,0.001950316785825857
124852,0.003958221989246984
124853,0.00957324588665336
124854,0.00034546688933130543
124855,0.0019350149304944997
124856,0.8991637267265549
124857,0.0009581784245397496
124858,0.0018969228011369965
124859,0.0002480255120736748
124860,0.017044824811304884
124861,0.0008282041123523136
124862,0.0003579640873000424
124863,0.000483187594701084
124864,0.0006346683053623952
124865,0.0011788642760731172
124866,0.0003413888502305614
124867,0.0003181346338121074
124868,0.0015544739249617478
124869,0.0005235987842612201
124870,0.0057271973239154525
124871,0.12892241393257367
124872,0.99031127910485
124873,0.0005543383933119014
124874,0.0004291209255401586
124875,0.0006759642448637058
124876,0.000679022489360006
124877,0.0006793291100667223
124878,0.04336000951749038
124879,0.00026332265880733586
124880,0.0459445633372183
124881,0.01266448460629425
124882,0.022012397858482788
124883,0.994832899046038
124884,0.013399548289582376
124885,0.0007606452949405993
124886,0.0017297046007630787
124887,0.0030121808760700847
124888,0.002175421513315188
124889,0.20621587131934513
124890,0.0003245406631011942
124891,0.01708774509433579
124892,0.00045373656671582297
124893,0.03588806375552261
124894,0.0013591702194190234
124895,0.0003958324536165939
124896,0.00016618920596130922
124897,0.01030213368325837
124898,0.0005152673136116031
124899,0.003923102250091689
124900,0.0020897211670113016
124901,0.00030159193510097775
124902,0.0020062286021734943
124903,0.9870251684460403
124904,0.00025032655068293023
124905,0.0005137788898490953
124906,0.004143543689105363
124907,0.0007449786837832818
124908,0.0008110629416139063
124909,0.9929413516499821
124910,0.0003309880534950058
124911,0.007647159431550283
124912,0.005436337213768122
124913,0.904908381606643
124914,0.0055903206964164785
124915,0.001627602868814494
124916,0.0006204088230137146
124917,0.008142643115843928
124918,0.0007361945127180984
124919,0.9964735870078656
124920,0.9804901527230054
124921,0.0010952623928026449
124922,0.010642084718027356
124923,0.0019526176221311105
124924,0.18786742701480852
124925,0.0006749943562411429
124926,0.011706057138024122
124927,0.00022137113615677216
124928,0.0002965139574319328
124929,0.00030091953869549936
124930,0.00026173211216930833
124931,0.046788133553037355
124932,0.0009281420176398798
124933,0.0017669052811093613
124934,0.9883806284088501
124935,0.0003825127227503719
124936,0.0006705024371146583
124937,0.0004507691798522638
124938,0.9428426144611332
124939,0.0031370185116927495
124940,0.000542342345240445
124941,0.0005503462139325622
124942,0.00025163756823642203
124943,0.0002549683882578385
124944,0.0002405159476302261
124945,0.026366260937992957
124946,0.0010968767407380927
124947,0.000245661096489806
124948,0.0012673121870470448
124949,0.00040826016891840815
124950,0.9927314725090619
124951,0.000534968645509456
124952,0.0002522247353561451
124953,0.0002733504677855636
124954,0.0002790233856203597
124955,0.004633499775469783
124956,0.0018779435709433089
124957,0.0009086079581342057
124958,0.038159999927063176
124959,0.0017236291797791746
124960,0.07463919971913502
124961,0.0022109002207449796
124962,0.0003678409255943298
124963,0.0005044215712483577
124964,0.0003030157176466173
124965,0.0005463804999493478
124966,0.0001941299580971564
124967,0.008289610144161668
124968,0.0022535756190387663
124969,0.022702119316370315
124970,0.0007181723922107085
124971,0.0029247033319055203
124972,0.9876454979900295
124973,0.0018433290782358428
124974,0.0009321937167830806
124975,0.0008324792274050962
124976,0.00968220600055421
124977,0.04876499297013755
124978,0.00018445437734540562
124979,0.0009952623763484528
124980,0.0006008109339261389
124981,0.0064081478197005725
124982,0.012385302076122415
124983,0.016955297468869597
124984,0.00021093823871556018
124985,0.004903746583099962
124986,0.012134006747558906
124987,0.00019364648926510408
124988,0.000436558157347789
124989,0.0005162413782958397
124990,0.010050235418407362
124991,0.0002701768976259728
124992,0.003345694393427054
124993,0.00031901608651887023
124994,0.0008704584327622802
124995,0.001967183090559978
124996,0.00043669235437306786
124997,0.0008553251508372826
124998,0.00035602215955236454
124999,0.000621069095181507
125000,0.007847957866605602
125001,0.0008713232407947074
125002,0.6730498602134348
125003,0.00033325766793994933
125004,0.00041595473293360374
125005,0.0004724276061724743
125006,0.0002994465230115788
125007,0.00040103724456340737
125008,0.04348028947724165
125009,0.0002064474562498673
125010,0.0003510851262281959
125011,0.015981959021017116
125012,0.052242845737817616
125013,0.00294993628570337
125014,0.0018032294008872936
125015,0.08230330981879189
125016,0.0005025812993345527
125017,0.0014257459439918974
125018,0.000485974169957765
125019,0.0010730439789271515
125020,0.9836019895607917
125021,0.009497024865680184
125022,0.0005680169357013533
125023,0.22868598831409884
125024,0.0287695723840691
125025,0.0008592882257240544
125026,0.0003159750969018678
125027,0.9826480362439748
125028,0.0005980904122880306
125029,0.00425700417955291
125030,0.00407780790250513
125031,0.003716586838865819
125032,0.0002219886047937392
125033,0.001334236564965222
125034,0.0002693042536167016
125035,0.996321232758984
125036,0.0022057726793149107
125037,0.00018828319024947964
125038,0.029595885041465587
125039,0.02598392124275355
125040,0.0019129536383093522
125041,0.018269432193834114
125042,0.0004778036587668386
125043,0.0001901629249649206
125044,0.00033426068508200644
125045,0.0008428781653968305
125046,0.00045196871578743276
125047,0.007573966977464841
125048,0.001717062824190448
125049,0.0002630312084540903
125050,0.0032509430676824005
125051,0.9935029048352777
125052,0.00047411087533801087
125053,0.000616473293697778
125054,0.00033120552553956624
125055,0.002411714427942494
125056,0.005466250167190072
125057,0.991136957931125
125058,0.0009271569208555067
125059,0.0007780106484544511
125060,0.0031512143982241492
125061,0.00040728635617492455
125062,0.061025488740182474
125063,0.015221202513173701
125064,0.00043579997942816987
125065,0.00022516447387514523
125066,0.039250599361301826
125067,0.0026360285998345335
125068,0.9919201497199039
125069,0.0013165387155263386
125070,0.0007891155390297434
125071,0.00038260028568385486
125072,0.00039452083283824155
125073,0.0032040768560902895
125074,0.0011017035527488232
125075,0.0002622252377439145
125076,0.0005676540916305725
125077,0.0006778074104272354
125078,0.08768641112646722
125079,0.0022782555391818765
125080,0.9933663010570514
125081,0.020696434049973032
125082,0.0005057224755626717
125083,0.003363543025629573
125084,0.0004031890159463541
125085,0.0034091285670105075
125086,0.0101783745774107
125087,0.0002726099551820335
125088,0.0011381327226428074
125089,0.0007420979029530653
125090,0.0007975327997636095
125091,0.001164896598684846
125092,0.005466670427245995
125093,0.002431416114355081
125094,0.0003709690881669327
125095,0.004980386595685512
125096,0.0008408986053414645
125097,0.0005143855149536585
125098,0.0009167901305925841
125099,0.0042545485102521334
125100,0.00029052693044609353
125101,0.0005740812451995142
125102,0.9857905388296218
125103,0.0007855846396835525
125104,0.0002640424616760406
125105,0.0019356130637373239
125106,0.0003267839707635998
125107,0.007738283799875205
125108,0.0027055344334769565
125109,0.001141156009535149
125110,0.989284340166301
125111,0.994386125663082
125112,0.00025005238288902757
125113,0.0002088810477436702
125114,0.0002860726654969395
125115,0.000820208378251895
125116,0.001324729900581901
125117,0.0004417492434292274
125118,0.0006062059466159112
125119,0.00036075022038939143
125120,0.04330455693390869
125121,0.0012797991895213484
125122,0.000463857194890369
125123,0.00025894344247630064
125124,0.0005039426212672737
125125,0.0008456075655024923
125126,0.9903598550715859
125127,0.0005301760929214302
125128,0.5561942271438743
125129,0.0013879178870826623
125130,0.00634769336100298
125131,0.001681807644191852
125132,0.0003618343296751955
125133,0.9875653021655328
125134,0.00045650826834194594
125135,0.07392284441760073
125136,0.0030207685280971815
125137,0.0016500983452389067
125138,0.9578406773738368
125139,0.00946252997912747
125140,0.00031232027473686216
125141,0.09328761402453413
125142,0.001091185398630965
125143,0.9898545228501077
125144,0.04331689467711269
125145,0.002015001193237458
125146,0.0007019909616346961
125147,0.0009829493139550212
125148,0.0034668508373375435
125149,0.09110882870021839
125150,0.8667616595771153
125151,0.0001761039389577823
125152,0.01404150814652342
125153,0.0008550807088398835
125154,0.0003500394041263623
125155,0.00042368485544171434
125156,0.0018609195112346266
125157,0.0009085432567857663
125158,0.00032932993295948625
125159,0.9825600207428979
125160,0.0002532905480080366
125161,0.0008135923340339155
125162,0.0009010602586008279
125163,0.000997682083896717
125164,0.10136212349333443
125165,0.01374811041503019
125166,0.0012539883347109783
125167,0.0011926384483160566
125168,0.0016862037117688126
125169,0.0019630841292808
125170,0.0014106246454916563
125171,0.0005101940373992115
125172,0.011627013076855321
125173,0.00013464660502466767
125174,0.0012132689650415115
125175,0.0033716812210207573
125176,0.0005642659651323298
125177,0.00030162918521262956
125178,0.00043482997679291166
125179,0.0004432000807748643
125180,0.004068511565423295
125181,0.00044926488646520815
125182,0.00043220246307808935
125183,0.0028721250194060303
125184,0.00034230042312326014
125185,0.002087190541292871
125186,0.9861030139052332
125187,0.0003706638760670595
125188,0.001548327073136745
125189,0.0034518759404813127
125190,0.0022816693843256256
125191,0.00037002865552638047
125192,0.001057038669013933
125193,0.0008584472499778042
125194,0.9921172948515087
125195,0.0013592251194898249
125196,0.0016645316510608386
125197,0.00016592103526346744
125198,0.0010377833175071287
125199,0.0006481431097598894
125200,0.0011806867925930958
125201,0.00025044487150416734
125202,0.0011828966687046731
125203,0.0002511973757809371
125204,0.005104782138140533
125205,0.991203630577296
125206,0.0011808517942943437
125207,0.0012218400821109702
125208,0.0002692712122397598
125209,0.9925788450980783
125210,0.007847333416716128
125211,0.0003900624511763176
125212,0.0010594314040656663
125213,0.001913226088698661
125214,0.0005901280654226597
125215,0.993168268547094
125216,0.013981216823402634
125217,0.0001723150767579415
125218,0.00024864551658163487
125219,0.0002822125305961699
125220,0.0028075695614184263
125221,0.005785638653768327
125222,0.006215197936681725
125223,0.9936158321524952
125224,0.005668025946535276
125225,0.9908603218789301
125226,0.0010998378698350477
125227,0.0009853283393344734
125228,0.00014921671073387266
125229,0.0006281647077433617
125230,0.9942631197052711
125231,0.0008210467588735147
125232,0.00335616383480755
125233,0.00044293209877227025
125234,0.006256772270444964
125235,0.01982437998138828
125236,0.002690414582584516
125237,0.00033757446693045176
125238,0.021858222968869887
125239,0.9913572795100944
125240,0.01869129238413613
125241,0.0008802493329278869
125242,0.000960328503966752
125243,0.0005317194312086788
125244,0.9758605435175065
125245,0.0018383715278339472
125246,0.02166004455599778
125247,0.0005051238315390341
125248,0.0004288800193649409
125249,0.03710482650354107
125250,0.0010750701976129
125251,0.9759218077570292
125252,0.0004240694498899799
125253,0.00022150356136407218
125254,0.0003188954387870042
125255,0.002328586991090346
125256,0.0005698506440867385
125257,0.005334660786683847
125258,0.006994659117139558
125259,0.0003330820393401977
125260,0.005993746847245791
125261,0.0003574060149589527
125262,0.0003360050917914419
125263,0.00342581966634302
125264,0.0009870677852429394
125265,0.0004108769410649447
125266,0.03140090457599683
125267,0.0003672371058555544
125268,0.001345441527604499
125269,0.000726315390837315
125270,0.020211090605183838
125271,0.9894146377347259
125272,0.003511299528519047
125273,0.00044174989911122456
125274,0.0014479827641227265
125275,0.0004987667324350303
125276,0.001173684950564974
125277,0.0037582862899940483
125278,0.010273565366857805
125279,0.0025218154452367786
125280,0.059866874012454
125281,0.00030990856460671556
125282,0.0004323664249401731
125283,0.9922150658991626
125284,0.145020170092489
125285,0.00045648139470822396
125286,0.0042746795594928375
125287,0.0022211928222349757
125288,0.00022107087404060914
125289,0.001043311913703612
125290,0.9824616651422192
125291,0.000432048615170882
125292,0.006677771043330263
125293,0.00042365397475412785
125294,0.00020094846592325435
125295,0.0017419641640464194
125296,0.5543487610009268
125297,0.0017754004492068903
125298,0.0002539102692858354
125299,0.0006990901031676457
125300,0.0012068051961789162
125301,0.00020963921584425037
125302,0.001642436630976077
125303,0.0005335185171611133
125304,0.00010784696836323993
125305,0.0011925390505379669
125306,0.0006299650457496217
125307,0.0007191402495119853
125308,0.0003675477589995116
125309,0.000844308930084998
125310,0.1653638790261138
125311,0.2833035767430993
125312,0.00026328818429253336
125313,0.005363791068255039
125314,0.001322147878341123
125315,0.0005849376367482352
125316,0.0021026765564074513
125317,0.08082609842312348
125318,0.0052494199060046706
125319,0.0016756814926588107
125320,0.0002343732257766132
125321,0.00015180075165544292
125322,0.0004032085427200596
125323,0.00043500615010979687
125324,0.0009218931076410037
125325,0.00032771761807440106
125326,0.0010348064032895126
125327,0.007001294154426067
125328,0.9937617610773009
125329,0.00032429490361068864
125330,0.000163731357287953
125331,0.0003003286885607614
125332,0.03610451990133336
125333,0.0023354416443674936
125334,0.12448861516348865
125335,0.001141166384449837
125336,0.0005437301387156961
125337,0.0002916581213482579
125338,0.0019496015308706996
125339,0.9955762326501447
125340,0.0008764493831019702
125341,0.00018349762829641763
125342,0.0011971757508368345
125343,0.008831709532399402
125344,0.0009117167486380862
125345,0.00028936150421658165
125346,0.00033764677951904034
125347,0.0008362632677783978
125348,0.9557123336131854
125349,0.00027875641596347277
125350,0.10354194296772706
125351,0.007375038493377915
125352,0.012369499267285472
125353,0.00035247012309284426
125354,0.9903403566289
125355,0.0004615226726156536
125356,0.0066381904729151614
125357,0.19480003805107482
125358,0.00024381079126912632
125359,0.02082151449083002
125360,0.0001520752630077545
125361,0.9864527690422606
125362,0.0014111440488036925
125363,0.0009549170366857612
125364,0.0010115682304300303
125365,0.00016354791062085536
125366,0.0016000112277886655
125367,0.0005508937687654317
125368,0.0005845260788944157
125369,0.0010268272018056517
125370,0.0021095646282963862
125371,0.0008022517532202053
125372,0.9905770106993264
125373,0.0003236104138062323
125374,0.06469657925486019
125375,0.993882276827891
125376,0.0007792312967306044
125377,0.00033836026448637015
125378,0.0072108822423475865
125379,0.015498728658768775
125380,0.0003871215765860577
125381,0.0010330588008199528
125382,0.0007411135860571621
125383,0.8172368204434967
125384,0.004420002130267427
125385,0.03111559589274158
125386,0.00045075026817320904
125387,0.0004256430609488025
125388,0.004061679101272027
125389,0.000977496314029827
125390,0.0009310599757103186
125391,0.0002906508011425883
125392,0.001371553735436318
125393,0.0005523214369968141
125394,0.02889836885798051
125395,0.0003365133608710859
125396,0.0005065286843251863
125397,0.9842304744452118
125398,0.9878392638289193
125399,0.0004596950226774562
125400,0.025315576962879092
125401,0.000898317562936561
125402,0.000663278088542009
125403,0.0973012295169161
125404,0.00015993411156523503
125405,0.000590206135109725
125406,0.9878312100390645
125407,0.04024181077231451
125408,0.0022332952044711784
125409,0.022211169385241834
125410,0.03035666688292865
125411,0.0003761150514844163
125412,0.0013703670256109983
125413,0.0002824407761881235
125414,0.0003973711524522423
125415,0.03342709707854052
125416,0.0006193884146687158
125417,0.0013795653788760296
125418,0.0014759167527464135
125419,0.00014795278326774466
125420,0.0009055162051759092
125421,0.0014768754140473072
125422,0.017881888106038274
125423,0.004213006499207472
125424,0.08447078413487709
125425,0.00014368963053149302
125426,0.000519326267384109
125427,0.0005554467629078127
125428,0.00017961243889533213
125429,0.0007226175590028081
125430,0.0029128617828781795
125431,0.007874976388963584
125432,0.007679984587606582
125433,0.00025813479541843173
125434,0.000375690015551998
125435,0.00031047550408622355
125436,0.8328747824731682
125437,0.00046017488475260504
125438,0.16000320187165537
125439,0.0004724209896246347
125440,0.00021869741207725224
125441,0.010923273675535363
125442,0.0009983691363643979
125443,0.0002495228054298294
125444,0.00032223546271387425
125445,0.0009034942491808638
125446,0.00029667083107166924
125447,0.12495990487905999
125448,0.00022113764187000517
125449,0.002927094840621909
125450,0.0013921136745314627
125451,0.00023648658730525784
125452,0.0003350246579212744
125453,0.008148064084154125
125454,0.0008086311032312809
125455,0.003973280556722846
125456,0.0010133151686598227
125457,0.9874204016619903
125458,0.8540750528528381
125459,0.0013214091085603794
125460,0.00030810952250315835
125461,0.006354962350257026
125462,0.0007028377000180313
125463,0.00025252444901073746
125464,0.0011165216942206192
125465,0.0014253274142552712
125466,0.0008636712306096199
125467,0.00019771630158913357
125468,0.0004050332137091488
125469,0.01442654626286687
125470,0.006599051109150174
125471,0.0005372013079998505
125472,0.9812807262933936
125473,0.0013882183267329045
125474,0.0007613422718764141
125475,0.0006809008137713088
125476,0.0005373678641886355
125477,0.0006433224281784258
125478,0.00602979670800834
125479,0.0015820158516391624
125480,0.0014778093208101836
125481,0.0015721279530535506
125482,0.0003481042016456415
125483,0.4514508364325122
125484,0.003817441446350507
125485,0.0003767126091278067
125486,0.9885156794868972
125487,0.003145983819248711
125488,0.0042217562622482085
125489,0.000306494476670895
125490,0.04956319294992188
125491,0.0008830450634370542
125492,0.02576742114512046
125493,0.00032977741009508366
125494,0.03774984671870518
125495,0.00043915616256698495
125496,0.005747020380285698
125497,0.022131611434134436
125498,0.00028992505879905456
125499,0.01366621525613792
125500,0.0020079579183570825
125501,0.0017867221934898554
125502,0.001048271849090783
125503,0.023183578747307226
125504,0.005300194749692578
125505,0.009922457235943132
125506,0.0007438566114537349
125507,0.0035042982873656533
125508,0.0004252660252091605
125509,0.0005234259957119471
125510,0.0006057625461144254
125511,0.00030761262934162885
125512,0.00043879515412184806
125513,0.000501423176950314
125514,0.00023847091533044435
125515,0.02789516065709231
125516,0.0007828044222355316
125517,0.005198497829491313
125518,0.007256415459946323
125519,0.0005030234635799916
125520,0.9902379258429083
125521,0.000518329769202259
125522,0.00039371073380300764
125523,0.011365922548651248
125524,0.0008108947314638111
125525,0.000616599878253828
125526,0.008544947727779797
125527,0.0062468503523956526
125528,0.000952624170695908
125529,0.000149343857579703
125530,0.001324645061649009
125531,0.0005628983581615884
125532,0.00045986590176748566
125533,0.0006438246587389193
125534,0.00015225127310641124
125535,0.0004040451098618582
125536,0.0003397084307440927
125537,0.02442343245111575
125538,0.0008766039544992405
125539,0.00024964357753755133
125540,0.027626703950390238
125541,0.00011723313353246095
125542,0.00045548502336621943
125543,0.000528583283328066
125544,0.00013382205223408643
125545,0.0005721171922148237
125546,0.0001921538727529564
125547,0.0013834899178647663
125548,0.00029858504530208584
125549,0.001499686150024658
125550,0.00042495168507797717
125551,0.0013545228193664845
125552,0.0004984886175533661
125553,0.3487352900054914
125554,0.0010054301270484782
125555,0.0005361763186160887
125556,0.0029958620822509345
125557,0.0008738368381920504
125558,0.0038303931293475935
125559,0.0005070471139975931
125560,0.0007267690159449426
125561,0.00678952324945165
125562,0.0002941246649890555
125563,0.00021197621273287616
125564,0.0007692415333897477
125565,0.00042517382808346523
125566,0.0012757448314975675
125567,0.002199462583487002
125568,0.015702447947165833
125569,0.0029447017980474446
125570,0.0072221057297553815
125571,0.0015921086708871339
125572,0.0004510280600409174
125573,0.0017233265240978307
125574,0.974809258369795
125575,0.023870066056893673
125576,0.9915735669516998
125577,0.0006010202299335404
125578,0.017326804706140574
125579,0.0012561804189952614
125580,0.0003011915666112318
125581,0.0011971771365615863
125582,0.0036717364446329074
125583,0.9966603623734398
125584,0.0004710758880620594
125585,0.0003896692183873045
125586,0.002205952145179987
125587,0.009636091899881604
125588,0.007634408740451412
125589,0.0003175531276404193
125590,0.0007076745030915927
125591,0.001648698391653425
125592,0.01128694505787222
125593,0.6334719579353842
125594,0.008822285251301746
125595,0.010069227225764879
125596,0.5822935599622336
125597,0.00030424809811727707
125598,0.0009522028682734592
125599,0.057439606012929495
125600,0.005695585376264472
125601,0.001405505824569363
125602,0.0004440623415293059
125603,0.000525320667064816
125604,0.00045380916712858913
125605,0.002086479288952633
125606,0.0002351334622378701
125607,0.0066715706607112495
125608,0.0002531884575719903
125609,0.0007348610596379205
125610,0.00042159778521048133
125611,0.008730828450751484
125612,0.0013654871282484636
125613,0.0005596027786667371
125614,0.0012065806657374986
125615,0.044671938030628695
125616,0.9893516990039846
125617,0.00045032056768842604
125618,0.0090429882820399
125619,0.008585150681283689
125620,0.0011099201192278755
125621,0.00020519536573367005
125622,0.007319780472346067
125623,0.00035854005490255333
125624,0.0007385498663835921
125625,0.8201337982804158
125626,0.9845237949609789
125627,0.0003368641350990654
125628,0.0025697368293295876
125629,0.00020945472294378148
125630,0.008238470537862058
125631,0.0005339758858344112
125632,0.0002238937159312671
125633,0.0003929610254219309
125634,0.00013309298041946455
125635,0.0007054074207958231
125636,0.006452166621965307
125637,0.0004120017047682457
125638,0.001519997036256743
125639,0.0006564543591494292
125640,0.011368152765323701
125641,0.0016356552332171996
125642,0.035763915344743796
125643,0.0016814039816735512
125644,0.0004409659741425871
125645,0.0004856435192694942
125646,0.000592136471175225
125647,0.02229630619516866
125648,0.0014459618581835099
125649,0.010528669060519504
125650,0.00022144843733576245
125651,0.0006986226155745383
125652,0.00013301945284458088
125653,0.0003091837737299749
125654,0.0028969621800429973
125655,0.006498004950154764
125656,0.0008113909740293559
125657,0.0060850204881535835
125658,0.00023612222077887902
125659,0.0014260529827235268
125660,0.019988886869044677
125661,0.9862804235306277
125662,0.0002169543655283127
125663,0.024519949148841366
125664,0.000658348102828681
125665,0.0004005100784906777
125666,0.9899337730075504
125667,0.00027974610058696496
125668,0.00017888215346439936
125669,0.0004417898541480059
125670,0.892333888338321
125671,0.0013654667059738597
125672,0.0005508724808275612
125673,0.004876632467840764
125674,0.6136049444444972
125675,0.0011861613335758965
125676,0.008688438947881757
125677,0.00022754370684240668
125678,0.01124005455963622
125679,0.0008795831956749749
125680,0.02427827011488309
125681,0.00036714820466083724
125682,0.001989560748237024
125683,0.0005819465651996893
125684,0.0007737417838659314
125685,0.00032267809126532696
125686,0.00042407379799419196
125687,0.00036708176219869837
125688,0.011103640585351878
125689,0.0002131723080211153
125690,0.00034406965916858095
125691,0.0003256122090510725
125692,0.00029424664523086376
125693,0.00950173298065683
125694,0.02168018418266552
125695,0.02135615163928643
125696,0.018299349618652976
125697,0.004990565158415877
125698,0.044935659987088435
125699,0.0054546979306213375
125700,0.002657424408918422
125701,9.837877980528428e-05
125702,0.0024928818335771463
125703,0.00020410311196378722
125704,0.017653077238553166
125705,0.0009049235516335172
125706,0.00955405572427146
125707,0.00015489776930989167
125708,0.8049031755310103
125709,0.00034623857752585875
125710,0.00022470887848188186
125711,0.0011684652988819093
125712,0.0014553592109898038
125713,0.0019337207142436498
125714,0.0033005300723800493
125715,0.0001402747058922425
125716,0.0005495935155620311
125717,0.007676307257950734
125718,0.9634858244771138
125719,0.0018616349272863938
125720,0.0005372907468877463
125721,0.0073855722458440205
125722,0.002933206774630437
125723,0.0002603612586399139
125724,0.00019196651705067562
125725,0.9910378530922025
125726,0.00043400327566271366
125727,0.005726254179015159
125728,0.000662494325390068
125729,0.0005054273050179752
125730,0.0010388648911336979
125731,0.00509469107940823
125732,0.007961991625761196
125733,0.0013895746915557668
125734,0.000299617925722352
125735,0.020803030856844047
125736,0.0009803369043837045
125737,0.9912747162016405
125738,0.006341258345606985
125739,0.011785387687017453
125740,0.0004579905179289825
125741,0.0004883332757262191
125742,0.9802449385223988
125743,0.0005122903213793842
125744,0.00017870675583704643
125745,0.0003290721844360887
125746,0.001317817828302375
125747,0.0002183592731657375
125748,0.00015527208017661594
125749,0.9936686029929817
125750,0.00033701480852751063
125751,0.0001729565056890756
125752,0.00776120865797945
125753,0.014944656795720365
125754,0.9863553566464838
125755,0.00025055767325705356
125756,0.00025028535040639205
125757,0.000615528243917329
125758,0.000381349280213298
125759,0.0011483538606109195
125760,0.07720823389098481
125761,0.002275375905840009
125762,0.9022533494324785
125763,0.0024615416141994598
125764,0.9838165672467126
125765,0.004186067893766998
125766,0.007633946018375301
125767,0.00038932609627946504
125768,0.005456550053919904
125769,0.00020900193403013394
125770,0.0011761318230936967
125771,0.9798057804572954
125772,0.018866216714848512
125773,0.00812983851577285
125774,0.0003638461512548267
125775,0.004693161066805883
125776,0.003172804739465106
125777,0.060322086169999636
125778,0.0003515375924683424
125779,0.00043240659385082597
125780,0.0044660231409473
125781,0.000461930560987028
125782,0.9394689052598619
125783,0.0005300491036628707
125784,0.001121044294909223
125785,0.0008579007099481677
125786,0.00021174949211591782
125787,0.0005412134856913019
125788,0.0004726449934589928
125789,0.00022002354570030064
125790,0.00024537341292999305
125791,0.01711190305874524
125792,0.0001392489284152228
125793,0.0013901449661914895
125794,0.0005291508503743352
125795,0.0011671502108501254
125796,0.00022314649817341056
125797,0.0004944970724149229
125798,0.0004353870722100226
125799,0.008797689319502913
125800,0.005704147690189052
125801,0.00028375877987649065
125802,0.0002363401725021955
125803,0.00027024710041053827
125804,0.9945378994119377
125805,0.0009655182120810429
125806,0.0029655308358765165
125807,0.0006902672087175038
125808,0.000893191776173037
125809,0.8650460540657855
125810,0.0003418341880536922
125811,0.0036391812062698246
125812,0.0004968621127765002
125813,0.007387721847332298
125814,0.0008500968283394658
125815,0.00042005529903475065
125816,0.0003684194428246546
125817,0.004551844513256688
125818,0.00036855519406088483
125819,0.0009591364618752307
125820,0.0007711831886832128
125821,0.0007015770653485663
125822,0.00040990753842056095
125823,0.026288289104581412
125824,0.00021389573779414435
125825,0.0007963942525217581
125826,0.0008075834695548248
125827,0.0002938688619685357
125828,0.006057287475425738
125829,0.000704605078116921
125830,0.0003814633013820639
125831,0.00402401340627998
125832,0.0004358938529351924
125833,0.9903779433750338
125834,0.003858347195568406
125835,0.00027907994219397735
125836,0.9955518119968166
125837,0.0008098921346717105
125838,0.0012732530185029978
125839,0.007886203385512032
125840,0.0003996068847602669
125841,0.0006730769369341905
125842,0.0031172835984808727
125843,0.0004637085168313125
125844,0.04243906470227663
125845,0.017183333458828182
125846,0.3632153939380378
125847,0.002216938984215682
125848,0.0003926129255265051
125849,0.0009402411082667468
125850,0.0027242726811786623
125851,0.02922052496286328
125852,0.001630433922817048
125853,0.0005313912348087604
125854,0.00036416265846144706
125855,0.995113527875415
125856,0.00199443942222328
125857,0.00031744181789300046
125858,0.015934005586118506
125859,0.009660564375862497
125860,0.002723905111451851
125861,0.0002579401404184797
125862,0.0008403104419821287
125863,0.0004515022716310348
125864,0.0006188448263823209
125865,0.00011207071403007705
125866,0.0019180820532822295
125867,0.0009042576642981356
125868,0.17191621317430025
125869,0.009742885265439002
125870,0.0004924757269960079
125871,0.0012753622153731455
125872,0.0003357897434403319
125873,0.0003456759168394696
125874,0.003079482997099307
125875,0.00988889569484112
125876,0.0007462418875197565
125877,0.00920302940145966
125878,0.0014232399154590764
125879,0.0024150500174905548
125880,0.005624649193029114
125881,0.0115669059107443
125882,0.0006975533694359635
125883,0.000690680355601035
125884,0.0006766696792465204
125885,0.00047577373872061975
125886,0.002050501683006255
125887,0.0001863584175767376
125888,0.0003137097744165852
125889,0.009373792873264385
125890,0.009982701940504919
125891,0.001573563400441967
125892,0.0015241084300100464
125893,0.00033931031058882474
125894,0.1852322486946071
125895,0.8540540444019754
125896,0.0002533279877974156
125897,0.0015696767028388534
125898,0.9222284646200304
125899,0.0002663321221446426
125900,0.0006128256599381266
125901,0.9968416555578202
125902,0.9880435054899078
125903,0.00025800211747402114
125904,0.10457220440946347
125905,0.002821596227691351
125906,0.00029625671651212524
125907,0.039972572919194455
125908,0.8203417401646146
125909,0.0003554303708509719
125910,0.06878989982795523
125911,0.0004132874383989308
125912,0.0056023609379965995
125913,0.002269714461225037
125914,0.007082279922535593
125915,0.008619226653018732
125916,0.0006996442832524609
125917,0.00025256984074702675
125918,0.00023811903987373419
125919,0.02100211557485553
125920,0.00168926408418612
125921,0.0033569046620312054
125922,0.00024945438330691233
125923,0.0005262691708024636
125924,0.0015779197313735647
125925,0.002547435727970765
125926,0.00016888891286445193
125927,0.0002586171318458097
125928,0.0006631068931295478
125929,0.04203519175176482
125930,0.0017229391448692535
125931,0.0003192979577746071
125932,0.0008907004614406223
125933,0.00033591614543837116
125934,0.004898129274392711
125935,0.9868030719312998
125936,0.0003204594134605736
125937,0.0014297740912982346
125938,0.9913845114461506
125939,0.0005715729462293439
125940,0.001356825108679218
125941,0.0006590487581564692
125942,0.00021079865062326907
125943,0.0003672385236243236
125944,0.00013017300997465652
125945,0.0075314511206788694
125946,0.000984141921093591
125947,0.0005791329485150776
125948,0.0007488056645698002
125949,0.0007722522998505308
125950,0.9939438842388417
125951,0.0018424519595008966
125952,0.0015438748800653797
125953,0.016547937572740205
125954,0.011967356356970932
125955,0.0003099123755457805
125956,0.9186880999726591
125957,0.00039144753450606886
125958,0.00263823378437495
125959,0.00065568817203933
125960,0.0463012026723724
125961,0.001542531762420599
125962,0.00038500582813115724
125963,0.0029647763985397157
125964,0.0018182088673253498
125965,0.026579229456230688
125966,0.017680161181299038
125967,0.9894682973031352
125968,0.00033798175797748346
125969,0.00046701187646320386
125970,0.013170351156377366
125971,0.9423547611500989
125972,0.011640790427564808
125973,0.0010719392296098364
125974,0.0007765653149112579
125975,0.0002746122249952175
125976,0.001227059020077325
125977,0.06327762532238797
125978,0.00031771017853326214
125979,0.0009010919596154489
125980,0.011656962528310413
125981,0.9158525103769487
125982,0.001977011638982879
125983,0.0008660644575354286
125984,0.0004875973310801084
125985,0.04104903417831218
125986,0.0442944029682478
125987,0.0002557964461348299
125988,0.0003162349737569293
125989,0.29576829320396864
125990,0.0002409083662898488
125991,0.0005980268851352612
125992,0.0001799543299111931
125993,0.12880288260504943
125994,0.0005851353815094734
125995,0.002126062880974074
125996,0.0011276243080966875
125997,0.0002083365264661116
125998,0.008324634494199906
125999,0.0004890598773712414
126000,0.00031367016997794556
126001,0.9950614461712272
126002,0.0005142571173345571
126003,0.7896892439282728
126004,0.00019599529769996637
126005,0.00034920510575659066
126006,0.00017861324610253076
126007,0.0014822543258021434
126008,0.0004863452410361252
126009,0.011049578426246794
126010,0.00045254138903826416
126011,0.010598698623752447
126012,0.002882392552396766
126013,0.00013012425914908215
126014,0.0007958512152586528
126015,0.00034276339382709355
126016,0.005939256663592539
126017,0.0003877371217497287
126018,0.9754484704590961
126019,0.007122342495175444
126020,0.9871529473197682
126021,0.0005163717740193181
126022,0.9948934416920484
126023,0.00511531857369674
126024,0.0004543711719772112
126025,0.0008960509207268423
126026,0.00033246047126566866
126027,0.002753488757647821
126028,0.0005599440430770044
126029,0.0008806062238638538
126030,0.03174240178234853
126031,0.013817845189716071
126032,0.00022164901344627302
126033,0.007751062813298234
126034,0.0011359501965167197
126035,0.00038131180049815215
126036,0.9903061168769532
126037,0.001065329900349832
126038,0.6834850514988737
126039,0.00035879743677987003
126040,0.00031777857193968296
126041,0.0003762607108851467
126042,0.001625609266016112
126043,0.00040791707988246186
126044,0.0057964685723286375
126045,0.00040834556327961285
126046,0.00079961799637397
126047,0.0003248239960119288
126048,0.0003793782681983242
126049,0.9966160327852122
126050,0.0006976840025554521
126051,0.0005396418231650173
126052,0.00031632478555529
126053,0.016119461724562117
126054,0.003866094411902494
126055,0.06205263121973308
126056,0.000861898202233452
126057,0.004465165731703867
126058,0.000516019366645213
126059,0.0002985153652689594
126060,0.156131061551316
126061,0.0012007157289888309
126062,0.002546827773936124
126063,0.0016858636716728605
126064,0.006850337976454521
126065,0.005403919889417034
126066,0.0008198114101616474
126067,0.02030949874397926
126068,0.021054839298005865
126069,0.0007003998048713713
126070,0.0702277992166197
126071,0.002369485045055605
126072,0.0003148407864345793
126073,0.0015890908461631188
126074,0.0006734572439919353
126075,0.0016336929023462387
126076,0.002242909293186816
126077,0.00179653602716038
126078,0.0022166191437198142
126079,0.00418133646226065
126080,0.027822769340942466
126081,0.0006621980327667403
126082,0.003289622487419875
126083,0.9856961425215618
126084,0.0008667010603496771
126085,0.007141960414985832
126086,0.00040100004634759806
126087,0.0070343421357070115
126088,0.0027182158087655254
126089,0.005404598121102677
126090,0.0006136104873112859
126091,0.0011795998694683774
126092,0.00022556468587352603
126093,0.00034172138989646816
126094,0.001803849876088155
126095,0.0005750033912696495
126096,0.006269677688743463
126097,0.039013828225665355
126098,0.007498733937847381
126099,0.00627179304647595
126100,0.000869493299527157
126101,0.001915487733882341
126102,0.0019537616394280674
126103,0.0003563862285025872
126104,0.002893743873406751
126105,0.00026503051711043637
126106,0.0009742946537484035
126107,0.0013202970501595798
126108,0.0036850004408493365
126109,0.0002982893339439524
126110,0.005453626969400177
126111,0.00045254612333430426
126112,0.0008511584808873939
126113,0.00048577550340222846
126114,0.0004874876194550217
126115,0.0031070863842832075
126116,0.9947683239225391
126117,0.00018965355825440678
126118,0.00046265178379408575
126119,0.02081832240348478
126120,0.0009751862417036042
126121,0.0007532760458961955
126122,0.004749481284672612
126123,0.0011165039386295688
126124,0.00046668146369222935
126125,0.0001674440413373457
126126,0.00036288886967730805
126127,0.0002655767752511871
126128,0.6040487075447569
126129,0.0012788449012026586
126130,0.8974628918205628
126131,0.0002470340710877096
126132,0.00042660803817455854
126133,0.000394663264737802
126134,0.0009410230375569249
126135,0.9645799024800804
126136,0.00047774093239050843
126137,0.0020207512042882602
126138,0.0009840489493008297
126139,0.03445142763042176
126140,0.0074497297923011435
126141,0.00043459061712870144
126142,0.0009780690399237286
126143,0.0006018936151699505
126144,0.0020568152463899068
126145,0.001848782211274038
126146,0.00032023839294051295
126147,0.0017576090057346294
126148,0.0002821470299244115
126149,0.002203055410980976
126150,0.003936163755818712
126151,0.00016094914001387126
126152,0.0006059256260389271
126153,0.0012341083425645369
126154,0.004731630563832364
126155,0.0009124255991626187
126156,0.021924088530172973
126157,0.013316871004601659
126158,0.0010620097445403953
126159,0.007772737257118889
126160,0.10952691279115012
126161,0.0004083008658909848
126162,0.0006068146321061485
126163,0.07182030787331253
126164,0.00014652526560150932
126165,0.00440947231329861
126166,0.550432736464498
126167,0.0001868467150554067
126168,0.0005388123446836198
126169,0.041362783247480675
126170,0.0010340416614758677
126171,0.00036878917981181426
126172,0.0015129059658086825
126173,0.00030820927261548633
126174,0.09789698628559441
126175,0.0002763836172141628
126176,0.0011142093907500795
126177,0.0010217636566213742
126178,0.00015745823031598855
126179,0.000631355376038649
126180,0.0016577758185194107
126181,0.0014640023581760006
126182,0.8559086345432868
126183,0.0018282213893450363
126184,0.0001668085042620498
126185,0.000280363099764443
126186,0.0014528915908517737
126187,0.987675794160443
126188,0.0007488943571780018
126189,0.003083968668683758
126190,0.00011284803021146591
126191,0.0003800329402210855
126192,0.0009055992450721403
126193,0.003396370200364041
126194,0.0002954975464063488
126195,0.0006362673976551164
126196,0.10556581374130587
126197,0.02757767749477966
126198,0.0008900076078704337
126199,0.000899578141028228
126200,0.0007116592157263324
126201,0.0010910530001968512
126202,0.15192978878463054
126203,0.0004965737116237412
126204,0.0005479508906535353
126205,0.000677793323844755
126206,0.0003793892737357397
126207,0.0008614090369932346
126208,0.00023883746837829287
126209,0.0009355606069390789
126210,0.017152741183917696
126211,0.0039743636725850144
126212,0.0009131904404323832
126213,0.9441345272054879
126214,0.0018181061781217236
126215,0.00036490498459854277
126216,0.024911400668362824
126217,0.0072382711046264266
126218,0.0004059259066163981
126219,0.0003706457565053541
126220,0.0010573586303009594
126221,0.04272584233981378
126222,0.006505138262067276
126223,0.9372424271554815
126224,0.00026576214196373445
126225,0.0006733166656448029
126226,0.00133250085492587
126227,0.9917621326400122
126228,0.00026481310292523607
126229,0.019045418910020956
126230,0.0006697419764137873
126231,0.027097255724138375
126232,0.8454137521317601
126233,0.46875930349703226
126234,0.9866316383671442
126235,0.001458795523310841
126236,0.07241224092486821
126237,0.0006849293936617453
126238,0.00020235147446621054
126239,0.9899702450680876
126240,0.0009454521750554433
126241,0.0008934463193909631
126242,0.004567320955043317
126243,0.0002152592409606572
126244,0.002378889265903447
126245,0.0020671942547381456
126246,0.0003846008169571253
126247,0.0010259524296851012
126248,0.0013711193758306503
126249,0.05799403398041957
126250,0.9672398191573747
126251,0.9906956147993825
126252,0.0005531056393504341
126253,0.000463113429978137
126254,0.0003593824807552442
126255,0.00032730269306828925
126256,0.000791462734352815
126257,0.000504043675064161
126258,0.0015579165291870654
126259,0.00040072931187451965
126260,0.0007713571143849108
126261,0.0002946994696712071
126262,0.0016515551586017009
126263,0.000552809844351933
126264,0.008461259176979756
126265,0.00041813689954250775
126266,0.0015041699628008448
126267,0.37163203349290524
126268,0.0003704971957836583
126269,0.0005270636932576582
126270,0.9865989897505817
126271,0.0024704093737396714
126272,0.0005698816028876362
126273,0.002930286873563743
126274,0.00022658793882604166
126275,0.0019321366355421945
126276,0.0003590516864509205
126277,0.0003346709960095125
126278,0.005635130112562433
126279,0.0001683460095793066
126280,0.0012150275689870413
126281,0.0003855947337925226
126282,0.005210913201804119
126283,0.0013631834038754429
126284,0.0003041897742265203
126285,0.001417265248567449
126286,0.00030211036090807
126287,0.004809868625682312
126288,0.0003837050236092575
126289,0.00025854036512611915
126290,0.004207976078462684
126291,0.0011549701423566906
126292,0.0003657432861796395
126293,0.0016126708468239559
126294,0.00841007997173816
126295,0.03228416198040874
126296,0.0026141842585135464
126297,0.00048203087667751296
126298,0.0015252704487763566
126299,0.0002822379350781502
126300,0.030012555669811487
126301,0.00037651943418340973
126302,0.9924360293826162
126303,0.0002035766881465119
126304,0.0016161398175678638
126305,0.000537825341828709
126306,0.000434858950276793
126307,0.009220073790868
126308,0.9906037017512146
126309,0.003371859468123659
126310,0.00018992407008183983
126311,0.002928645087333365
126312,0.0004264296717306999
126313,0.0019823306130031834
126314,0.005502930869012169
126315,0.00016231975513131733
126316,0.0004002930857494075
126317,0.00021266454912506117
126318,0.6838215290584844
126319,0.011361883299154253
126320,0.0015791610088085575
126321,0.0003120730756648788
126322,0.0002652478022174653
126323,0.038768788270763986
126324,0.0018614166657933524
126325,0.02621356147579506
126326,0.0004566269994641738
126327,0.006487898185472636
126328,0.00037479399249256437
126329,0.0008638691376885735
126330,0.00024083549720628597
126331,0.0008756888421441879
126332,0.009960327988218167
126333,0.00042741066907551627
126334,0.00020381307637658028
126335,0.6341455689132645
126336,0.9157719975699965
126337,0.000865215111542157
126338,0.0007982422850141383
126339,0.0003821453517506093
126340,0.09842140808304857
126341,0.0013850073738272013
126342,0.36136253653119194
126343,0.0007914958418866533
126344,0.9399600202876286
126345,0.04616629328934416
126346,0.0002540458965660866
126347,0.0007901110623898056
126348,0.004714130052357499
126349,0.9920093317473313
126350,0.0015093749349613448
126351,0.031319826286483575
126352,0.0004872553928928819
126353,0.000839207620970661
126354,0.536715871422034
126355,0.015448945180411218
126356,0.011258668610713967
126357,0.000347088922790871
126358,0.00020684573265566998
126359,0.001146799410809773
126360,0.00586096824560802
126361,0.006160399608545394
126362,0.25156270207488435
126363,0.0013832119984264887
126364,0.004695659391393663
126365,0.0001736348585192714
126366,0.9686075583421068
126367,0.0004151438971563857
126368,0.0004324156800026747
126369,0.9920535676665194
126370,0.00039211619688615405
126371,0.0010569021285130678
126372,0.003940310117565884
126373,0.0003838965824527047
126374,0.0003689431311508145
126375,0.004989652410780678
126376,0.0030958194173927476
126377,0.00040234933508138146
126378,0.002181766711085823
126379,0.0002545152646676533
126380,0.0008770581193300851
126381,0.01416251623685001
126382,0.001993541058446125
126383,0.9977210332953936
126384,0.000501694841384848
126385,0.001272319931436841
126386,0.00035770171989316405
126387,0.004267386891042082
126388,0.00044458702946718415
126389,0.0015760656880362384
126390,0.004843067260374452
126391,0.00753840238192842
126392,0.0005811555895866246
126393,0.0003276188895937799
126394,0.005995718304716609
126395,0.0030836337628587073
126396,0.0002397595284170504
126397,0.001281766591367598
126398,0.000322292410918994
126399,0.00048367181571057837
126400,0.011825128490250804
126401,0.0004200715878062863
126402,0.00036124462362463114
126403,0.03409248750557149
126404,0.00034883547675248604
126405,0.0002839054901229549
126406,0.006552655234378918
126407,0.0022226208244583412
126408,0.9489217499344493
126409,0.013172892031036117
126410,0.0006722584824326937
126411,0.0008204695207612789
126412,0.00043587563796442083
126413,0.7514863055817377
126414,0.00023536832435919905
126415,0.0005438772084308767
126416,0.0010261562805881808
126417,0.00021230463521368682
126418,0.010093598608931558
126419,0.0005843597200298584
126420,0.0006356872332595702
126421,0.0061715313038573395
126422,0.00029545043517150484
126423,0.0002795293922317141
126424,0.0001647420671008663
126425,0.9866016076618255
126426,0.9791007789551862
126427,0.0005490500548974264
126428,0.13313607352956122
126429,0.0003172931862712788
126430,0.0011507556357870968
126431,0.000424193824538594
126432,0.03245707191461937
126433,0.0150777892892142
126434,0.0009390444449749629
126435,0.08535841857045828
126436,0.00034747682014624415
126437,0.0005396250567336765
126438,0.0004120586500547124
126439,0.00041388390712952236
126440,0.0007693480651805555
126441,0.0007429602993109236
126442,0.0013164382777885039
126443,0.00028015481151883516
126444,0.00040592213135446
126445,0.0015458089341845907
126446,0.00021328718764757838
126447,0.9926886455974094
126448,0.0008352274157572425
126449,0.0010314061500633213
126450,0.011749981554671024
126451,0.0015042851809168626
126452,0.0007189604354574286
126453,0.005225382009693643
126454,0.00015267417698124915
126455,0.9781605077711056
126456,0.000510644682389204
126457,0.002231812065448577
126458,0.0004814700271778693
126459,0.0001936191882371529
126460,0.9925217853713568
126461,0.009565026660828467
126462,0.9944027487135677
126463,0.0004682834396658965
126464,0.022787779128967112
126465,0.016522742142584743
126466,0.042363302316244994
126467,0.32024733962558066
126468,0.0006938103700395716
126469,0.0006572439603180706
126470,0.00021048942249615447
126471,0.00017173516335375997
126472,0.0001572697991927512
126473,0.00030054351350768045
126474,0.0002378724141102954
126475,0.00011665832378975252
126476,0.014513296708377418
126477,0.0009927564697152524
126478,0.0007200772997072978
126479,0.0004895598591669553
126480,0.00016236262874024825
126481,0.00047190125913111814
126482,0.0002760579601027743
126483,0.00028016345872047203
126484,0.00024323571043187984
126485,0.00045117155779009297
126486,0.00026732092314437044
126487,0.005477714224496081
126488,0.0007061346762483598
126489,0.00041841377734485935
126490,0.00018287091659455806
126491,0.0004477740993493747
126492,0.07895623508191835
126493,0.0006415779300147873
126494,0.01464970029018099
126495,0.004689352890830674
126496,0.004822651783963468
126497,0.014147306093076592
126498,0.9850832909700509
126499,0.06394127163336558
126500,0.0004613653561637358
126501,0.0006509959301929421
126502,0.00486405787048112
126503,0.0007276901503503623
126504,0.0009207900186298987
126505,0.0004069983903275827
126506,0.9895046905148961
126507,0.01791427836239985
126508,0.0003086995698372112
126509,0.0015300897336764637
126510,0.0005224017917091739
126511,0.29181939961090864
126512,0.9933430487744562
126513,0.00017469840338109707
126514,0.0005026710426491218
126515,0.00520125448196093
126516,0.0011451060136415483
126517,0.0007178952886233639
126518,0.0004262850343273405
126519,0.00012376093473995487
126520,0.0002488377812248699
126521,0.007502997580134866
126522,0.18964223723631274
126523,0.9954093627052348
126524,0.0014281021205843738
126525,0.00026053808192095775
126526,0.0002722808005214985
126527,0.004944512525701232
126528,0.0024945190745422493
126529,0.17619713712856397
126530,0.03492237265211304
126531,0.010572513143998477
126532,0.7798977486625993
126533,0.0005944803923167792
126534,0.02451967721823722
126535,0.001173895938910475
126536,0.057800615276889976
126537,0.0025796192505784066
126538,0.0007471679228886739
126539,0.0011686743243345282
126540,0.023983850585035216
126541,0.9852315661261917
126542,0.008872520207644178
126543,0.0004659585503022654
126544,0.0006407453177092587
126545,0.002716377822623516
126546,0.0005158645511807392
126547,0.046659384072276947
126548,0.006839583213631664
126549,0.0023741501821338967
126550,0.024154004585235863
126551,0.008185685160670645
126552,0.020865801627698535
126553,0.0002292982334210367
126554,0.00047322956432747487
126555,0.00089105419728868
126556,0.0003649212903384322
126557,0.00041574844879300945
126558,0.0003410499420714997
126559,0.00736882963070856
126560,0.006403672889751281
126561,0.004551930614332504
126562,0.00023593466908993646
126563,0.00023685093322792916
126564,0.0005893863593137058
126565,0.00021350135710684976
126566,0.9788335612019102
126567,0.007017581092706972
126568,0.009809177135734471
126569,0.0015108620667536677
126570,0.0010652046253352507
126571,0.005957507288274181
126572,0.9875477357321115
126573,0.005656460125157129
126574,0.0010522799090895531
126575,0.00015861218689258458
126576,0.015226836445873878
126577,0.000928330174350915
126578,0.0005737166130611246
126579,0.00024033502615172027
126580,0.00025116201295830086
126581,0.0012113014564420883
126582,0.0004570230134648916
126583,0.005438157218603088
126584,0.0005058747496808342
126585,0.0001804877090997114
126586,0.9840932537777127
126587,0.01111651109821343
126588,0.0010735816237191188
126589,0.00017272272012944896
126590,0.034407322829850207
126591,0.994639844577339
126592,0.0003249358047292042
126593,0.0016551748759057194
126594,0.0007084611000719019
126595,0.006572414014446349
126596,0.2937086137301772
126597,0.0003836639399372447
126598,0.008218473981893602
126599,0.03748168313361523
126600,0.00039825124323533337
126601,0.0004198861560496198
126602,0.6074759177644814
126603,0.001616044572311699
126604,0.000994908115378078
126605,0.00025242906917701246
126606,0.0002838616976758401
126607,0.00013317481881320274
126608,0.000716533184138339
126609,0.02632174293580691
126610,0.017605156736466405
126611,0.023274726499407664
126612,0.05788179150987604
126613,0.01767778318635379
126614,0.0005873768627344726
126615,0.9885132977987647
126616,0.00016868251086121276
126617,0.0010732344381889052
126618,0.000318969123069238
126619,0.00021505087674485225
126620,0.0027796021907408883
126621,0.017279476578891936
126622,0.0002696201415060559
126623,0.00018970197513736261
126624,0.0004666833128869669
126625,0.0038101859880824633
126626,0.0002826237365265515
126627,0.9211097510792164
126628,0.0019416076851897575
126629,0.0005689114635166227
126630,0.004078810186252276
126631,0.017404137223726846
126632,0.0007808789096119147
126633,0.0006741597144304456
126634,0.009214872369259575
126635,0.002862726651152043
126636,0.000162965360471614
126637,0.033681903018959555
126638,0.00029051105523686274
126639,0.00033436795392471745
126640,0.0010257131201713038
126641,0.001233780376654455
126642,0.0016691376834615079
126643,0.00034642625934427966
126644,0.9038273777085974
126645,0.006976964872210631
126646,0.002926543131446944
126647,0.005799063054948458
126648,0.00039600221927564783
126649,0.003392670830571399
126650,0.004360637899205545
126651,0.007148281113921177
126652,0.0005601339574950459
126653,0.01892597784272907
126654,0.014386248734933918
126655,0.08701627003495725
126656,0.009124853028429693
126657,0.0006643680570541691
126658,0.9873791710285162
126659,0.0002739785193380444
126660,0.0006224072547563734
126661,0.0004352381384253925
126662,0.9885339525729068
126663,0.0004153669539611741
126664,0.0015755466766737044
126665,0.03957727306665411
126666,0.006999970079141243
126667,0.00030308433860872636
126668,0.0010405306617864327
126669,0.07178550350735256
126670,0.0002549956623513338
126671,0.0005824928730420428
126672,0.08686602900866651
126673,0.011541305369856366
126674,0.0002550503769567448
126675,0.0015649862401880112
126676,0.000579346444778674
126677,0.0007072525873890743
126678,0.0015397537585919744
126679,0.0007960732656716126
126680,0.0012243616133071644
126681,0.001452378199380366
126682,0.008270945127780446
126683,0.9701456229348443
126684,0.000192657853934616
126685,0.9857339608544584
126686,0.00022427201544105723
126687,0.0015460873155932074
126688,0.9941891150380231
126689,0.07837604820614635
126690,0.006894921940304794
126691,0.00024476772662134546
126692,0.01060579715293705
126693,0.0002527723623432783
126694,0.031112157855268635
126695,0.01623969023479113
126696,0.001265039324935345
126697,0.0013497330711616023
126698,0.002685959983396337
126699,0.0034278452735578896
126700,0.0019030693079450348
126701,0.2036691091744076
126702,0.0004412616842599237
126703,0.00122714124853782
126704,0.0024586527133636537
126705,0.00031139061975873314
126706,0.000426756158983886
126707,0.00017676116144822284
126708,0.0019488438279932916
126709,0.0030165382349350046
126710,0.0002914280306355516
126711,0.004537432468446559
126712,0.00016142635420167428
126713,0.007038102918312558
126714,0.0003181341087102383
126715,0.001168271550234586
126716,0.0003330506654573029
126717,0.4214841425595137
126718,0.00034148164209221206
126719,0.05154507252259676
126720,0.9940061511059023
126721,0.1055980109802131
126722,0.00044575735807080274
126723,0.004033071025841336
126724,0.06110683878793842
126725,0.00044521196284987225
126726,0.0006236225706298539
126727,0.00023887805235387277
126728,0.00031013165710488244
126729,0.007537825078556188
126730,0.019452287610815577
126731,0.001746579167974917
126732,0.00173027593060642
126733,0.0004946494758893786
126734,0.9951601831515791
126735,0.0019265706639591369
126736,0.001377385951778504
126737,0.0009672718750965215
126738,0.00037643984777060833
126739,9.261057503483867e-05
126740,0.0003950782813511968
126741,0.0019268098525239972
126742,0.0005790168556714154
126743,0.002102071877250633
126744,0.00016950150697777342
126745,0.009604653779996811
126746,0.0010380343602490918
126747,0.0016324784204057655
126748,0.013000282539719321
126749,0.0002217148380295083
126750,0.0012569002977972248
126751,0.00029191153924281534
126752,0.0007109807449029447
126753,0.0006611296556130714
126754,0.00014942907929156062
126755,0.011050827055598303
126756,0.0014771204238691066
126757,0.0182022610664308
126758,0.00044381271692898105
126759,0.003449780601747682
126760,0.008913456799693919
126761,0.9922875243795293
126762,0.0006343929243430621
126763,0.0004720798275280207
126764,0.012794570957769667
126765,0.0003030219584126082
126766,0.0006315758535353242
126767,0.00025175500537192555
126768,0.09294415469228814
126769,0.011303510173392702
126770,0.0013388313239974551
126771,0.0006454606759183338
126772,0.0052241146601217465
126773,0.0005774236726556848
126774,0.0008202881247575686
126775,0.0026391568140135403
126776,0.0005583294721926041
126777,0.0128539021129039
126778,0.0018798338138318082
126779,0.0030718769946150083
126780,0.00028445525893507686
126781,0.00047973453522528564
126782,0.0004902953423483788
126783,0.0005791463139830325
126784,0.0001381047605174677
126785,0.2569916635162939
126786,0.008850555696289963
126787,0.00010285001815353965
126788,0.00023513590177082
126789,0.006617437960406492
126790,0.03494849312167975
126791,0.0005722553613538972
126792,0.000541154830425836
126793,0.0003073376614714837
126794,0.011908774471478643
126795,0.0020035034949346026
126796,0.9492372717504074
126797,0.00032681577488678543
126798,0.0004430323085731741
126799,0.038502359081370556
126800,0.020725838249392628
126801,0.0008778482615607073
126802,0.00036530168788664885
126803,0.007930851903269545
126804,0.0018071117967023967
126805,0.00027697810884577136
126806,0.00206149637705739
126807,0.0006584274121249724
126808,0.00033524610554677643
126809,0.00018545927107976697
126810,0.044757479571523325
126811,0.31805636573637946
126812,0.9523947940386783
126813,0.04680779969380254
126814,0.005042030309759102
126815,0.00016457486056296622
126816,0.000603579072728061
126817,0.003031657579731506
126818,0.00035198760513869355
126819,0.0006501885641521483
126820,0.9712943388813398
126821,0.0005105040147575993
126822,0.0002442672112564196
126823,0.0004307955667740409
126824,0.001978668363239465
126825,0.00024435912987565747
126826,0.0006379076211667295
126827,0.0006159974037536714
126828,0.00021490590892604642
126829,0.00038094387913005756
126830,0.0005191976560738693
126831,0.0006701231625983095
126832,0.12878831825560058
126833,0.9853694778372446
126834,0.0002780425098717082
126835,0.007716523948999375
126836,0.0017345552774094939
126837,0.0012900059182084018
126838,0.0037748524040096803
126839,0.00016848104841978622
126840,0.017415402739329365
126841,0.0002992912635186986
126842,0.0012788582681702114
126843,0.0011628691107107454
126844,0.023787256986461405
126845,0.0032797656200342067
126846,0.0005385618985808458
126847,0.0005592941347043485
126848,0.0002476320673851295
126849,0.989624418724913
126850,0.0002989276576393489
126851,0.9843943847065685
126852,0.004309396576835335
126853,0.9827962917857248
126854,0.00041465251102881296
126855,0.0005919099491715677
126856,0.11958646272172092
126857,0.004370851949223302
126858,0.0003515442354627032
126859,0.00044263262598260515
126860,0.000995978523025532
126861,0.0006174397244511101
126862,0.003185789987604936
126863,0.0003592855333551013
126864,0.004183743282909397
126865,0.0023031460532491367
126866,0.00044915771896193637
126867,0.0004014498068600395
126868,0.0075598677138019625
126869,0.007036847336865317
126870,0.0021966679732066375
126871,0.013243897535122236
126872,0.010577080981652257
126873,0.00031605908194065407
126874,0.003998985153658649
126875,0.000513820213711883
126876,0.0007194665642455462
126877,0.00034073722812004567
126878,0.0013863860525295925
126879,0.010041216403400615
126880,0.0008264287162780145
126881,0.0030701686850730897
126882,0.02333734232673907
126883,0.020329854226939816
126884,0.0008604402617471552
126885,0.000479518371223794
126886,0.0006351517338666252
126887,0.0004188222462687562
126888,0.0003057628353893653
126889,0.000246046223759181
126890,0.008173094236884323
126891,0.9851331717169086
126892,0.0004510950980099169
126893,0.0002987397420977839
126894,0.007600695341533364
126895,0.003543341649445287
126896,0.0036489683283997664
126897,0.0002531733693123155
126898,0.0008049063532280281
126899,0.01830645863405355
126900,0.0004335342592251031
126901,0.9894015762821338
126902,0.011437414411436964
126903,0.00011093428258451413
126904,0.0002500664477217867
126905,0.9953483456717713
126906,0.0037579312689701065
126907,0.08282585843578574
126908,0.009494359889905357
126909,0.00022734934683328275
126910,0.0005096319630349182
126911,0.001054319784063985
126912,0.0001792849210787449
126913,0.0016220801535379607
126914,0.00029782709303809293
126915,0.0007724676618381596
126916,0.0002785458787677526
126917,0.0005241449036069167
126918,0.019942223855723355
126919,0.0005991180251966018
126920,0.0006487347991824744
126921,0.00023197984689131751
126922,0.9934513836872215
126923,0.9859024526691934
126924,0.010732871083681633
126925,0.0002695022512106469
126926,0.002182591314620382
126927,0.9887126079278981
126928,0.0006082308852919455
126929,0.0003395794142741964
126930,0.00047529685212750565
126931,0.0010722387231057134
126932,0.0024796575726745216
126933,0.000225497330715442
126934,0.00020262060246201488
126935,0.00039729582032730775
126936,0.0009344273647716135
126937,0.00012823044746024291
126938,0.9891277262509202
126939,0.0009586965081952456
126940,0.037077420762257736
126941,0.0006992987546579585
126942,0.0003084412034786088
126943,0.0003985697172227669
126944,0.006334333412196568
126945,0.08664945970642607
126946,0.0004813007721803283
126947,0.006885029962329721
126948,0.0007357278754533526
126949,0.0002764110872181127
126950,0.004136100645201596
126951,0.001441092496998168
126952,0.8229891303333565
126953,0.0029519855845453187
126954,0.0008208615499838195
126955,0.0013015099080977129
126956,0.009697544981364544
126957,0.0032029488946215216
126958,0.0008531911985508791
126959,0.020314695063367586
126960,0.00244958478575896
126961,0.005403078963669736
126962,0.008389279386547667
126963,0.00013912438782025474
126964,0.004359074708911095
126965,0.993615055908133
126966,0.00021424411206296589
126967,0.00034669355539942423
126968,0.9940905858223338
126969,0.0019867419760125
126970,0.00011587533481361344
126971,0.0010957203704844197
126972,0.00240328307180268
126973,0.9844109853817604
126974,0.03749618608398801
126975,0.0003204771196650236
126976,0.000296213776091509
126977,0.000894299319522632
126978,0.0010533080958061334
126979,0.12811713867298
126980,0.997195767594798
126981,0.0008130485959624626
126982,0.006937138327665229
126983,0.0007039203949377083
126984,0.18377834661213038
126985,0.010295582757435043
126986,0.0009448842253475526
126987,0.06505400735667592
126988,0.0001588891788846455
126989,0.0015378119121714961
126990,0.00020143747405212205
126991,0.48796309293217943
126992,0.07722278637328937
126993,0.0009460094336359136
126994,0.0006965829690570883
126995,0.9867568037411217
126996,0.0002785314051602504
126997,0.0021908391104577614
126998,0.005532365217874623
126999,0.000585541257171862
127000,0.00020469310126020957
127001,0.000630081492031975
127002,0.0014940943981614479
127003,0.00021016553797430318
127004,0.003511899915910973
127005,0.0006057055091671592
127006,0.0006502774356212668
127007,0.018821903028294396
127008,0.0001892804395530448
127009,0.0008764165323802588
127010,0.0011841606458510355
127011,0.00460774240251713
127012,0.02348543672853094
127013,0.0005134392656626248
127014,0.0007448337426666305
127015,0.543523470815327
127016,0.0001529790795485244
127017,0.0002285383734479313
127018,0.9860818222747125
127019,0.0009044538279993052
127020,0.00023344054769494527
127021,0.012300310432087916
127022,0.002055085643276004
127023,0.00014302215599512684
127024,0.0009846320913457632
127025,0.0003437187174656611
127026,0.00048122779718625167
127027,0.0009470083137821077
127028,0.0008383898340421067
127029,0.07809488028787716
127030,0.003952880292910534
127031,0.0020717584611007044
127032,0.13452382085748824
127033,0.0007769372063608956
127034,0.000619571243254849
127035,0.009520739976906736
127036,0.0002731062715285843
127037,0.00045893203571480205
127038,0.00020149114259102177
127039,0.0002388498425047649
127040,0.003985599209823935
127041,0.00034891172656894583
127042,0.0005219719095790439
127043,0.00013503038274600873
127044,0.0024837223347549528
127045,0.6934115626599191
127046,0.014860286115645419
127047,0.9890099469157163
127048,0.9023734688292552
127049,0.0002375398184126601
127050,0.0002573236621191961
127051,0.0004471767294586149
127052,0.0004815476508144621
127053,0.002412108779401413
127054,0.001420659531573592
127055,0.0038524824657846265
127056,0.007586884503952826
127057,0.0002273124968175023
127058,0.0009529936485571965
127059,0.021011555036918216
127060,0.012756764050708115
127061,0.004259508890909087
127062,0.00028431946025992403
127063,0.026360215044388954
127064,0.001125559042448129
127065,0.0021543981259238535
127066,0.014444977858584535
127067,0.9933812193283091
127068,0.9686283409832095
127069,0.00031621023657361983
127070,0.0006089802513012412
127071,0.0019370528114937397
127072,0.00027873230278345327
127073,0.051456507810025184
127074,0.0011007036705557186
127075,0.0033096515064694313
127076,0.00032403025789707403
127077,0.015752236864611805
127078,0.0002987022626094848
127079,0.001667458453895493
127080,0.00033682285106748924
127081,0.008623118206246018
127082,0.0007002791294511421
127083,0.006319630995177777
127084,0.03178289843272607
127085,0.00033525234449044894
127086,0.0020845699543832275
127087,0.0004959373249374447
127088,0.00040607632792650394
127089,0.988111009223468
127090,0.00038514437282404586
127091,0.017321669931926346
127092,0.13199274745208575
127093,0.0007277686968676759
127094,0.00038520989892328045
127095,0.001954740592517155
127096,0.0008802812442686936
127097,0.003630498810256484
127098,0.11493275347800365
127099,0.000306545601840597
127100,0.0002394444370756045
127101,0.001468924162864489
127102,0.049307773067839615
127103,0.0035931583385697286
127104,0.9942483888176424
127105,0.00020939243770429436
127106,0.0017822373482328075
127107,0.0007903368172646317
127108,0.0038948879191537775
127109,0.0018412191234435384
127110,0.7595296208707185
127111,0.001215711761875967
127112,0.19457383542700418
127113,0.0007464740960950185
127114,0.00045212472412645117
127115,0.1102313878665506
127116,0.039515074210434854
127117,0.002356152403694037
127118,0.0002494777723970666
127119,0.0005551194578317751
127120,0.05712455612254106
127121,0.0016200612128673983
127122,0.0009073845619855765
127123,0.0002814140397583999
127124,0.000942292230441525
127125,0.00014422461583695734
127126,0.0011330091078863044
127127,0.9530360429708442
127128,0.9894067252441795
127129,0.003538044577685333
127130,0.00031832934198883017
127131,0.0010992147340203554
127132,0.9947353783786251
127133,0.0002252651097130943
127134,0.00040300903133953493
127135,0.00079724379876524
127136,0.3304526327312998
127137,0.001042288829691943
127138,0.02421386709178548
127139,0.0010527293778992688
127140,0.10781020715901744
127141,0.0005093676440780132
127142,0.013461131340232994
127143,0.006467316633494862
127144,0.00877746035164989
127145,0.00025152769621844523
127146,0.4740647842706814
127147,0.0014560352068896177
127148,0.0009277021618616718
127149,0.00023344265804221522
127150,0.0002928500544949072
127151,0.0003688570845161058
127152,0.0037349386279272355
127153,0.004641621457196007
127154,0.0017544296083664285
127155,0.00017572900668135118
127156,0.0010453945340849428
127157,0.9880760171157942
127158,0.0014935349940534445
127159,0.0003335987872342333
127160,0.0009379670775547097
127161,0.00020804796730617678
127162,0.0008172234923106013
127163,0.0008158889660663066
127164,0.7785482858578842
127165,0.0006877543538609705
127166,0.0005444019355546298
127167,0.08523754372955476
127168,0.00041180592874387635
127169,0.0031212668838750653
127170,0.0002789226730258019
127171,0.0002894827020543721
127172,0.00028010090079514006
127173,0.0012850061302568327
127174,0.0002801390887945574
127175,0.0006560595294632281
127176,0.0011613715196177807
127177,0.0012789463672907189
127178,0.0001339884582167675
127179,0.00016759508841291242
127180,0.04119880627566635
127181,0.0007377002955916586
127182,0.006715756322333194
127183,0.2639899317599016
127184,0.0011829465497287647
127185,0.00036960601745497564
127186,0.0006779330935037591
127187,0.8732478602926022
127188,0.018115418012170394
127189,0.008185449454175184
127190,0.011798450537361335
127191,0.1284381886979284
127192,0.00020639758540413655
127193,0.007409627814513635
127194,0.00025087285128679444
127195,0.00012871074630548042
127196,0.016441105766063807
127197,0.0011564568926742808
127198,0.0003337840219956031
127199,0.00113753342816934
127200,0.000376967910257102
127201,0.0011534177375969639
127202,0.00022941759423318427
127203,0.00045121170797546295
127204,0.00021203131908470582
127205,0.8924324727833783
127206,0.015460567165567284
127207,0.0002671358223859366
127208,0.000553720147134755
127209,0.00029648057950845425
127210,0.00015569563710520731
127211,0.0004271873404897069
127212,0.02002244217209038
127213,0.003851462458094819
127214,0.0178720370961045
127215,0.010239939481504822
127216,0.03195704647901154
127217,0.00024115684247815039
127218,0.00950805569544309
127219,0.0003257959226892603
127220,0.16751856802258785
127221,0.0019031949810540342
127222,0.00029250696902268365
127223,0.9724370297244609
127224,0.0007799997823143098
127225,0.000602539265602008
127226,0.00019276869950267045
127227,0.9956086177720297
127228,0.003809942335394392
127229,0.006519734917320886
127230,0.0003532511873993762
127231,0.0035945117361531067
127232,0.0034133431750396335
127233,0.00025578523381201144
127234,0.0010003646152867021
127235,0.05775943802233937
127236,0.0016943083478380436
127237,0.0006297988628790986
127238,0.9978472192774138
127239,0.0003673484747859696
127240,0.00502276795870891
127241,0.00013491068087355076
127242,0.000759839111796568
127243,0.0017448502884105127
127244,0.9796022177079664
127245,0.0008813799320451376
127246,0.0013143286401270736
127247,0.000746507837770333
127248,0.0003841554234015837
127249,0.031493611114039415
127250,0.002293216065824547
127251,0.0002522677847982651
127252,0.00034897621104640195
127253,0.003768640340735092
127254,0.0009391962987000574
127255,0.0005047906229458405
127256,0.0027313688584370503
127257,0.0007914814733718648
127258,0.0007596818986686474
127259,0.002834653758478673
127260,0.00022298471986730695
127261,0.006229525739156625
127262,0.000772420709852864
127263,0.00029117704871361565
127264,0.0467584562677395
127265,0.0006494986867393607
127266,0.00029321081642113406
127267,0.0005019056386719184
127268,0.0022322814566886526
127269,0.00035641901538253283
127270,0.00039670580753864464
127271,0.001074381339747679
127272,0.008816889833683093
127273,0.0006117171672112033
127274,0.0014908083958390594
127275,0.024673241586366895
127276,0.00034588467242914657
127277,0.0012332072952427476
127278,0.056706098818893026
127279,0.0004645114209497333
127280,0.01580986656668989
127281,0.02795718952030812
127282,0.0035943678673382214
127283,0.00027837974723644415
127284,0.0005800907439265531
127285,0.004808851283686279
127286,0.0005761920374966333
127287,0.001969807525778096
127288,0.00036064903347266317
127289,0.0011916014459847923
127290,0.0029513850900690394
127291,0.004779658388367746
127292,0.0052392722874949685
127293,0.0002002809441092991
127294,0.0003612207538761478
127295,0.9582734031448719
127296,0.007873097900270647
127297,0.06378517689828597
127298,0.016941386364797063
127299,0.0047047731848171015
127300,0.0006505152873547821
127301,0.0045961447606696305
127302,0.007353278795608293
127303,0.0014782444976668763
127304,0.00041497985347810254
127305,0.0015655084404692175
127306,0.00026873537259645785
127307,0.02000555410034207
127308,0.00021730724291857675
127309,0.0018278956495699132
127310,0.0002194950660251542
127311,0.0008055247748458103
127312,0.001119604597931234
127313,0.0003058147449715224
127314,0.0003622910799921048
127315,0.00038436969102478976
127316,0.9908308406223602
127317,0.01754523353013227
127318,0.00035770505672797127
127319,0.00105630382149337
127320,0.00047369753707292175
127321,0.337703105003861
127322,0.0014641249717017278
127323,0.008922291411608396
127324,0.0010920509706786525
127325,0.0004715191167292204
127326,0.9891980053211438
127327,0.0003487723710633033
127328,0.0014786351586718448
127329,0.0004856590785644923
127330,0.0003509333584125608
127331,0.0006632174775664943
127332,0.001933737698254736
127333,0.005154474675134682
127334,0.0027759388895161573
127335,0.9952534691390147
127336,0.0008452530441975366
127337,0.00046934043851177675
127338,0.6380327896922369
127339,0.10279132172759725
127340,0.0010118086651397015
127341,0.001702281405213252
127342,0.0009743814093307606
127343,0.36493059849617976
127344,0.0063121219839181045
127345,0.0004247118115594554
127346,0.0007414954900754504
127347,0.002911896960521098
127348,0.0004148773550235619
127349,0.0016184643919310946
127350,0.006923061331864205
127351,0.0021864068943712157
127352,0.003432972725271525
127353,0.002519509713173921
127354,0.020041645047969597
127355,0.0006601935404250481
127356,0.0006096337338456763
127357,0.00032134694553361687
127358,0.07840810200252406
127359,0.000306118890774908
127360,0.00023753140657699863
127361,0.0019880712585653372
127362,0.0011799761326871118
127363,0.0524995182758143
127364,0.032504100080041246
127365,0.0004553373370208882
127366,0.00018362809582501152
127367,0.0018418911737921996
127368,0.00023993545959299925
127369,0.00021656461706548978
127370,0.0008607385170355602
127371,0.004441661563656833
127372,0.0007199860186264367
127373,0.010138674607467256
127374,0.0001767437381848646
127375,0.9869797682352959
127376,0.0010453413503377386
127377,0.0035045988596513924
127378,0.0020963762920788737
127379,0.004877232260774157
127380,0.00027796503661058086
127381,0.8529076328791606
127382,0.0026779376450053226
127383,0.9407013350296654
127384,0.0004719520243372432
127385,0.008757276902856393
127386,0.1636041775521745
127387,0.0005115928241693817
127388,0.0003717495191216363
127389,0.942012102203326
127390,0.0007883513392953554
127391,0.00026921462412283776
127392,0.9901870074181137
127393,0.02382954828703561
127394,0.003286653758047517
127395,0.000930676774904744
127396,0.0037944663440505834
127397,0.9919732720704233
127398,0.0028988751857967746
127399,0.00032132532343983255
127400,0.0014023671586206135
127401,0.0008491485348109973
127402,0.0015974750914698173
127403,0.0004529667747932701
127404,0.0016864172478709646
127405,0.000727850939637079
127406,0.0013186773224860852
127407,0.000688884705231147
127408,0.0004653854682080131
127409,0.9887409721689088
127410,0.06795105615160033
127411,0.0009476846492559722
127412,0.0007711559288454306
127413,0.0014392167346464941
127414,0.0005760973024459627
127415,0.00010863415060168427
127416,0.00031361509298121024
127417,0.01833243901774843
127418,0.0006071799102933068
127419,0.017345171543801982
127420,0.0007314319979493981
127421,0.0005545793940882895
127422,0.003625371418172399
127423,0.0076366940697363125
127424,0.7771206724280996
127425,0.0010881822572405614
127426,0.14877953941384772
127427,0.0003010822023827005
127428,0.04152848354759544
127429,0.00015223724741639764
127430,0.0002586047044327182
127431,0.0003503780644879742
127432,0.9330901036403383
127433,0.0012166815090242109
127434,0.0001434114393013311
127435,0.00020062099853871803
127436,0.002361391255119794
127437,0.0007777376834065397
127438,0.002036292031684065
127439,0.001990195350572504
127440,0.9939717932271565
127441,0.0001823477956720155
127442,0.0006265730105949856
127443,0.014933835508148096
127444,0.00028131987460565535
127445,0.0005241458659525384
127446,0.0006323123645534446
127447,0.000764847780998587
127448,0.006120456531558513
127449,0.0711448042628223
127450,0.0009309292140251212
127451,0.0005420940180504122
127452,0.0027974761205040817
127453,0.0004852895288278283
127454,0.0005213268549175538
127455,0.00023595612790562316
127456,0.9373912663815914
127457,0.0007090125992079938
127458,0.0004979171901165367
127459,0.0002832399146949658
127460,0.9905113437652884
127461,0.0003861331819336378
127462,0.001393762629165939
127463,0.11456458974283906
127464,0.0003958799256922631
127465,0.00015855011813962485
127466,0.0008415795170387268
127467,0.010105529914417578
127468,0.00012713615434043092
127469,0.0031128741379812205
127470,0.0011206449129355458
127471,0.00015115725901910945
127472,0.0001852087289938703
127473,0.0004403795978574831
127474,0.9945311607973708
127475,0.0001327205613849003
127476,0.9762126261082997
127477,0.002272344402513896
127478,0.001641627879082132
127479,0.0003310898453953267
127480,0.9918053847839843
127481,0.007472926741557697
127482,0.0018686737751430328
127483,0.00014460401901868645
127484,0.004192448904745949
127485,0.027140681922125997
127486,0.0013894155574030028
127487,0.0002714169916122025
127488,0.0011233464549717704
127489,0.0003099326072369816
127490,0.030275499520422106
127491,0.00074471314818203
127492,0.0022802513008939123
127493,0.001007957482926132
127494,0.0006721570632715948
127495,0.0021922733256101233
127496,0.00017108338074693419
127497,0.0021111522920036724
127498,0.0034171840355888593
127499,0.00046662593778610634
127500,0.0003514924440596212
127501,0.0001671464127456463
127502,0.09628986770526227
127503,0.008285627588156505
127504,0.0015939650941634942
127505,0.0030763666900287183
127506,0.0006871824109313232
127507,0.9956974327994099
127508,0.0003704360513304947
127509,0.0003142955511139382
127510,0.00042386195358961036
127511,0.00030147694230703786
127512,0.0003455520231963055
127513,0.008175221711814886
127514,0.03722907238973786
127515,0.0016981823045563744
127516,0.9626298109567594
127517,0.0017422411909493144
127518,0.0013998064334346664
127519,0.000997334196843163
127520,0.00023297156783511137
127521,0.0002619883527844798
127522,0.0025908371947513183
127523,0.8799596014769901
127524,0.0006465353182294303
127525,0.0423632466238726
127526,0.006735861265655511
127527,0.00019813312474764174
127528,0.004318186960481242
127529,0.0009348558743118118
127530,0.003716392287714561
127531,0.0003335155321197903
127532,0.9913311342771053
127533,0.0006492158578283567
127534,0.0009082557689844357
127535,0.007356019437170639
127536,0.0012458334861408249
127537,0.018846865010590755
127538,0.40473937786257674
127539,0.9944741989526393
127540,0.0022817840791368453
127541,0.0005790360572676092
127542,0.08325987725876888
127543,0.00013495647759951586
127544,0.00086037625420884
127545,0.0046645862627714835
127546,0.0004619743195345852
127547,0.0042163938620309194
127548,0.000777605796676851
127549,0.0006573481358745699
127550,0.07204253184498596
127551,0.0008312603602249893
127552,0.03309877594419249
127553,0.013667540904432786
127554,0.002580494440435701
127555,0.12575897316914153
127556,0.003046257816253357
127557,0.0005417626219611263
127558,0.0011725328290321548
127559,0.0004335542008780347
127560,0.0024818819283379577
127561,0.00210304397442954
127562,0.0008699969528445164
127563,0.0007366512751463753
127564,0.9970070105712984
127565,0.0006776770272236298
127566,0.0023677304928678643
127567,0.005398814319201835
127568,0.00027782447445094015
127569,0.00031240101496229114
127570,0.0005405157273079652
127571,0.0026579101373174546
127572,0.0005399775638175734
127573,0.0007837439440028687
127574,0.004991861543856117
127575,0.0005486116799217637
127576,0.010825844690223047
127577,0.0005660948264827558
127578,0.0009043768065696723
127579,0.00036006372124283134
127580,0.0013401169132162228
127581,0.0016939089060950222
127582,0.001025335354277096
127583,0.0003713584706921604
127584,0.00033300151164471464
127585,0.0007181366804151237
127586,0.728972884352027
127587,0.007701844074588279
127588,0.0011789272337541256
127589,0.0029514152099947874
127590,0.0011419215526840736
127591,0.9945895477711126
127592,0.0009220074475967991
127593,0.002010190438400492
127594,0.002413102615054904
127595,0.021806277852866766
127596,0.0012139631584526607
127597,0.0004992478886193084
127598,0.9941638227596405
127599,0.0017163059648791668
127600,0.0033594473863615215
127601,0.0019004564647373717
127602,0.00031446230904481036
127603,0.0004516596743223671
127604,0.0002196714133975316
127605,0.0005047932678552328
127606,0.00021963394776324427
127607,0.0006881595982037013
127608,0.0010261007989083744
127609,0.001816791318783813
127610,0.00026858734543772176
127611,0.019133398385441983
127612,0.018063628071468142
127613,0.9916390013544423
127614,0.0007797013164422356
127615,0.0005091455691123384
127616,0.0023624244802310226
127617,0.004385794321201912
127618,0.000762245133618535
127619,0.0007275511633591151
127620,0.0002892176098672625
127621,0.0008583778508507742
127622,0.0038378616431276624
127623,0.008062502389703397
127624,0.0011395450326978425
127625,0.005454974873859577
127626,0.008248763548397093
127627,0.0010497678746215213
127628,0.001542350800095525
127629,0.0004682346543753442
127630,0.0006103857885516684
127631,0.00034869021905102544
127632,0.0013656520831910914
127633,0.0001741288916188298
127634,0.00026812471945562356
127635,0.0025950893882388673
127636,0.0014441233318772324
127637,0.00031255250237469177
127638,0.0005892042412215076
127639,0.003513112640862076
127640,0.0004241517748889076
127641,0.00041162180785024523
127642,0.001540942201245803
127643,0.002823685984519059
127644,0.0005931618349796352
127645,0.0006416626777541579
127646,0.004477047506277384
127647,0.0009283601400102371
127648,0.0006765137091855665
127649,0.0008568207031837406
127650,0.0009344971920364573
127651,0.0013434855141334137
127652,0.002241499506343296
127653,0.004603352266920887
127654,0.0006780223833626287
127655,0.0009339174664325658
127656,0.0012968881448995927
127657,0.040599554157612655
127658,0.0010346436114904102
127659,0.9954203563953224
127660,0.0021295398261455757
127661,0.006479672138809917
127662,0.0037966263960608356
127663,0.00026234445448969774
127664,0.0012165925707474825
127665,0.0004150065858252243
127666,0.00034419828551559103
127667,0.00025427576973817304
127668,0.0005816590813460811
127669,0.0002034989134355262
127670,0.002792552632699031
127671,0.0012479775573787553
127672,0.008389304066263387
127673,9.340233463138637e-05
127674,0.00039633829531465737
127675,0.11205238127776483
127676,0.021092542585878754
127677,0.009985266235543615
127678,0.9956067924892177
127679,0.0007349950000627418
127680,0.004290710649943136
127681,0.000574877497395895
127682,0.00882303579606391
127683,0.013812810504165551
127684,0.001558056156557489
127685,0.00124793937761346
127686,0.030153859020148294
127687,0.0002574903821185606
127688,0.0007668806459640011
127689,0.0006706285155011299
127690,0.001594611220709915
127691,0.0002900877622290653
127692,0.0006433621017554651
127693,0.0030760276434962717
127694,0.995318918478912
127695,0.0007469468833708558
127696,0.0008281265646876703
127697,0.000381787221668465
127698,0.00021907637693348113
127699,0.0021240286069463977
127700,0.00023085879876090555
127701,0.005353286776510518
127702,0.00688084120186401
127703,0.011372995675238766
127704,0.005507267084237969
127705,0.00029596757680201707
127706,0.00012738924577572467
127707,0.0006327679897943523
127708,0.0004113227999694758
127709,0.0006090373110096509
127710,0.001492080500318675
127711,0.0002259229971764266
127712,0.0006440928808106116
127713,0.0002879618170059802
127714,0.00011718098667673286
127715,0.00016281389788827815
127716,0.00033268764631599396
127717,0.00045526663403705584
127718,0.004536302524164441
127719,0.0010356126573534707
127720,0.0008137577189895363
127721,0.0009041270969836609
127722,0.005602601513334226
127723,0.0006790571508804978
127724,0.005492792008540037
127725,0.0049493271970838994
127726,0.0015318913949830043
127727,0.0009709176855064863
127728,0.0003058213587887304
127729,0.009687179633373443
127730,0.09833054716931461
127731,0.005023351068750599
127732,0.9874899681746404
127733,0.00048347181306161334
127734,0.00031413594661634325
127735,0.19249069785398484
127736,0.03142393911670856
127737,0.004993959223687874
127738,0.0006538311968572938
127739,0.0017647389209576717
127740,0.0014070886180000976
127741,0.0004723995686858346
127742,0.0005575680286631997
127743,0.9939249057517666
127744,0.0008442068735854711
127745,0.00044561391128256875
127746,0.00032311205618764006
127747,0.0005376421890493209
127748,0.0005088282568238676
127749,0.0004883449890739333
127750,0.9698761077521547
127751,0.000223196653283506
127752,0.000268339687048725
127753,0.03939694848364705
127754,0.003114684076654696
127755,0.0007383816545144345
127756,0.0027154327231545786
127757,0.0008681603909672807
127758,0.030604079489043493
127759,0.0004189238764049031
127760,0.0004169312194778317
127761,0.0011263128994680157
127762,0.9868770245488037
127763,0.003345909880625076
127764,0.00035194427778278975
127765,0.00017881130920422125
127766,0.0004678850678109341
127767,0.00018773431824065242
127768,0.0001768017468761912
127769,0.0007230498321067497
127770,0.0005087833764946842
127771,0.002631235082379338
127772,0.0031030019423666662
127773,0.0006164112058764487
127774,0.0009321534051979715
127775,0.0037371801430421117
127776,0.003477606095990233
127777,0.0011199032314828932
127778,0.0006603985696127574
127779,0.0017861847446362044
127780,0.0007974737763202155
127781,0.0006268836551095695
127782,0.002525610670659873
127783,0.009968862595228422
127784,0.11026682331703065
127785,0.00027920124008850894
127786,0.0009597516042384507
127787,0.0003531325895104492
127788,0.0004742558018846074
127789,0.00046584774452008466
127790,0.003741504927699045
127791,0.0005953551620977125
127792,0.9851473770934219
127793,0.0001077293836736553
127794,0.001958641869787741
127795,0.010455844767591921
127796,0.0006879924629966112
127797,0.9220986007964822
127798,0.0007816883921062388
127799,0.0011707059464118816
127800,0.001157887505839645
127801,0.00048591027928033534
127802,0.003535978773753191
127803,0.0008454293297341414
127804,0.0002752459219683469
127805,0.8483472244305147
127806,0.0002980719716255994
127807,0.0006063222361044618
127808,0.08016486492624121
127809,0.0009024426022364377
127810,0.009163442796795743
127811,0.0013966526365549918
127812,0.005016499697379758
127813,0.9897614527470534
127814,0.000891905363170001
127815,0.0004103066744048874
127816,0.027903265375361024
127817,0.0036199694036543923
127818,0.0022081588607145916
127819,0.014272939224651515
127820,0.00039995666890301607
127821,0.005824180079141634
127822,0.00039890170658727356
127823,0.0004529343645040395
127824,0.004616350224944837
127825,0.12537672083119086
127826,0.037428108444954485
127827,0.00020746110821441547
127828,0.0004910617950519342
127829,0.001895420295441295
127830,0.9905231388677155
127831,0.007014120355801137
127832,0.00010543142044872346
127833,0.9803869256627042
127834,0.0008668162041987655
127835,0.0007662010429340962
127836,0.0008594040388780865
127837,0.0015135024952284385
127838,0.9868388755973435
127839,0.008944279191316493
127840,0.00039098215584254086
127841,0.986470155331133
127842,0.0004968364455187236
127843,0.0004192905628624983
127844,0.0002495108031008754
127845,0.0004268190973065113
127846,0.0018118909638379687
127847,0.0003029137058042987
127848,0.001122823575780541
127849,0.0005343303404143685
127850,0.006507011230732773
127851,0.0074050912713480525
127852,0.0005271607926708451
127853,0.019416860148314858
127854,0.00015592660570120718
127855,0.025391297339942803
127856,0.0011454567876299428
127857,0.00037225254924285167
127858,0.00024731784834579215
127859,0.0056577068019067036
127860,0.0030459365442470315
127861,0.0003500536538615878
127862,0.9539029046374565
127863,0.0009825883956142514
127864,0.0008390469091752409
127865,0.0007066671818863098
127866,0.01433053876917551
127867,0.001222460788380723
127868,0.0008438619072050474
127869,0.0010590585218514406
127870,0.0002619695783594636
127871,0.00029385736771195026
127872,0.00161976149721254
127873,0.0012546857867542856
127874,0.009419926499490408
127875,0.00032053509578585575
127876,0.001065147937898875
127877,0.0003154435139967887
127878,0.0008856030205686158
127879,0.0008304271157169241
127880,0.0002980561499245584
127881,0.0010055049910256326
127882,0.0019207825505728256
127883,0.0007864305836382414
127884,0.005020187450383068
127885,0.00047718834832425505
127886,0.9935549440477996
127887,0.00525625299019979
127888,0.0006827820994472529
127889,0.00011985539684160669
127890,0.0010619851738580877
127891,0.021897929698678025
127892,0.000336914617754826
127893,0.0001864068010345377
127894,0.9952755988613792
127895,0.0016142726993919857
127896,0.0002690555448539656
127897,0.0009194092452671161
127898,0.0009064804563492223
127899,0.00029979022279921243
127900,0.474310234833707
127901,0.024188503736603705
127902,0.0005704277262509131
127903,0.00044088611741196387
127904,0.0002759691221259356
127905,0.013283331698263756
127906,0.013128846891879731
127907,0.9919013503466788
127908,0.0008975628411515893
127909,0.06972384730802529
127910,0.00024290484425663534
127911,0.000302468525547523
127912,0.00018747421699789554
127913,0.0004847998981567632
127914,0.001321924591843164
127915,0.0006639406859193521
127916,0.001701652272283997
127917,0.0013856174782028146
127918,0.0003289575635693135
127919,0.00020948422329086417
127920,0.010070041309232763
127921,0.07670220158826976
127922,0.010108838810525631
127923,0.0010100500599132638
127924,0.006166343563873711
127925,0.07869448854204701
127926,0.001591324111063323
127927,0.0007192302229864954
127928,0.9910907718983201
127929,0.0008092739266969598
127930,0.008211015030951313
127931,0.004681932895171176
127932,0.0016291261382315081
127933,0.0002521514007740621
127934,0.00019585815096122798
127935,0.0009842158723712493
127936,0.0018598207934893162
127937,0.9866670971527707
127938,0.00017563956946285253
127939,0.0003132209680953137
127940,0.00045457435918565655
127941,0.0010817382485952829
127942,0.0005433716273840894
127943,0.00028501692669194163
127944,0.002611050555158212
127945,0.0010399794572399663
127946,0.001062202659422817
127947,0.7718675838044161
127948,0.981525434280181
127949,0.780841457151462
127950,0.00021852766350527816
127951,0.00035842547063476456
127952,0.005586578703657353
127953,0.007085639165399255
127954,0.0001593182695983048
127955,0.9960498814732898
127956,0.005329913755123478
127957,0.0004032828456472629
127958,0.0023006277321096454
127959,0.0009723389871271102
127960,0.0004339457308309376
127961,0.00037781033457509334
127962,0.07702780117291637
127963,0.00038499201080669843
127964,0.000737260328055342
127965,0.020258108798511497
127966,0.004259937301167672
127967,0.0016651465349121297
127968,0.0004865426180223132
127969,0.001301457074246349
127970,0.05266357474675983
127971,0.00021929414825654715
127972,0.000819612760591639
127973,0.9893793957532184
127974,0.008492750907542373
127975,0.029974195626349568
127976,0.003744435772513994
127977,0.0057940158759837695
127978,0.0003842955836365828
127979,0.019148952669535757
127980,0.00040519432471194017
127981,0.0007892709885015734
127982,0.00019352552606684758
127983,0.0002038062544480822
127984,0.03712061199644514
127985,0.0007633356221111639
127986,0.0007249419922623089
127987,0.0015408448392932343
127988,0.0003090369933168754
127989,0.0007120696186461897
127990,0.0015766148049083536
127991,0.0002459713167033396
127992,0.006245349310597613
127993,0.0009117423458897154
127994,0.0005325031832229082
127995,0.0008044365598558459
127996,0.0003384322858572619
127997,0.0009976159581988916
127998,0.001656139726971475
127999,0.0006681511980856613
128000,0.9855487944843504
128001,0.0003925057600896204
128002,0.9323058580618019
128003,0.0007724728379415283
128004,0.0009165300331071925
128005,0.0014852255188385142
128006,0.0014041721893623103
128007,0.07257309557540262
128008,0.0002957325987879553
128009,0.005588763533340027
128010,0.0004132645573552149
128011,0.002415933404678658
128012,0.0008154633342059251
128013,0.0005195761411733212
128014,0.00031920217006003673
128015,0.0007784968909134933
128016,0.0015716323890658456
128017,0.0005134054011572873
128018,0.0002210626520561352
128019,0.01776542820101611
128020,0.000730590034863692
128021,0.0011790260763207474
128022,0.00576733798983651
128023,0.0014371128118219844
128024,0.00020016363582409552
128025,0.0027190541350090346
128026,0.0019579286377855816
128027,0.9930812621094249
128028,0.00042051497956798194
128029,0.00032109586585651477
128030,0.0014687630012175084
128031,0.000309257999903113
128032,0.001051299019826133
128033,0.011511272970560494
128034,0.0004483676533911289
128035,0.001576002768426408
128036,0.00029097262667030085
128037,0.0007295760127707624
128038,0.0002462346388518396
128039,0.002314420058907751
128040,0.0003554230699365732
128041,0.00031892656406811673
128042,0.0033920849999486006
128043,0.00021900731891160273
128044,0.0011289033102615887
128045,0.0003643840332393338
128046,0.0003657449619368567
128047,0.992460384063167
128048,0.00037530849179685425
128049,0.07147316996063752
128050,0.0002874455579819592
128051,0.7566290936996974
128052,0.00042730497430470634
128053,0.0007263694343299864
128054,0.0009483149794143977
128055,0.01385286374078641
128056,0.0004831276172103694
128057,0.004337067988638917
128058,0.20576364604752626
128059,0.0005928795669956167
128060,0.001640941663777443
128061,0.0002138428733581954
128062,0.0005642925105524695
128063,0.004689265749694461
128064,0.00023752785141321173
128065,0.9925892503627413
128066,0.0022056553725402638
128067,0.0003643515095165916
128068,0.004032788067381813
128069,0.00036973524035708845
128070,0.0013633066405878951
128071,0.008069327794689248
128072,0.0005937472897840158
128073,0.009180788234856055
128074,0.00029524817740154963
128075,0.000298990990753032
128076,0.0018442837704799933
128077,0.01964445232756602
128078,0.008455723358817713
128079,0.17472737530300306
128080,0.005443796904794056
128081,0.0003222653959517242
128082,0.002098626534932197
128083,0.0008503353608617845
128084,0.005901013275280077
128085,0.0009781790224993026
128086,0.00023822648057150665
128087,0.0006096550411176087
128088,0.00035237370603629704
128089,0.0006171398446698732
128090,0.0001822455711382434
128091,0.006334669207443606
128092,0.4442763799729476
128093,0.0004083101601788297
128094,0.00046721088198327604
128095,0.0018298396925202156
128096,0.00043905532425305143
128097,0.018901618257202865
128098,0.0012622331632471857
128099,0.02010246684251337
128100,0.9827252968831872
128101,0.0002749105650741995
128102,0.0002620990178228119
128103,0.9923172639794612
128104,0.00021066474101207231
128105,0.008073574302458662
128106,0.011875232211880318
128107,0.0006256958335574159
128108,0.9545619745673216
128109,0.00020931616457050731
128110,0.013697237336908348
128111,0.009628300826715619
128112,0.00036512661787178104
128113,0.0008463661951590592
128114,0.0003507912718301944
128115,0.00038626880489794153
128116,0.9895305530831299
128117,0.0020454847596563753
128118,0.0011747736949820173
128119,0.00032456300558467556
128120,0.001261602260392694
128121,0.014707260389293781
128122,0.000362839229129931
128123,0.004989623486145706
128124,0.000476246517913048
128125,0.0016636396472748344
128126,0.00061478675692589
128127,0.0032115063747173446
128128,0.007554006544344768
128129,0.00022962405178422531
128130,0.03662781451910143
128131,0.010415441496857409
128132,0.0004447909089661045
128133,0.000831212652427087
128134,0.10526949363312547
128135,0.001162188195737352
128136,0.004037157764752448
128137,0.000472765168493941
128138,0.003511774702412426
128139,0.00019365536045171602
128140,0.0006227096467615603
128141,0.10043862782344824
128142,0.0002960764644141432
128143,0.0005465896611395343
128144,0.0006272667828277655
128145,0.0073559057076113335
128146,0.0008234354105534293
128147,0.0008696244638716124
128148,0.12888230553275637
128149,0.0010004685237634163
128150,0.0005407065417354833
128151,0.00038059794947084774
128152,0.0003168224380815725
128153,0.00043357132416972015
128154,0.00035230599256966895
128155,0.0002568801231048916
128156,0.9902034427272196
128157,0.0006515165461528516
128158,0.9687041740234072
128159,0.0007824903934001952
128160,0.00018118155726708487
128161,0.0006741252529542069
128162,0.000360022042752165
128163,0.0015596996561791302
128164,0.0003097781100362614
128165,0.0006225035473794893
128166,0.0001939427187610084
128167,0.0011240181308402007
128168,0.0021591433810059625
128169,0.0006804689592001071
128170,0.0030307889422321716
128171,0.003515747046982467
128172,0.0002979921890912693
128173,0.9716599048595042
128174,0.016035475240772926
128175,0.0001478537958779473
128176,0.0008626181319110062
128177,0.0004013362220478068
128178,0.019590336282763327
128179,0.00027924997679966185
128180,0.0010584592810685873
128181,0.004489008921227546
128182,0.0006327427827178945
128183,0.005284762018040806
128184,0.0003023630867788016
128185,0.0005519881318780428
128186,0.0012870758375273378
128187,0.00045083855740838313
128188,0.0006256206523218785
128189,0.00026349893458270255
128190,0.0019446258070318313
128191,0.053025027384529765
128192,0.00047312267054980413
128193,0.000406815094347612
128194,0.008862894833110724
128195,0.06256383709791845
128196,0.00031340501477335967
128197,0.0007489054950109397
128198,0.009500452111874018
128199,0.0005763057040949971
128200,0.0013044736923279127
128201,0.9905320460729716
128202,0.0011209734242478041
128203,0.0006969684101740067
128204,0.00016713204000132445
128205,0.001061811522419102
128206,0.0004512244044524943
128207,0.0012356090159991635
128208,0.0009532794723777242
128209,0.0002405919105221128
128210,0.0004756994973862801
128211,0.00033464760905585174
128212,0.0012043475891769734
128213,0.00019285389403596225
128214,0.008689165822024367
128215,0.004955264669806441
128216,0.15202611934041715
128217,0.9944973474915076
128218,0.00652973518784691
128219,0.005055084554363076
128220,0.0006193281190077189
128221,0.00034709748611766537
128222,0.0008731057519415767
128223,0.0002499574085222156
128224,0.002617535502330843
128225,0.00031107124279236136
128226,0.0004325264058962177
128227,0.00016424604210893217
128228,0.000751780972013509
128229,0.0007329333293763554
128230,0.006183412349302119
128231,0.00019090879714373307
128232,0.0004785590708408551
128233,0.00041153569716998736
128234,0.001779769815943447
128235,0.053194892053933816
128236,0.00020264140326651682
128237,0.0010762203217826545
128238,0.0008722214654707765
128239,0.00023936031018313304
128240,0.009286646928560724
128241,0.0004473032739043351
128242,0.00013060894167541003
128243,0.0002575673249174853
128244,0.10308131481279816
128245,0.00018247957256768352
128246,0.0008122320239712516
128247,0.0006909042317600927
128248,0.0007436377106312488
128249,0.00030517287896078055
128250,0.010864214655152839
128251,0.0003236281215953329
128252,0.0002969564402042235
128253,0.0016426050881542754
128254,0.0006712962138455353
128255,0.014220573244454856
128256,0.30948415806429
128257,0.00071410197010047
128258,0.0020788828662498034
128259,0.001080232772671845
128260,0.0005737622937590941
128261,0.00042319833225901686
128262,0.005475094384827655
128263,0.7102610402103368
128264,0.00041926639637613944
128265,0.00032371884472979086
128266,0.0002729213959553019
128267,0.9907891818340047
128268,0.0006570034476579935
128269,0.0005786634839408971
128270,0.0002464252078863855
128271,0.0012374669537519388
128272,0.0014476116004786405
128273,0.00043244877948280674
128274,0.00027650684038316257
128275,0.0008926074304462373
128276,0.9885776587840871
128277,0.6035904396747931
128278,0.00043273427612361724
128279,0.000477783507770791
128280,0.044933609323246505
128281,0.0005511000645935784
128282,0.002610853293602556
128283,0.0002483924631144727
128284,0.00036755510041469743
128285,0.00042226578890938125
128286,0.00041164922317985306
128287,0.0005444897292622427
128288,0.00075019658098672
128289,0.00015926957126694003
128290,0.0004685706972659711
128291,0.014748041209344035
128292,0.0036011796483086137
128293,0.00021762027596870312
128294,0.9459144044749166
128295,0.0005930072437482571
128296,0.00032412570506875157
128297,0.0005560402199072127
128298,0.0007097731352374155
128299,0.9806468776387374
128300,0.0005948028531830303
128301,0.2033451773739708
128302,0.9874969935517498
128303,0.0002824914295846422
128304,0.0003088673826133319
128305,0.9711118101094
128306,0.0003956241435193086
128307,0.00037190389274003617
128308,0.0001742676869835059
128309,0.0003195237398476426
128310,0.0009091510115237282
128311,0.00020494581470238457
128312,0.9904906719548183
128313,0.0029500255797546577
128314,0.0006593230158640949
128315,0.001558101840349851
128316,0.0005311755606067362
128317,0.0016627779729378163
128318,0.0014013930953147415
128319,0.0007760626785603793
128320,0.0021540934500880464
128321,0.0005392451674695807
128322,0.0015227206987622056
128323,0.9932730232068436
128324,0.00017293280699330857
128325,0.0003175077000406848
128326,0.0012447803951478255
128327,0.000206004000735973
128328,0.9955342497803009
128329,0.0016918231746221196
128330,0.00035826357587356134
128331,0.0006033870615951485
128332,0.09137674892446578
128333,0.0002509873580452642
128334,0.004270661858208894
128335,0.0012275441334780196
128336,0.0014896437590311384
128337,0.49113092593231755
128338,0.645326235693883
128339,0.0030193184538088486
128340,0.0003928410155496446
128341,0.0037078683071080725
128342,0.00029042832843136085
128343,0.0005512381983781088
128344,0.00013112463617359223
128345,0.016021369763759775
128346,0.009429439913913536
128347,0.0003535396742302715
128348,0.000254202159464797
128349,0.9479030052125392
128350,0.000429277606571592
128351,0.0057029151890935145
128352,0.0004813162840629981
128353,0.03826682071243415
128354,0.012421160016129288
128355,0.0024129017974503374
128356,0.0016959101784481828
128357,0.0016409706697288553
128358,0.0005218352689383084
128359,0.00031912551865194476
128360,0.0006136139949976718
128361,0.0019145091343867146
128362,0.9910017453081383
128363,0.0015530910267239119
128364,0.0034661455032712657
128365,0.00026570279302624334
128366,0.00017123515539682602
128367,0.00046073969289317756
128368,0.00033487104224239826
128369,0.0008714462644468214
128370,0.9837319089511071
128371,0.06476339284549736
128372,0.0002861105240646472
128373,0.0005075428719248934
128374,0.00037469396555670403
128375,0.004239145774850223
128376,0.9876288686968897
128377,0.0007304411818363325
128378,0.2647522981822859
128379,0.9859633417953334
128380,0.9919798004299916
128381,0.00022251777264329365
128382,0.2837034012664657
128383,0.0006370658918275335
128384,0.0017940820371024715
128385,0.0003938929076137661
128386,0.000694899648288715
128387,0.9860138410162321
128388,0.0008495566092506656
128389,0.003219057312253661
128390,0.009343705497798527
128391,0.005264739591783957
128392,0.0006564975873007124
128393,0.00017198026156632008
128394,0.000610157152093421
128395,0.0003271000552534201
128396,0.001052337968385107
128397,0.0003600992844760092
128398,0.009593274352111419
128399,0.0013022642699297305
128400,0.04233140535325012
128401,0.003379434077039186
128402,0.0001213911573267832
128403,0.0016540933256669113
128404,0.00100876883467558
128405,0.003026083951638228
128406,0.0032108049091829336
128407,0.0002092933752151165
128408,0.001971742460730856
128409,0.01885282585736386
128410,0.010195409948111966
128411,0.0009540598216587684
128412,0.002037769721210041
128413,0.0004706334482038051
128414,0.0001758959599218402
128415,0.00043621036724555203
128416,0.9928469229474058
128417,0.020200801023684354
128418,0.0006362990313683196
128419,0.00028915120412851674
128420,0.00033879485105454754
128421,0.0010935677288565517
128422,0.0005034010980324765
128423,0.0005515259955024345
128424,0.8164881079077596
128425,0.00030143181081690484
128426,0.20670757658102845
128427,0.008242579811841776
128428,0.00035464735349332265
128429,0.0009068720430569693
128430,0.00026067713189274397
128431,0.0002506261532906204
128432,0.00036584272054227587
128433,0.0003422137501811751
128434,0.0008456727034129572
128435,0.0013426515171366894
128436,0.0005552828121556216
128437,0.012827040269465352
128438,0.006111926390888756
128439,0.0002912632953627539
128440,0.0016613532992434045
128441,0.0005390624681761052
128442,0.0004924240178043934
128443,0.0009286390537955999
128444,0.0009543567463613714
128445,0.00026192649688854306
128446,0.009527308211401408
128447,0.00041130812699287394
128448,0.00039111001669696533
128449,0.008411949297649643
128450,0.0004240248446858446
128451,0.14381906318155455
128452,0.00014136894203166145
128453,0.8277612238549653
128454,0.0003353597900901507
128455,0.000942668363041939
128456,0.009078162513503286
128457,0.001764313279662935
128458,0.0003121856059134585
128459,0.06749056750533736
128460,0.0011931563979803417
128461,0.00032142812019403616
128462,0.0007341597005517821
128463,0.009864233569655786
128464,0.0004773925777550006
128465,0.010335281820499974
128466,0.9906584351494805
128467,0.0025991939982193467
128468,0.00564693648159798
128469,0.9857680132324134
128470,0.00016354454103458406
128471,0.002144060157309784
128472,0.0010166007582376553
128473,0.0008232171733473212
128474,0.0006429820912258312
128475,0.0006484393009064502
128476,0.0017926960808819683
128477,0.008236147853761993
128478,0.0001228158534354312
128479,0.000493240453380919
128480,0.00028921703623127176
128481,0.9947602842117189
128482,0.0016052668552332722
128483,0.0002529615729427953
128484,0.005833438535477675
128485,0.0007948715021517938
128486,0.002250729839185933
128487,0.9853458075912856
128488,0.006848810035841529
128489,0.002499394982427725
128490,0.0002793446907643902
128491,0.00010849589704786692
128492,0.0002739833966649865
128493,0.9975159480630085
128494,0.0001803411606193906
128495,0.0010301751340365095
128496,0.0018772594699344198
128497,0.02890659570651864
128498,0.0008857085810100579
128499,0.0004983795762550054
128500,0.0003913111622944301
128501,0.0015680575687610759
128502,0.0008831500660586322
128503,0.00048535108173834057
128504,0.00031468072170126544
128505,0.7995363143131419
128506,0.0004510230644587425
128507,0.014474178151603085
128508,0.002409837444053235
128509,0.0003361180432898396
128510,0.000167168921265844
128511,0.000436550628429258
128512,0.0004723473774665742
128513,0.001068800688914816
128514,0.0008444688628202293
128515,0.0013347507981732282
128516,0.0008814352287140084
128517,0.0012483502199264257
128518,0.0003762638273701294
128519,0.0008860949984628466
128520,0.001501048165598482
128521,0.0006647584554811888
128522,0.0001343088682379142
128523,0.03131776771178804
128524,0.9943664485489406
128525,0.0009718975569430247
128526,0.03809020068968209
128527,0.9875645536070201
128528,0.04256569183556302
128529,0.0021895576276542363
128530,0.00014021887357784635
128531,0.00210728496386431
128532,0.005568557122237543
128533,0.0010075060699866738
128534,0.0002651025859084066
128535,0.9966157264841438
128536,0.00036454973681994694
128537,0.001530818031061578
128538,0.001410294836603152
128539,0.9965660970452964
128540,0.0003290890291185202
128541,0.00044802046019070074
128542,0.0007688259671679489
128543,0.001176485418996934
128544,0.0067671012862194355
128545,0.0008525342931282808
128546,0.004978489625697706
128547,0.00022790512835745502
128548,0.007173161841962046
128549,0.9975258494330189
128550,0.0011727916988523539
128551,0.0038184980895014653
128552,0.8905188708033441
128553,0.0011801781818771826
128554,0.0005120618255025822
128555,0.0034714668733254184
128556,0.0003083038411144705
128557,0.9890849118878466
128558,0.0005918473212644833
128559,0.019464679236055386
128560,0.023736090609722035
128561,0.00041285145529244366
128562,0.0008710748692076929
128563,0.0010010840293460492
128564,0.0012123917356164154
128565,0.0056120989359010574
128566,0.0026594658329523076
128567,0.0007201840924700508
128568,0.0001845301337255749
128569,0.00026574227720754036
128570,0.0017867043356431392
128571,0.9691420808453162
128572,0.00025552783372871673
128573,0.0010918027741883666
128574,0.00022784058249643952
128575,0.00044956368012340165
128576,0.0013985187684082156
128577,0.16843542899417427
128578,0.03728306969740616
128579,0.000535094455866825
128580,0.08651006655669712
128581,0.9486113816174864
128582,0.02146074178630109
128583,0.12885187963272032
128584,0.0007524244072843487
128585,0.0003644930494539991
128586,0.09576546598305327
128587,0.0035440700395632536
128588,0.00030871286325362033
128589,0.0007572387861062948
128590,0.012974025986489144
128591,0.0003542131991716815
128592,0.004480373897149981
128593,0.00047062723540429013
128594,0.001218454395879735
128595,0.00046821439298202057
128596,0.0003000165312438408
128597,0.002738465203819618
128598,0.001005199835897286
128599,0.004293151603386066
128600,0.0010053287677289347
128601,0.004650646139196497
128602,0.0026391058193787
128603,0.0017458315899828594
128604,0.00018599361052098817
128605,0.0007118699420448786
128606,0.9911656106522662
128607,0.010383519977306495
128608,0.012951688115645428
128609,0.0024840284606377295
128610,0.00045403997519529533
128611,0.001204284567222046
128612,0.00031021097603584237
128613,0.0023404824108867245
128614,0.21076273091318626
128615,0.010563664637231482
128616,0.029896119999122145
128617,0.0012036488953654479
128618,0.00016740522959702558
128619,0.0003130409307648143
128620,0.49332537324555725
128621,0.00044939452208134017
128622,0.00037265621539909967
128623,0.0003030818868913162
128624,0.00025645862571407397
128625,0.9920028655329588
128626,0.0005364074358011884
128627,0.9743771322143757
128628,0.9952740198025833
128629,0.0020358758892047085
128630,0.0007824833342089312
128631,0.00014848981584417235
128632,0.0014158433816058792
128633,0.006035415025794239
128634,0.002798322021687099
128635,0.01325080180856668
128636,0.007196472812986828
128637,0.00024520168413369296
128638,0.0009109226043267522
128639,0.0007348924355412289
128640,0.0036690099068929487
128641,0.0002910444331700638
128642,0.0019187416035283773
128643,0.001103105896666408
128644,0.010892529183373566
128645,0.0042759789512956635
128646,0.0005290463649956325
128647,0.9950608573601379
128648,0.0015068270325462583
128649,0.00022521163665341153
128650,0.014267337433752872
128651,0.0029975242190643445
128652,0.00044685612088624403
128653,0.0013845213690626117
128654,0.004512594207647849
128655,0.9950338126094815
128656,0.0005282403066230933
128657,0.00035967835598144115
128658,0.0014897112611902
128659,0.9953918925179935
128660,0.0005488065305582313
128661,0.0052852503266115946
128662,0.00028670368853084965
128663,0.9942466729408107
128664,0.0009916688271962482
128665,0.003532997389010308
128666,0.00637104793377765
128667,0.0009534276143207056
128668,0.0008104939853049001
128669,0.0005117697680979281
128670,0.0012660884270577115
128671,0.0002298912578202581
128672,0.0006653045687740534
128673,0.0036801751662799494
128674,0.00027055623493383424
128675,0.010363715800141364
128676,0.00027068337215756727
128677,0.00020470600074482133
128678,0.0003551340629801054
128679,0.000621443968863613
128680,0.0003011448623013859
128681,0.0004563209221479942
128682,0.00042194082447259706
128683,0.027923973424462487
128684,0.0009267462985089109
128685,0.0007982727962258953
128686,0.0005708056744480799
128687,0.0003487259801834992
128688,0.0020210654316501772
128689,0.0004079794194279121
128690,0.0004142306540898151
128691,0.0004844709430242603
128692,0.001326676699011993
128693,0.0018909082739648033
128694,0.0005000955338918088
128695,0.011717093530358559
128696,0.024181795376553735
128697,0.005101120432953473
128698,0.0005010843812725911
128699,0.9943082806259064
128700,0.0018134738106367553
128701,0.9937870536697617
128702,0.0003780982291515192
128703,0.9846497789570915
128704,0.9875890518278114
128705,0.0010800256199938172
128706,0.00017121601329887838
128707,0.0014828992100481603
128708,0.0003721879269684148
128709,0.9950275801192471
128710,0.0014394774518724205
128711,0.025018934626795056
128712,0.0016905947811942836
128713,0.0011959513136337373
128714,0.0023343198735161106
128715,0.0010303077220514053
128716,0.0005606696112697045
128717,0.00014928476119170625
128718,0.00033452795336356793
128719,0.0031440464690464503
128720,0.03187980437790728
128721,0.00035535484397467427
128722,0.0004523673018620368
128723,0.002321156017419303
128724,0.46535843891676637
128725,0.004501499817962451
128726,0.0009652206417156833
128727,0.0003585674540081056
128728,0.001954940137253162
128729,0.00916414992869807
128730,0.044521659505296865
128731,0.0001400841805056979
128732,0.001814761636744833
128733,0.0003531858183091921
128734,0.027769933319477927
128735,0.1699256575463842
128736,0.004211270177545207
128737,0.006923924403744864
128738,0.05368688416555929
128739,0.00036569383205014254
128740,0.0042270973954859434
128741,0.9712113186898622
128742,0.00033913015186046836
128743,0.0016444501978741053
128744,0.01313059980698258
128745,0.00032984237440965216
128746,0.01374421758425282
128747,0.0009235725115162112
128748,0.01132355714107868
128749,0.0007543520477942499
128750,0.0007172192712777327
128751,0.0027883925649880214
128752,0.00014427917305100138
128753,0.00025852608361887037
128754,0.9872241187986092
128755,0.0003190373661781262
128756,0.0004323085268151046
128757,0.04654866350180829
128758,0.00018237190166703798
128759,0.0003639516296300401
128760,0.008924879653413638
128761,0.00027028077827635224
128762,0.01971442435419564
128763,0.0009487535502074867
128764,0.0010256266733791445
128765,0.0005695593205883943
128766,0.9836315100471892
128767,0.0029210275823843665
128768,0.00024506545544216297
128769,0.07367213748103146
128770,0.0001366837560535215
128771,0.00026557398743675347
128772,0.0010799940876197295
128773,0.0022973451526985345
128774,0.0012387424721537373
128775,0.0012896089781587019
128776,0.0017093240044831126
128777,0.00036067732765327723
128778,0.9893881579458534
128779,0.0001430473099015592
128780,0.022310698040275447
128781,0.000960283096524777
128782,0.9852901989171021
128783,0.0020778738407104696
128784,0.001239117711062993
128785,0.02649674098668382
128786,0.00019607699042840959
128787,0.0005435054338202703
128788,0.00028782598005733684
128789,0.0003802076645904817
128790,0.0005001286705549186
128791,0.001591303039907421
128792,0.0010179182280918456
128793,0.0013407837973475245
128794,0.003244445290125889
128795,0.05315205151231318
128796,0.508912530428255
128797,0.9906163062847327
128798,0.037105443299955757
128799,0.001134181715532139
128800,0.01627581873134431
128801,0.0006829105207450336
128802,0.0004838852626682335
128803,0.000250342243561039
128804,0.00037235148938460314
128805,0.03548805339734703
128806,0.0002612138354355998
128807,0.0031789063229192534
128808,0.0008226720795514207
128809,0.0002792564219422004
128810,0.0005458740681062525
128811,0.00021625018507786444
128812,0.4852273232418274
128813,0.0008413830323760804
128814,0.011381919715795682
128815,0.8546766637826422
128816,0.017449960921263358
128817,0.00016718667895616803
128818,0.0012342920680612364
128819,0.0003870135900585219
128820,0.0002883889962142453
128821,0.000532116804044423
128822,0.9853067824899234
128823,0.0005823366380079846
128824,0.00027655901007956344
128825,0.005489032639115586
128826,0.01078648998228271
128827,0.0007076389704648995
128828,0.00025358372304335825
128829,0.0003855546796653174
128830,0.0006732522371641466
128831,0.0005233721759075256
128832,0.0037127670592066366
128833,0.0009433434915428055
128834,0.00011890318759005313
128835,0.002675352102823428
128836,0.0021786202531239346
128837,0.0003909175844002306
128838,0.013398052304759725
128839,0.0197269937714223
128840,0.02702475867012487
128841,0.9934283448539661
128842,0.9805039400256065
128843,0.0014687325537873473
128844,0.0011301918494906415
128845,0.0006025981844746981
128846,0.0008491534375702228
128847,0.002584409684615202
128848,0.0009822598366636488
128849,0.00015362248490143786
128850,0.009182803996549332
128851,0.00048681647315750905
128852,0.00047363945868393554
128853,0.0005517451179285725
128854,0.0017716642388563755
128855,0.0016444612645556442
128856,0.020345168700562036
128857,0.9916277331665664
128858,0.0014702493409667952
128859,0.0017058907586856614
128860,0.00036207730657692176
128861,0.0010825174891945302
128862,0.993728768991846
128863,0.08265583550824813
128864,0.0007368102843671167
128865,0.00036307722086386133
128866,0.000758888595199857
128867,0.9851843543151116
128868,0.0003933101569554813
128869,0.00017840404056589088
128870,0.00419247408655494
128871,0.00046868170695747957
128872,0.000984488013174079
128873,0.0002837188605368619
128874,0.000789236917132912
128875,0.00030890024684661544
128876,0.0005330216737218766
128877,0.00040450160193983016
128878,0.00020154249860276195
128879,0.010834750010151814
128880,0.0010621862175298035
128881,0.2791486395026254
128882,0.741827510154962
128883,0.0005228543483645861
128884,0.0008420621322085067
128885,0.0004495627221504471
128886,0.0002996378413383942
128887,0.0001297771674566019
128888,0.005390000102514191
128889,0.0004978474116298532
128890,0.0005261713163708728
128891,0.0064404158182753005
128892,0.007589110385000964
128893,0.003283166384067937
128894,0.0004238246738334665
128895,0.005927891184670964
128896,0.0006379686394646371
128897,0.00022808838029092604
128898,0.000810536652103332
128899,0.0009038261186593995
128900,0.00017549720564332094
128901,0.0004191194754940476
128902,0.0004585641103382018
128903,0.005974592874567814
128904,0.00015095757326467264
128905,0.00032320752679710306
128906,0.0002195781829539616
128907,0.0614134419680955
128908,0.01766748699221009
128909,0.007771037330469906
128910,0.003235703956563233
128911,0.0025164412798141136
128912,0.011395289798572471
128913,0.9830465226278616
128914,0.9849211637083204
128915,0.04407541948950128
128916,0.0014885867577080925
128917,0.0790796005396413
128918,0.0012324612995063399
128919,0.00037428966481591806
128920,0.000128424505877977
128921,0.9759027605739703
128922,0.0005490696860674997
128923,0.00036283897231808806
128924,0.00036777730591263996
128925,0.0006234338159130912
128926,0.002123872773940189
128927,0.9933097331771792
128928,0.0005642807459506304
128929,0.0005972886257770015
128930,0.00033804820702985477
128931,0.00020932601219387744
128932,0.0007153266383946531
128933,0.9886175802760947
128934,0.0007573041503645404
128935,0.0038244129663845775
128936,0.00034387739228943057
128937,0.0003787171899140079
128938,0.0022195609657751796
128939,0.0003134807370827141
128940,0.021111713088137498
128941,0.002205519538591139
128942,0.9859410188196298
128943,0.0005132030319729425
128944,0.00010809829685344213
128945,0.00023336917630490368
128946,0.000578531608816568
128947,0.000893397723645248
128948,0.9847636652986774
128949,0.0014740742011157017
128950,0.0005585376399340857
128951,0.0006653530784948347
128952,0.07134871983480068
128953,0.00036343012967516143
128954,0.0014028225052965168
128955,0.0007493442724024912
128956,0.0009802702907641505
128957,0.004760532195096779
128958,0.018536516734046375
128959,0.004135142401195367
128960,0.0026872821276557376
128961,0.0011192499276767359
128962,0.0045930182889780125
128963,0.0021826362264736957
128964,0.0014641404674015546
128965,0.0070459049408381925
128966,0.9440592599554525
128967,0.00045402648205684676
128968,0.0017755559417904463
128969,0.0007617180048341832
128970,0.0020791502823334787
128971,0.00603758627182719
128972,0.011246010686090678
128973,0.0004919208733784185
128974,0.0007576437784514916
128975,0.4833649189734513
128976,0.00027966188953508644
128977,0.00026554411735799175
128978,0.026508808471489786
128979,0.9869694161283302
128980,0.0011301593616621314
128981,0.0009954135566277464
128982,0.02077654568179897
128983,0.901234363829216
128984,0.001035155324511986
128985,0.00022770892012856015
128986,0.014582420047933928
128987,0.19784821505058187
128988,0.0011416156650181071
128989,0.0001907933725144521
128990,0.0004977835767608476
128991,0.0014268560659459835
128992,0.000381413501281831
128993,0.0008802629315189679
128994,0.9883976455575973
128995,0.00029616178617665386
128996,0.0003910340649177645
128997,0.0002216652399837674
128998,0.00013111795181054866
128999,0.0006292619007956636
129000,0.00014907229916642312
129001,0.0005770422102221721
129002,0.0008768236967088087
129003,0.9747807090256506
129004,0.019428677486874168
129005,0.00035991508948743644
129006,0.00019233303523698964
129007,0.010790490543456065
129008,0.00047527770752888007
129009,0.0010926332637211063
129010,0.001435194064463407
129011,0.00031368856381813775
129012,0.0009826660256024254
129013,0.0017707144237421174
129014,0.00022936614280841407
129015,0.0027653181650351684
129016,0.001897696629885611
129017,0.0002657298670637891
129018,0.0025896264703015753
129019,0.0023783418018423225
129020,0.0017148381887690982
129021,0.0006142226818674724
129022,0.9815392087796794
129023,0.0002673223795162579
129024,0.0007010836816725313
129025,0.00018835728640773943
129026,0.014711697928685352
129027,0.009457981266007996
129028,0.014821285517672747
129029,0.00043749583767418483
129030,0.0920966309812796
129031,0.0007312109008920857
129032,0.0005104518418014559
129033,0.009455573831118065
129034,0.6417537512550574
129035,0.0016827717542078435
129036,0.00273249499636403
129037,0.0008698087703441094
129038,0.0003488457095596292
129039,0.9872264593961819
129040,0.0003399728924957406
129041,0.18002770170832155
129042,0.0009796564365821224
129043,0.9041899816870439
129044,0.001069985984810408
129045,0.016012043646801487
129046,0.0007838661942317883
129047,0.0011404335250914232
129048,0.0062602175517582105
129049,0.9902089483304829
129050,0.0003446896361717874
129051,0.000623550322430799
129052,0.07252667879566156
129053,0.15730238620793394
129054,0.9426571977929236
129055,0.00013073201717636902
129056,0.02200714002181297
129057,0.0003445110217460904
129058,0.0012482753809353138
129059,0.014781001810991214
129060,0.002050002322054972
129061,0.00032671823349991747
129062,0.0007477852956169438
129063,0.06669874172812686
129064,0.8636132401689169
129065,0.0005381142523200734
129066,0.0008802746791013733
129067,0.0003836962194257625
129068,0.0002689829043176914
129069,0.03544044232313283
129070,0.0002966326596176024
129071,0.0006709809391228972
129072,0.11500186313674637
129073,0.7774930455900636
129074,0.9912627864247865
129075,0.00439225830059582
129076,0.8649319330615287
129077,0.0017447357579080914
129078,0.0038715255724733927
129079,0.00036413583082392737
129080,0.49504146907707974
129081,0.00023875737591164372
129082,0.11946439817518897
129083,0.002025095996727593
129084,0.0006405510899286196
129085,0.00043376443178483527
129086,0.00058140225677744
129087,0.0007452683880905319
129088,0.0012090463028811564
129089,0.0023271184847333984
129090,0.0004492364201416607
129091,0.0005260128296551206
129092,0.000235438294965238
129093,0.009960032008373053
129094,0.0013258600750979516
129095,0.0014135216234222898
129096,0.0002968585807641557
129097,0.00027075985028432843
129098,0.00020528711651139189
129099,0.00044265031086650544
129100,0.0003628749922458976
129101,0.0004041908310010731
129102,0.00039061157778769276
129103,0.00033099760915490043
129104,0.00046499411345532325
129105,0.07329683349672905
129106,0.0015634257260230364
129107,0.978037077359093
129108,0.9912433039748813
129109,0.001446977306455264
129110,0.00043655509824754604
129111,0.9782727118353536
129112,0.017039515575476158
129113,0.01295886612559216
129114,0.03407086607406878
129115,0.0004245762634955004
129116,0.003151774637676463
129117,0.9920901060265792
129118,0.000295783355147246
129119,0.0025750191478720796
129120,0.0004373981244288439
129121,0.024604500434157888
129122,0.0009602909281121689
129123,0.00030988995520284893
129124,0.02180692218794556
129125,0.0021164178632420115
129126,0.006970078810370278
129127,0.00037608550089846985
129128,0.0005387017778891891
129129,0.001861761959177337
129130,0.9883361656327345
129131,0.00048032388346273044
129132,0.000807148766828794
129133,0.9913720603214559
129134,0.0009967632180489837
129135,0.9788715474971703
129136,0.7819209241687505
129137,0.00041845932209397816
129138,0.0034743996224955134
129139,0.00015730066979696578
129140,0.000818922623720087
129141,0.0013527729306956724
129142,0.00026101687124841254
129143,0.005477370198038935
129144,0.9828565426243209
129145,0.0004340059180886566
129146,0.006946314027197403
129147,0.0015846648590615083
129148,0.9460968192755803
129149,0.0016154064862992496
129150,0.0017848950075530067
129151,0.0002298737104515706
129152,0.0002451900408876624
129153,0.0006815243253211104
129154,0.0005865827504533588
129155,0.0008394579650272922
129156,0.017729525226394982
129157,0.0005368569466470657
129158,0.00015023465633736769
129159,0.0006779989307327668
129160,0.0004406481071246997
129161,0.9891676392615772
129162,0.0007818112004056933
129163,0.0004949289653244808
129164,0.00024798835290580157
129165,0.0010858913365234862
129166,0.0002775720422836475
129167,0.002953955140557179
129168,0.733922352715478
129169,0.00030118194338885366
129170,0.00030424940106095174
129171,0.00028991882397052485
129172,0.0002692338734597822
129173,0.0017658636989231094
129174,0.0007271304484993085
129175,0.006048773585153486
129176,0.0008518177771195035
129177,0.00028817715826405857
129178,0.0015928994592117832
129179,0.0007010509573947308
129180,0.9207731579520325
129181,0.0026551651108703872
129182,0.0010617844355236383
129183,0.29467076762919253
129184,0.00020950506078591682
129185,0.04216579339274282
129186,0.0032572749640060604
129187,0.0010021154078107537
129188,0.00040329194312038513
129189,0.00058201224820602
129190,0.002750696087916283
129191,0.001471248149432922
129192,0.0005635723180452639
129193,0.0005921038478917246
129194,0.005974606101258855
129195,0.0004920545364852406
129196,0.0004955234626232857
129197,0.0003036534570302116
129198,0.03745440941899065
129199,0.00031875705755629493
129200,0.0018872259096724918
129201,0.00021859684205945446
129202,8.242744674319417e-05
129203,0.06171405506281489
129204,0.0036839077138792428
129205,0.007372377768933488
129206,0.0001600954395077951
129207,0.003512606676751921
129208,0.9887215115753996
129209,0.003232450190875574
129210,0.0004289754759922225
129211,0.0009718161746681107
129212,0.9898853548773509
129213,0.013087181421779606
129214,0.0050777205748034765
129215,0.007815472046490985
129216,0.0001957789816402041
129217,0.0013513045010222513
129218,0.00029192597330081273
129219,0.0005818111952898785
129220,0.000947294613615955
129221,0.00014307434394807985
129222,0.9755490363094371
129223,0.0005262945769466559
129224,0.0017686551428999402
129225,0.002771999742621907
129226,0.0007040555903774857
129227,0.0010592934591052473
129228,0.0014052834555446326
129229,0.0003263678186066085
129230,0.00026253127109088773
129231,0.0016211148732618572
129232,0.0005754325635700513
129233,0.001670274512480674
129234,0.2687591173531148
129235,0.0008809108750430917
129236,0.00018726762408888403
129237,0.00031034604771406883
129238,0.00030010824330734594
129239,0.00243380583976959
129240,0.0013287615282882746
129241,0.00030659771793499854
129242,0.0008562623178884717
129243,0.0002826498293825309
129244,0.03079127079532627
129245,0.0030915466194819815
129246,0.00013680075432997865
129247,0.0014405409345414056
129248,0.00033294523095307683
129249,0.0020492448552711317
129250,0.016778626583384148
129251,0.0007597383092125353
129252,0.990024856820105
129253,0.00040404768819467376
129254,0.0003965429067441848
129255,0.00029653888749586017
129256,0.000492380658626414
129257,0.0018302827066445212
129258,0.00016132247842527337
129259,0.033253860108868605
129260,0.9964596524254971
129261,0.000636937012992732
129262,0.006575291026733382
129263,0.1920107057242803
129264,0.0004941344927578914
129265,0.9918051736940446
129266,0.012288440766003295
129267,0.9969830544461812
129268,0.00044102402808035004
129269,0.0025977432059361913
129270,0.0002746768244162498
129271,0.0007573744622568232
129272,0.0008469222049854031
129273,0.00036097198687544716
129274,0.0005263150017248589
129275,0.012592116915462534
129276,0.000363094245795307
129277,0.000256214078236841
129278,0.0002861591025457969
129279,0.17432768146316563
129280,0.0023068380901652935
129281,0.006449821694637027
129282,0.017675717211985978
129283,0.29468624965816437
129284,0.9968034636022476
129285,0.0002747682408667667
129286,0.0003157435549277287
129287,0.00033279639956244596
129288,0.0020305931512989077
129289,0.00045445675503121734
129290,0.001541045098347148
129291,0.0035130752674471144
129292,0.0003901398452116886
129293,0.0032961716995150883
129294,0.0007177142826072555
129295,0.007147838858066005
129296,0.0001774515889976767
129297,0.09519852077726504
129298,0.0004067846658699436
129299,0.0010727298277742382
129300,0.0003654160131357646
129301,0.0012320401465934477
129302,0.0005867812340746201
129303,0.009327733470238148
129304,0.0007386672773632764
129305,0.0009394762507399433
129306,0.0026554519530240096
129307,0.0020697026401813264
129308,0.9036103269274552
129309,0.0011376634327208372
129310,0.00042969190912385357
129311,0.02954163796477955
129312,0.07220838160583529
129313,0.00022642858866814934
129314,0.0007507208629327374
129315,0.001120026829188637
129316,0.024656629096931476
129317,0.0752685166750788
129318,0.004994836278063984
129319,0.9728083415200952
129320,0.0016677156910855464
129321,0.00016339699980701892
129322,0.006042298135731519
129323,0.0003451767753467112
129324,0.0007634792751045214
129325,0.00040163801664014505
129326,0.9826379898746956
129327,0.000542417651332999
129328,0.010400784127452553
129329,0.0005784854648331751
129330,0.0006036527425763307
129331,0.9916874007303218
129332,0.006450756808845012
129333,0.00023461362929799663
129334,0.00015456632251027456
129335,0.069399971467656
129336,0.00018631991604618937
129337,0.0005226630276766876
129338,0.00041279287304832855
129339,0.0002761108339476738
129340,0.00017655156967977633
129341,0.002007173858151542
129342,0.00034020859056742487
129343,0.0005185297041527511
129344,0.00031294745620619657
129345,0.005505187746857377
129346,0.012353320904089601
129347,0.00024236233653048637
129348,0.006893224909521885
129349,0.0006104854374122743
129350,0.00038787800098085085
129351,0.00027577731925720536
129352,0.00945977082438099
129353,0.0002789916612741487
129354,0.0014821706352157132
129355,0.0012118420691581324
129356,0.14992031549561055
129357,0.0029661722358429034
129358,0.0003134854381568328
129359,0.0016906540991936901
129360,0.0019963296718273106
129361,0.00021618770220971343
129362,0.9904458048510384
129363,0.9768024504648499
129364,0.00017453357401972725
129365,0.0002599577449176268
129366,0.0010393809151399637
129367,0.0008548934408040081
129368,0.0002713758721833766
129369,0.001372176852620043
129370,0.000960315750229251
129371,0.0004278403028631192
129372,0.002090846762002996
129373,0.0007806649788148145
129374,0.0005593025091411245
129375,0.02095552460185542
129376,0.028303848056106518
129377,0.0004615637028688045
129378,0.0009167165874212777
129379,0.000910944590529934
129380,0.0006821504336925429
129381,0.12381738480916356
129382,0.0004967946075331392
129383,0.0004863313050889573
129384,0.0003390824534109565
129385,0.0033447876064437144
129386,0.0003666695818046213
129387,0.02521931133517792
129388,0.00018129113526769866
129389,0.008567030228953798
129390,0.9629236230840504
129391,0.027095369644501804
129392,0.0012080650581567653
129393,0.00044148176851525894
129394,0.0010457851085688664
129395,0.0005081618987509909
129396,0.0002960075446273478
129397,0.001755078340112421
129398,0.001729472656340832
129399,0.0011807037734714292
129400,0.0025817227652488225
129401,0.01640437293031042
129402,0.0027653155603383464
129403,0.9841396956213854
129404,0.00017989304189914814
129405,0.015706476874498148
129406,0.0007853868669151355
129407,0.00033184281374051307
129408,0.00117614001972358
129409,0.0002670975446865864
129410,0.00034347600950673915
129411,0.0010852974223080581
129412,0.0025928760608457144
129413,0.0033991965219261925
129414,0.0005799324184511157
129415,0.9945506216561943
129416,0.0004209870982801359
129417,0.0004902122458076842
129418,0.14708693506305429
129419,0.25488157472000056
129420,0.00887391959827083
129421,0.9766512709983098
129422,0.00014318751059824443
129423,0.00029639552639203513
129424,0.00038761626999149674
129425,0.05337953680467604
129426,0.9915033105302987
129427,0.00049509245483852
129428,0.9816127672612083
129429,0.924930188155399
129430,0.00025129042847943714
129431,0.0004260610809062725
129432,0.0002311929551374359
129433,0.0005323498802816331
129434,0.0002299037410686782
129435,0.004746732707427119
129436,0.0006102241545860714
129437,0.9424912451972887
129438,0.0008149346774157203
129439,0.000287589600610245
129440,0.00037130796847940743
129441,0.0036927078210743213
129442,0.006830949360994919
129443,0.0002471865412288445
129444,0.0013211521361735441
129445,0.0002520493256654433
129446,0.0003312416186232728
129447,0.006030009336236584
129448,0.004723449885824591
129449,0.006340826190400342
129450,0.0022214841711136754
129451,0.036740946290424355
129452,0.05221212134287848
129453,0.0368053390432549
129454,0.00048802284104000284
129455,0.008619661618637151
129456,0.0005144909046930103
129457,0.0004985120318113323
129458,0.0007461072629511931
129459,0.0012589216412043798
129460,0.0033267269077105147
129461,0.00026826848605725456
129462,0.0004410235987992091
129463,0.4905531040091354
129464,0.0035122890855599697
129465,0.012683498382062761
129466,0.0004225447575686061
129467,0.0007942234983389219
129468,0.005983827648728548
129469,0.9945816251630191
129470,0.007304026280839331
129471,0.000806672954835298
129472,0.00029186440382565794
129473,0.0003600795220686735
129474,0.00034801033000831055
129475,0.8746341350166296
129476,0.9948242271726706
129477,0.0008434398477295186
129478,0.0008270882475865964
129479,0.0016410020336421838
129480,0.0004946864029063203
129481,0.9854660521192553
129482,0.001554992273279795
129483,0.0006571191084216594
129484,0.0008995282282083011
129485,0.025105441884037596
129486,0.0002549178932911897
129487,0.0011590399845497579
129488,0.001506565652256415
129489,0.013675638852654905
129490,0.9905381902405384
129491,0.01809196082364014
129492,0.0001627287543231202
129493,0.00041855130660166113
129494,0.0009872075693150286
129495,0.00029499445924095925
129496,0.0018625886892587734
129497,0.6061487332803626
129498,0.006793333020141865
129499,0.0012539647393374446
129500,0.0003732527550798365
129501,0.0012363054602323193
129502,0.013718705781880397
129503,0.9663917402093735
129504,0.00040088762330342846
129505,0.00040866248236817905
129506,0.0189783253410438
129507,0.9828913991940886
129508,0.9842289397972507
129509,0.0003063647595810601
129510,0.9745679812049053
129511,0.0005290113918758276
129512,0.0007280800855477853
129513,0.0008458433726821589
129514,9.889954343608021e-05
129515,0.0015007409518862868
129516,0.9937242731935956
129517,0.0015160840515854284
129518,0.9852760723326252
129519,0.004107950061181224
129520,0.9818342278846065
129521,0.0005652187987441375
129522,0.002562033666757758
129523,0.0005939289659820609
129524,0.03566669699710702
129525,0.0010473777490480193
129526,0.005666303249044811
129527,0.05095152128279453
129528,0.0003669633482287805
129529,0.005028674067969676
129530,0.0048948383569681715
129531,0.039611812663578834
129532,0.034890740745702545
129533,0.00020114065588495457
129534,0.0005118650797096843
129535,0.00070344657391533
129536,0.017692582384555632
129537,0.00021212098470972624
129538,0.0010308342805917935
129539,0.9883549942763966
129540,0.00033921216297845666
129541,0.0012713978390776106
129542,0.0004123433890967813
129543,0.9488241680622587
129544,0.000615322004418574
129545,0.001128165803701555
129546,0.00036782083576089716
129547,0.00044951372332248857
129548,0.0018186374482952838
129549,0.0018581378066274247
129550,0.0005545321552920238
129551,0.00027107557429996524
129552,0.0003372268931770628
129553,0.9828364546636653
129554,0.004398717478920966
129555,0.012759333213062215
129556,0.0002631974377172791
129557,0.0025047823742526693
129558,0.005506590792592582
129559,0.979309271195911
129560,0.0005287218912265392
129561,0.000313631578044363
129562,0.0007733113354527683
129563,0.00023180109541779144
129564,0.01840397018021849
129565,0.010150529859122645
129566,0.0018883251656654065
129567,0.0004886846158201066
129568,0.17108268620947317
129569,0.0010048233342107623
129570,0.013068491234965125
129571,0.004577437598894507
129572,0.0001424573930399292
129573,0.006101339454988067
129574,0.0002746073633669005
129575,0.0006651196995289629
129576,0.020613386897028355
129577,0.00040563871600722085
129578,0.9936156453258106
129579,0.00031583735614230425
129580,0.0006140104104220563
129581,0.0012570948736140583
129582,0.46637348565025455
129583,0.00014768684548676866
129584,0.0003176339579614193
129585,0.0001831358633275332
129586,0.984068186196036
129587,0.0003028156040968721
129588,0.001684724048367194
129589,0.002061962474687704
129590,0.0001642612090881503
129591,0.0014896581203431597
129592,0.001271229701760166
129593,0.011063525584615189
129594,0.0008845503918915861
129595,0.0022791412857250553
129596,0.0006504740475211066
129597,0.0004361350078823294
129598,0.0011361338647178614
129599,0.0020258892761541294
129600,0.001301933298916249
129601,0.0004145471093428391
129602,0.0072866781230949635
129603,0.0003829091406111916
129604,0.009114765265940461
129605,0.9896775126764769
129606,0.05473329171776801
129607,0.00033010898096513407
129608,0.0047784027071410525
129609,0.003791768124613841
129610,0.000317652403431856
129611,0.008377879658537393
129612,0.05316026876655574
129613,0.0005317839485943278
129614,0.00025672396776820763
129615,0.0011325493121926839
129616,0.0027303686577095517
129617,0.00027457253411174095
129618,0.00046841385078565594
129619,0.0002668098610227216
129620,0.002321301588982437
129621,0.014888445181750084
129622,0.0005777069074881443
129623,0.003530941229619789
129624,0.9938976106986634
129625,0.026362675098657203
129626,0.003511299196507988
129627,0.0001861478110093816
129628,0.9951348430722795
129629,0.011856099761029502
129630,0.0012843763001000553
129631,0.9540299265768195
129632,0.0002796139138690295
129633,0.988988312895604
129634,0.001334832595178651
129635,0.0002867396528988191
129636,0.0008906284616587512
129637,0.002017848943667323
129638,0.00017871554287676999
129639,0.001708540076338657
129640,0.00037575707611315706
129641,0.024404439366291386
129642,0.025405016224903945
129643,0.00031811796183411634
129644,0.0019257326441740258
129645,0.9844966899151335
129646,0.0005769858617959471
129647,0.0007672005131981645
129648,0.007651295611080876
129649,0.0002504495724758782
129650,0.0008514091858832856
129651,0.0009275983336601343
129652,0.0005899400009304674
129653,0.018093927658462097
129654,0.05691218279045438
129655,0.00030035660643613335
129656,0.001015160325457658
129657,0.0006746880820116928
129658,0.9274437240852055
129659,0.002330015598809721
129660,0.002655605084471583
129661,0.003148777301158907
129662,0.005328336757220347
129663,0.000441093662007823
129664,0.0019942538155280016
129665,0.01948326207639871
129666,0.001271040525442947
129667,0.0019532009022245286
129668,0.018367082268834028
129669,0.0034484606865963453
129670,0.00027709669847113976
129671,0.0008670089020256929
129672,0.003936942674202777
129673,0.005273431366986417
129674,0.00040960376112541094
129675,0.003183954726789379
129676,0.04024671053031114
129677,0.0004582292771285278
129678,0.0016702190065234872
129679,0.030197532928623788
129680,0.0002559619572399139
129681,0.00012438797977548682
129682,0.3646648387202639
129683,0.000405963826787289
129684,0.00079824767971362
129685,0.0006446556164734045
129686,0.0011331174424313367
129687,0.00022776368719984127
129688,0.0018033573549282023
129689,0.00020973675031956885
129690,0.00023731089408569897
129691,0.0008949288637904444
129692,0.0007410592325281791
129693,0.0006757556652351542
129694,0.00047571498908547814
129695,0.0004118370332601114
129696,0.0008512015905181255
129697,0.0005561733511972824
129698,0.00024253685452360054
129699,0.0024371580137388907
129700,0.013301080909935644
129701,0.0008181985587054195
129702,0.9908331259135644
129703,0.001311476021999587
129704,0.00015238623751151327
129705,0.00017244125272885438
129706,0.00022073756934990043
129707,0.995229410550537
129708,0.002548910338856142
129709,0.997087431072931
129710,0.000696489138572285
129711,0.9685971066094786
129712,0.00847013574658689
129713,0.0022382139675644025
129714,0.0005747187985805818
129715,0.0008175641046379502
129716,0.0003250471699749844
129717,0.6543529251678957
129718,0.9894292678919976
129719,0.0009391047222935872
129720,0.0012477589466174375
129721,0.0007311322632029767
129722,0.0006223564807167647
129723,0.007861374417162456
129724,0.0010637292998022794
129725,0.02164334830180039
129726,0.00017354097700773898
129727,0.013290556670062742
129728,0.0036381044408814087
129729,0.0008418899208096928
129730,0.002041613814554936
129731,0.00020447573672916633
129732,0.004199336707177489
129733,0.0008722388960579965
129734,0.0002537082923014481
129735,0.02377086969430407
129736,0.9888622379069546
129737,0.00030308215575286876
129738,0.22387716219993212
129739,0.0005143312963127549
129740,0.0006537693945931996
129741,0.00022967121289788227
129742,0.011479493508358444
129743,0.15581289843732768
129744,0.0006404531595949563
129745,0.0037120053551760054
129746,0.0007599189541666967
129747,0.00023052199813774197
129748,0.0004078768562038633
129749,0.0036539236687335337
129750,0.00013172176204316447
129751,0.0056795122818995465
129752,0.00527731532022104
129753,0.0002702271860213258
129754,0.0016521232535537534
129755,0.0026307813848859382
129756,0.0006433752876231399
129757,0.000536498471471161
129758,0.0006011725547062992
129759,0.00036387636775845114
129760,0.0006529794552929519
129761,0.0006156001927467935
129762,0.0192561455178308
129763,0.003766704682163857
129764,0.0010318750159876574
129765,0.00031714082899373666
129766,0.00025497559507955725
129767,0.0007973998113173108
129768,0.00024901866519107463
129769,0.00038087034421212544
129770,0.0006074215953389022
129771,0.838825356613127
129772,0.9894825445857309
129773,0.018150194184277938
129774,0.0005192161044066325
129775,0.9890522404218037
129776,0.00021631228012967675
129777,0.00021401929236653598
129778,0.9906064151504843
129779,0.9010546264727319
129780,0.00019217664747806095
129781,0.0002649546130897272
129782,0.001034927653627774
129783,0.0016353449315291756
129784,0.9839418674242462
129785,0.0386183056544664
129786,0.0034150264247125592
129787,0.0006914849757131663
129788,0.011604989489789504
129789,0.9638950027989625
129790,0.00020012624584562135
129791,0.0004093267785228738
129792,0.00029502441244845
129793,0.0016591001030805293
129794,0.0006715427205212208
129795,0.9917829413784739
129796,0.0008253628785796712
129797,0.016939371422198014
129798,0.0005254952753635322
129799,0.9958999861759272
129800,0.0017806985492541398
129801,0.001556935088635203
129802,0.0010075613031880282
129803,0.0010364633909053765
129804,0.0011683341530252813
129805,0.00488022601292618
129806,0.0002749200983337881
129807,0.000927755102318059
129808,0.0005578458017337402
129809,0.000517392005646735
129810,0.014719972631184516
129811,0.01638286470991777
129812,0.00018131161193966436
129813,0.014515120049792425
129814,0.01988112831762068
129815,0.00035931260100671036
129816,0.00028163327782195207
129817,0.0002815923825040178
129818,0.0002425834462760511
129819,0.0008035776036585956
129820,0.003960004971566719
129821,0.000682127376987813
129822,0.9621146514891347
129823,0.0003993564275392151
129824,0.024128832484045737
129825,0.01785294964537729
129826,0.9933220832174182
129827,0.00045618715199993937
129828,0.9902819861311284
129829,0.00029465311141143924
129830,0.9927841311856755
129831,0.0015456508973234117
129832,0.030965989430549287
129833,0.0009004041919740518
129834,0.012652822353153478
129835,0.0004848008476146118
129836,0.0018600729841869099
129837,0.9929328198427751
129838,0.00044503075232148415
129839,0.0006157113718838048
129840,0.000645062353629932
129841,0.0007060137427916821
129842,0.0008992708756080887
129843,0.00011870710114061766
129844,0.7405048682274248
129845,0.005146848350187683
129846,0.06567450935669696
129847,0.0005948303558294699
129848,0.0064245783953006015
129849,0.00039511566126651423
129850,0.0008032271327819667
129851,0.0007898369149823311
129852,0.0016694928901005795
129853,0.08006734665825924
129854,0.00027232757328522316
129855,0.004019456348459201
129856,0.0005594298210456145
129857,0.0002426615274702331
129858,0.0003297630177172595
129859,0.002638913328164403
129860,0.00029533907082275346
129861,0.008915447872102088
129862,0.0010568601943906535
129863,0.024867330742020424
129864,0.17104779086663283
129865,0.0005372326391175078
129866,0.0006947317000398274
129867,0.00380219511197216
129868,0.0007435501112400336
129869,0.0007450746671312327
129870,0.00028585188728710034
129871,0.0041774562029912934
129872,0.004865612897743632
129873,0.00021492979875020992
129874,0.002991933116970239
129875,0.0005362469296538728
129876,0.977315450512478
129877,0.022694134058489215
129878,0.0015582308613961789
129879,0.004509300486743149
129880,0.026794641715689512
129881,0.9910680170843976
129882,0.016867464911173097
129883,0.00020475908479331437
129884,0.00210375191206234
129885,0.0006790896015242514
129886,0.0003614837470611729
129887,0.00037836208568846997
129888,0.0003326324281565539
129889,0.0002646611784395865
129890,0.0001998534633320189
129891,0.0003818436484210185
129892,0.0008794542609934905
129893,0.0003826448392051377
129894,0.00024731116644516755
129895,0.0028015119475490687
129896,0.0007871407621647489
129897,0.00029830716757866523
129898,0.0022784670816395776
129899,0.00047129451646168774
129900,0.0004707484440366866
129901,0.0005352024648761821
129902,0.0004475364520566147
129903,0.9876433139737859
129904,0.9925885282078039
129905,0.0023008315854603557
129906,0.02451873775057829
129907,0.0016701115349127282
129908,0.0006555303871771897
129909,0.9913578517623687
129910,0.14050016997455483
129911,0.01221041268921267
129912,0.0005896902111224234
129913,0.0013146557907454167
129914,0.0002779345321725286
129915,0.0005219157569897092
129916,0.00037438998481647336
129917,0.0018340684131531043
129918,0.002797797785995767
129919,0.0015937686236414958
129920,0.000537218633246036
129921,0.0007190148047341257
129922,0.00026551977333117457
129923,0.0009116113310632555
129924,0.0007649721970156283
129925,0.00025886284615105445
129926,0.9965464549111076
129927,0.039479807318243645
129928,0.9737409989970168
129929,0.0015214009593913858
129930,0.0006255389586603682
129931,0.0013511476185102227
129932,0.0006092577942996978
129933,0.08085804606019252
129934,0.00022248065688584384
129935,0.0667066277354391
129936,0.0004173582214097205
129937,0.0007617963269265355
129938,0.004414609710150061
129939,0.0003092700965380308
129940,0.00038132452396664123
129941,0.0029016805073285947
129942,0.04664198835634974
129943,0.00017748968476604966
129944,0.019684752220258842
129945,0.00016059405589301725
129946,0.007460475638329378
129947,0.030527399532890468
129948,0.0006492078015085758
129949,0.0001984807731081524
129950,0.006119162102006284
129951,0.0009945606719321592
129952,0.00015041644982361505
129953,0.0003779617618343007
129954,0.0008893992590996941
129955,0.0007915296380054699
129956,0.001377270930442657
129957,0.00022541768304611845
129958,0.004379005586559269
129959,0.00031446937258449483
129960,0.0002692772517575582
129961,0.00616440794824254
129962,0.0003491135650142346
129963,0.0011287899248633483
129964,0.0026723461120215504
129965,0.0009186675439670476
129966,0.009397342989048514
129967,0.33780017420785063
129968,0.0003346355165348237
129969,0.015797566884474937
129970,0.0005358905689688741
129971,0.002261411954186397
129972,0.0005765407038832298
129973,0.007562153336344705
129974,0.00328586149116741
129975,0.0011611966514087425
129976,0.000609538236433128
129977,0.008094010557870323
129978,0.0036257073190136073
129979,0.0014495825807236636
129980,0.0013658229737741419
129981,0.002053367071521278
129982,0.0007808262333828328
129983,0.000245135837750662
129984,0.002559842133967204
129985,0.012323703014931558
129986,0.05528630397453552
129987,0.0011548238030494005
129988,0.00010007774222935454
129989,0.00048553080317793266
129990,0.0010998756597471661
129991,0.0004749491935480599
129992,0.04435010061250437
129993,0.0017174084130567706
129994,0.0015727178775951775
129995,0.0001395086656920013
129996,0.008605827682749284
129997,0.00020853899932574035
129998,0.00048342619739368816
129999,0.0004911082816539827
130000,0.00044339629165299747
130001,0.0007629242883607201
130002,0.9449595334760478
130003,0.005307032682657711
130004,0.10648739550426574
130005,0.028937853595805647
130006,0.00666387254327404
130007,0.0003445995669673228
130008,0.000331465898371812
130009,0.001057222925544401
130010,0.0004687698935238659
130011,0.0005247037348155723
130012,0.0003516405387327985
130013,0.9844677565692534
130014,0.0012418038880944876
130015,0.0012722589280407843
130016,0.0001798407448663648
130017,0.00029384402005437057
130018,0.0003520838612639257
130019,0.0011331189648921393
130020,0.00019368869159127025
130021,0.0005566781742081648
130022,0.0014494450935189783
130023,0.18380208540347276
130024,0.13265697818149655
130025,0.00016576876572448052
130026,0.0007020653465086711
130027,0.0009072251881247445
130028,0.0017124102220588007
130029,0.02027442034047012
130030,0.016659902961816755
130031,0.00016359443025097456
130032,0.0004198510801137363
130033,0.00231477110623461
130034,0.002378993726455903
130035,0.0003636121085049981
130036,0.0007952295060048967
130037,0.9543539442847419
130038,0.005264108590322977
130039,0.0019132027794867524
130040,0.00022907890941786487
130041,0.00034663986208997546
130042,0.004955163069778079
130043,0.02188874696504461
130044,0.0001637569248528543
130045,0.00022586857665275487
130046,0.001964466804148229
130047,0.004521118627575423
130048,0.0007953709114639814
130049,0.0004693738356859127
130050,0.000212303991445114
130051,0.0012020343851105598
130052,0.0005025380494210251
130053,0.002059755175037175
130054,0.9777934949310929
130055,0.0002446719720122074
130056,0.0002035220930488818
130057,0.0004699422177989448
130058,0.006409892982241447
130059,0.00024945383225072944
130060,0.0007286556664385148
130061,0.000649370632674598
130062,0.0003980747106928594
130063,0.0007554880684266255
130064,0.9891329205416401
130065,0.001235298752443132
130066,0.00027955065931055227
130067,0.010346167284231555
130068,0.01327192698265035
130069,0.03048091740524955
130070,0.9855179412171755
130071,0.0014361928501802044
130072,0.007922672529206502
130073,0.00036358157004485065
130074,0.008357304796399272
130075,0.0004245050774527449
130076,0.00018472772469975676
130077,0.001849011024995871
130078,0.0011242169009693622
130079,0.0011082879791363721
130080,0.00042773540796241824
130081,0.004965287810793678
130082,0.0011812121114836264
130083,0.00033035463246692377
130084,0.500783583873675
130085,0.000344002471034384
130086,0.0012452377835892353
130087,0.0030476051777978347
130088,0.0003266768680621272
130089,0.9755210355165754
130090,0.000144005907883989
130091,0.8736229090187815
130092,0.0006179231600572147
130093,0.00048566283742903105
130094,0.0010097412066296127
130095,0.00035059995174113414
130096,0.0007953670871608779
130097,0.9594649008146086
130098,0.00045679532850082904
130099,0.00014803855394220186
130100,0.7799200213463197
130101,0.0018398013046481139
130102,0.003090995213915265
130103,0.02597802699845175
130104,0.0006299955565707891
130105,0.006289952403669672
130106,0.0015666036486750242
130107,0.0038472354647947006
130108,0.9960715408308841
130109,0.012575448798915388
130110,0.001129304112321061
130111,0.21525824287019726
130112,0.000370414323403204
130113,0.992522819331836
130114,0.0002442123881569582
130115,0.00018965258125845793
130116,0.9949341651882755
130117,0.9927049413836122
130118,0.0003329117340130909
130119,0.0005536240064803956
130120,0.0017191708854669687
130121,0.0002887623171121889
130122,0.0010237024526841714
130123,0.0007122063974318044
130124,0.0008057805034219805
130125,0.0033798676499128986
130126,0.0033618388413716397
130127,0.002741635876675851
130128,0.00020739434518257945
130129,0.0006341879459285024
130130,0.9860370040770918
130131,0.05546655264847855
130132,0.00046103005022077423
130133,0.0002545083157256859
130134,0.0012584619188929992
130135,0.0008884976232432032
130136,0.9872050820227481
130137,0.2512723152681961
130138,0.000500262401463293
130139,0.5218341433696162
130140,0.0007906977086666354
130141,0.0006250111193011511
130142,0.0029119077956964953
130143,0.00027885063426463466
130144,0.00020359828483666777
130145,0.0009364914695069515
130146,0.0007635390615691139
130147,0.010563397029810564
130148,0.0002563324189101922
130149,0.0003708639079369433
130150,0.06691708788158053
130151,0.004589781159383435
130152,0.9886496148091777
130153,0.0001403844059229051
130154,0.9924840956939883
130155,0.000965946684080741
130156,0.00040004960372958095
130157,0.0008180067437829549
130158,0.0004851455497843397
130159,0.00025638601876288057
130160,0.043208516138268115
130161,0.0019180805050204597
130162,0.00076571369675276
130163,0.0002957325540715075
130164,0.0015196989313985795
130165,0.0009929576018666748
130166,0.9017714628647683
130167,0.0008501608158193972
130168,0.0005466431891995956
130169,0.0007964245292891018
130170,0.04589273177437708
130171,0.0015852825530319064
130172,0.0005872606636082334
130173,0.002854926058417388
130174,0.002085255597492131
130175,0.0010906520155973094
130176,0.0001428012552159348
130177,0.01999122361856013
130178,0.03860931846936354
130179,0.00022569001865043256
130180,0.0018963337314761904
130181,0.0007944692039890527
130182,0.00027368628202392514
130183,0.001831100860603224
130184,0.000388206463660271
130185,0.003033617880818205
130186,0.00025110408924213217
130187,0.001310180869185266
130188,0.0034235986766237166
130189,0.00021262084665599464
130190,0.010894381926844936
130191,0.0010954722459620317
130192,0.0003417580479192811
130193,0.0006466911127195064
130194,0.0007871534979246813
130195,0.002568534225336887
130196,0.0007239208464107017
130197,0.000349769017162641
130198,0.00015346696756371458
130199,0.0013628479536172524
130200,0.001773742171553655
130201,0.0006347059471328918
130202,0.0003830328487469643
130203,0.004059326876885859
130204,0.9921014420237788
130205,0.01233862550175412
130206,0.0019605411544594215
130207,0.0005382091895543399
130208,0.000548158887275051
130209,0.00045630353528684043
130210,0.0002703885228614502
130211,0.000602777589121189
130212,0.09531080441792983
130213,0.01645797406105052
130214,0.00023741464810521956
130215,0.001259536716879598
130216,0.0002764005366528433
130217,0.007264676855025977
130218,0.001960248874744785
130219,0.049851954872100424
130220,0.9964192561128438
130221,0.0006048790589115861
130222,0.0006789987162830639
130223,0.00013064705999931908
130224,0.0004035216334098538
130225,0.01176512126999622
130226,0.0009722108116642505
130227,0.0010068844072970706
130228,0.008085092101876206
130229,0.008621917260177211
130230,0.019838848120919465
130231,0.003475955006722124
130232,0.011173915311162153
130233,0.0007009716250299385
130234,0.000457635685097275
130235,0.0011046976301878665
130236,0.0002715583441925098
130237,0.0009559184216815165
130238,0.005301520206188043
130239,0.005916548355832004
130240,0.0012288095795331953
130241,0.07454407245470306
130242,0.16538306054581875
130243,0.0007967537485383393
130244,0.00038362943932935943
130245,0.0006072390789423304
130246,0.0008302751428013006
130247,0.0003368426877583189
130248,0.9967375534551517
130249,0.0007398524669441536
130250,0.027148202349928936
130251,0.0003556481931467425
130252,0.0005948297908751583
130253,0.0001222790190820775
130254,0.00691522424895303
130255,0.00023113401044524067
130256,0.008887504430809543
130257,0.008799357100665088
130258,0.0003350845180510221
130259,0.00074063279005507
130260,0.00040750557414773306
130261,0.004645610452479209
130262,0.05101718879257737
130263,0.9925140787085384
130264,0.0003266172595556159
130265,0.0005619447025265434
130266,0.0028906420898003626
130267,0.00012461465919001702
130268,0.014435688438557614
130269,0.0008653773767734757
130270,0.00562459988782038
130271,0.000671261055847294
130272,0.0011485978345191414
130273,0.00027650737406226554
130274,0.28046391953224514
130275,0.0037709390213350037
130276,0.010221056376124589
130277,0.00045911907557047297
130278,0.021411570159379674
130279,0.01214984251005373
130280,0.0004212184837584109
130281,0.0011540715966109158
130282,0.0013258433584902442
130283,0.0011068471092381391
130284,0.0004684451088715588
130285,0.00020946821271970452
130286,0.028546395768098844
130287,0.00023213957190789506
130288,0.9750187106924012
130289,0.013795340746223073
130290,0.010879366848396566
130291,0.00021970343080305858
130292,0.0002672813400273687
130293,0.0012409287432365418
130294,0.0023217651705944834
130295,0.0017542510951279685
130296,0.0008502853842299529
130297,0.00023057911808693814
130298,0.00034204196258958385
130299,0.0019173667768094802
130300,0.9522865842015737
130301,0.002944959347445829
130302,0.006886571479881229
130303,0.00019489442786800278
130304,0.004505531152402742
130305,0.00022202765159087264
130306,0.05969879622106577
130307,0.0022939134758400265
130308,0.0005252024639426376
130309,0.9777495449403835
130310,0.9889740820472276
130311,0.0006372230337415524
130312,0.0006368192371052561
130313,0.0007630790923186751
130314,0.9770162839632969
130315,0.12334066050578253
130316,0.000701694932822304
130317,0.00030925383336503773
130318,0.0015241845959503358
130319,0.28037670095964634
130320,0.0033444515463914204
130321,0.0018755390589433305
130322,0.004194224208676392
130323,0.0004660338681722972
130324,0.00031584788968203726
130325,0.006806884179149578
130326,0.00028797368974137823
130327,0.0012350536588107807
130328,0.0008033155669543279
130329,0.00047515917269627504
130330,0.0005845074833566842
130331,0.000678427977751797
130332,0.0007377420741829282
130333,0.04096097662473241
130334,0.00016716653091442853
130335,0.00032110404844034837
130336,0.003291135429485562
130337,0.00099293346402342
130338,0.0027979633850999273
130339,0.000385010487886585
130340,0.00023811968399929927
130341,0.9888250023874633
130342,0.0011392889589666598
130343,0.0013796326482175408
130344,0.3605117543712495
130345,0.00043829759230271705
130346,0.0004312842494274225
130347,0.0003218026821523157
130348,0.0014216734254262925
130349,0.0002857809558788047
130350,0.13139987302588074
130351,0.00120283029169843
130352,0.0024462231097290158
130353,0.0015699077600143559
130354,0.9531598617968822
130355,0.9948605500475366
130356,0.8502703258674336
130357,0.00031029775506379915
130358,0.001466724918450008
130359,0.01928525510756793
130360,0.0002445340240399154
130361,0.006059972130245127
130362,0.22079321316757247
130363,0.00027176056910129524
130364,0.00036203668968533883
130365,0.0005886915071683556
130366,0.00031865614844187474
130367,0.0005278189768838661
130368,0.0002401067512446752
130369,0.0002443867619086913
130370,0.12493375376065134
130371,0.043264281768331164
130372,0.00027617733123654216
130373,0.06508932414024339
130374,0.0006273093804277731
130375,0.00020096241449859078
130376,0.003036009610606619
130377,0.00023760491657439273
130378,0.0002462516623063773
130379,0.000603640705427268
130380,0.004293773728509106
130381,0.000544369068836825
130382,0.0006106674936929195
130383,0.03144449250172714
130384,0.00018962431583070732
130385,0.0014146078206938618
130386,0.0006623843883450352
130387,0.8603112813320166
130388,0.00020728965846259813
130389,0.001553136633111097
130390,0.9900519550039419
130391,0.00022993132417883013
130392,0.0005443162434992935
130393,0.0012598444337213624
130394,0.000306983479646233
130395,0.0007564302864688436
130396,0.00017951884313604512
130397,0.00026996217999113506
130398,0.000410869925529558
130399,0.0002898886549621198
130400,0.00035880474736081636
130401,0.001271105409371344
130402,0.001482709970003015
130403,0.0007333758698910961
130404,0.000693217606165232
130405,0.0006339041458036089
130406,0.0006003356383491718
130407,0.00022250775710278738
130408,0.000400877679451205
130409,0.0012838490767025528
130410,0.0012159355755264193
130411,0.0014175419317037966
130412,0.00028286092952391006
130413,0.00048603403991497057
130414,0.011853148275945415
130415,0.002870619380220225
130416,0.0007045048794904523
130417,0.00038216527045093526
130418,0.00027584425939808827
130419,0.0016142317097490443
130420,0.010594078257753489
130421,0.0011849579887150464
130422,0.0009024998511742125
130423,0.00010833428999719024
130424,0.0012976079273501022
130425,0.9942558930420045
130426,0.0002931196758229241
130427,0.0021321648501938283
130428,0.0006798080321914917
130429,0.7427027901066202
130430,0.00045129129950123836
130431,0.0012151080878388238
130432,0.040204905134546234
130433,0.01799191047356385
130434,0.015759623779206203
130435,0.004732597410507321
130436,0.0019524026960646937
130437,0.0006127954714209697
130438,0.00028082324172165027
130439,0.6668386645567616
130440,0.01942564723439217
130441,0.0003988687921984557
130442,0.01976997454341179
130443,0.02019950389062414
130444,0.003064691143645178
130445,0.001012249139674764
130446,0.00030742100732327957
130447,0.0003679392287869792
130448,0.00013331855964710218
130449,0.003752664127224464
130450,0.002873944391125503
130451,0.0010403074824676284
130452,0.0007574498399672263
130453,0.0003736050652822355
130454,0.005663764778620504
130455,0.0003488129511978731
130456,0.002166575949046013
130457,0.00016821553344041802
130458,0.007235701280256859
130459,0.00043186702329051817
130460,0.0013132763872658042
130461,0.0010484001206771936
130462,0.0008526317893562901
130463,0.0003471122749344502
130464,0.0016204695333094754
130465,0.00027590108524496316
130466,0.009273101249714404
130467,0.0002730893864700719
130468,0.0010573593317788552
130469,0.002118873116610479
130470,0.00197640516533502
130471,0.007635662838545089
130472,0.012235640002083877
130473,0.0007298273665444281
130474,0.019657327537213585
130475,0.002064825956380007
130476,0.01396455706683924
130477,0.0007062191163171666
130478,0.0010518078837924959
130479,0.003960407077984461
130480,0.0009003928228690196
130481,0.0002486473693191499
130482,0.0002678872177800678
130483,0.051999307223158035
130484,0.0015688666063702161
130485,0.00044271767150111624
130486,0.00036135280201485883
130487,0.0036786584744453606
130488,0.0005875060825659031
130489,0.20761503311632823
130490,0.7952076483261629
130491,0.005942291522213099
130492,0.953857501692968
130493,0.9975837376510155
130494,0.0006687671438499956
130495,0.019481214219716506
130496,0.0014010462296147968
130497,0.0006268582247216153
130498,0.00043714521429794425
130499,0.00017223754336522453
130500,0.006852732126941811
130501,0.005752480459363021
130502,0.011025962581861122
130503,0.031516160961900144
130504,0.003850311621629937
130505,0.006958527926065626
130506,0.00048799505367915614
130507,0.23724901121546688
130508,0.0005845632712917144
130509,0.0004807847020484489
130510,0.00040051173532620627
130511,0.0036140017369086343
130512,0.00033726490468969126
130513,0.00047397372581514706
130514,0.00098148767654846
130515,0.00045099662319234127
130516,0.0007038702130918447
130517,0.0019494737097402195
130518,0.0005841501017068061
130519,0.004235478252207523
130520,0.007863362984459686
130521,0.0009332427440563221
130522,0.002277990570511602
130523,0.019154970816831974
130524,0.00027130047505183325
130525,0.0008160474759030606
130526,0.0007770570101968482
130527,0.9889835922381253
130528,0.006258439033712808
130529,0.0003751674284507791
130530,0.0006674934085308658
130531,0.00037053089381544943
130532,0.0016676225048431596
130533,0.004861820809783721
130534,0.00017999559617958155
130535,0.00021945343718108643
130536,0.00022416345098636586
130537,0.9852656571334641
130538,0.0013825335301424747
130539,0.013221506749131246
130540,0.0033647387603826886
130541,0.00023873012749983766
130542,0.005636743403166189
130543,0.0002517152823443731
130544,0.021130828213668507
130545,0.005120610056486162
130546,0.0005924387918610377
130547,0.0012645062479267374
130548,0.0005242499672964951
130549,0.0025891284506810294
130550,0.0003193715331355354
130551,0.0009605375736197402
130552,0.00047857430522283193
130553,0.0005921625433309254
130554,0.0010394435354787825
130555,0.019676429779893256
130556,0.01812737898863131
130557,0.3857287388571278
130558,0.0011221424494279211
130559,0.00026650930924420273
130560,0.0012428476671016684
130561,0.0002720741370041711
130562,0.0006306836558396552
130563,0.0011473216678915524
130564,0.0003104685560112892
130565,0.9886895494959009
130566,0.021129325830238972
130567,0.003729569597271714
130568,0.00346376343353089
130569,0.00037203992820840495
130570,0.05553950700787582
130571,0.00031875928793986195
130572,0.0006145993517624055
130573,0.021254676215462568
130574,0.9894719209590517
130575,0.00019143186352857042
130576,0.00036881819712570745
130577,0.0002544026890826545
130578,0.0010657988328632937
130579,0.003680457905174654
130580,0.00033593691354596723
130581,0.00175975802071432
130582,0.04628674267203476
130583,0.009794994569625709
130584,0.0005762721707100762
130585,0.00027334338434521223
130586,0.0009596762013566513
130587,0.006372395051157255
130588,0.00023338619008067012
130589,0.0030051881985583054
130590,0.0005124284726602084
130591,0.0003535019206257627
130592,0.000278905843037601
130593,0.000714394631115268
130594,0.037592950878288345
130595,0.9944555789617485
130596,0.3906830970842256
130597,0.0007412906468344634
130598,0.0002905782907966053
130599,0.010652339879906329
130600,0.011190276353422119
130601,0.00046037030578511466
130602,0.025292836685894268
130603,0.0005881694187777796
130604,0.01660600913133241
130605,0.9779274138614092
130606,0.0006740694653161278
130607,0.00038953891749195555
130608,0.013563634973757262
130609,0.0002799747497532428
130610,0.0004882965412476742
130611,0.0008829892815676303
130612,0.0011219424289912832
130613,0.02313367337280216
130614,0.10532968538581444
130615,0.9805176679685956
130616,0.06149010407182699
130617,0.00036820126672098316
130618,0.0003665285619064087
130619,0.0004597205001172302
130620,0.0003071458921006643
130621,0.0003935474740912824
130622,0.25350236771415685
130623,0.005604080403634171
130624,0.00034921690152319145
130625,0.001035223876650162
130626,0.001313282045585573
130627,0.02350583077402108
130628,0.3104934975153276
130629,0.9873371670192241
130630,0.00016889887731265865
130631,0.015471389902900848
130632,0.9912466696799381
130633,0.0016426944402724967
130634,0.000509473747974986
130635,0.0009346813399160336
130636,0.003318082578577874
130637,0.012582766180273838
130638,0.0015094376843054677
130639,0.017926975908453983
130640,0.0006941876277521953
130641,0.008524760306312579
130642,0.0028490810808864666
130643,0.00016054249326159111
130644,0.006679056041183265
130645,0.004195934408513293
130646,0.0018675408246910297
130647,0.03638591233422139
130648,0.0002452344746912378
130649,0.0008591198794600605
130650,0.0043768622706333825
130651,0.9442616186916896
130652,0.0017826525431101018
130653,0.0007036232668445022
130654,0.0007447737361072667
130655,0.988380155097323
130656,0.0036265666485613204
130657,0.000475886607679212
130658,0.0004546382312902218
130659,0.993803999305206
130660,0.08540159014872116
130661,0.0010529874355071028
130662,0.00045179799849535284
130663,0.022736061288041655
130664,0.0002983849317812352
130665,0.00041849195321068443
130666,0.9891749278506544
130667,0.0027094261017820815
130668,0.001690812626894233
130669,0.0006595752079252687
130670,0.0004062117841482766
130671,0.0002125155725109912
130672,0.00025253481732312075
130673,0.0006966513228681918
130674,0.0016088501027366681
130675,0.055114715784266737
130676,0.0008495017342149539
130677,0.0003916364527341355
130678,0.0021848158724718514
130679,0.0002255412593837439
130680,0.001045652285950929
130681,0.0004940532587004536
130682,0.00033331470417110026
130683,0.009970611305972684
130684,0.00013403915688736627
130685,0.10472985367554292
130686,0.0023446493409102587
130687,0.001240829266222587
130688,0.00032718741512692356
130689,0.005854757435934921
130690,0.0009905523267304784
130691,0.0005161898573564209
130692,0.0019875300426719774
130693,0.005037396169481552
130694,0.2049678345681982
130695,0.0034222439168228487
130696,0.001587033864975935
130697,0.00044120834110443084
130698,0.00013148339312844934
130699,0.01808632403401185
130700,0.00029706267502816944
130701,0.00035197679692343555
130702,0.0002148249031655124
130703,0.45070084302996977
130704,0.9835419274328256
130705,0.997504507942536
130706,0.0002299949823725191
130707,0.003796952495727825
130708,0.015592576408384235
130709,0.0016321686918052138
130710,0.001155564881661169
130711,0.0018296910834392657
130712,0.00033188850895840734
130713,0.015471844972110857
130714,0.008423047231707788
130715,0.0007609505027290061
130716,0.0005522021091543733
130717,0.0010345606394898137
130718,0.0006840019572869234
130719,0.006216964062681281
130720,0.000402311597412088
130721,0.0003937496760225329
130722,0.000589472671761116
130723,0.0006030193249244503
130724,0.007477479336270304
130725,0.0004660868663284361
130726,0.00157929032319043
130727,0.0004412589535255928
130728,0.0003916909486474598
130729,0.009274934377205129
130730,0.0003011534461627646
130731,0.004770627603622645
130732,0.002790998092032071
130733,0.0004935188396814068
130734,0.0007119357858227811
130735,0.0006170576002487865
130736,0.000602882071382749
130737,0.0007843831798131047
130738,0.0006813301226927965
130739,0.01054856131511578
130740,0.0270169502056172
130741,0.00042476634569412326
130742,0.0005788103753757021
130743,0.00033453448006891864
130744,0.0016581163805890237
130745,0.0006677159276313481
130746,0.07592967184979221
130747,0.0002590342305546628
130748,0.0013970270953181606
130749,0.0007449830367814061
130750,0.9906573101112712
130751,0.0011437283541389652
130752,0.0003191520905988062
130753,0.000206020821488896
130754,0.00036337823609344354
130755,0.0021557244092816736
130756,0.000736385569174875
130757,0.00813244774894375
130758,0.0008795809994253861
130759,0.0008258019543966955
130760,0.9797586281796676
130761,0.002572650316384063
130762,0.09053737513296985
130763,0.000789177093498753
130764,0.9927514843335727
130765,0.07152416182308956
130766,0.0002823804006138035
130767,0.001438947883353793
130768,0.00043244264982398185
130769,0.0002697668988584341
130770,0.00048115722812384866
130771,0.010748988627045094
130772,0.0002894424146302015
130773,0.0007484214636386569
130774,0.0002762223560241127
130775,0.0007231100956873162
130776,0.00039223566502185833
130777,0.0002890626483240595
130778,0.0007773512172389485
130779,0.022873950721447312
130780,0.0010643042048576344
130781,0.003328083556262966
130782,0.001306778185194394
130783,0.908908277290711
130784,0.014779491119558476
130785,0.008872672402520177
130786,0.00018445631953886983
130787,0.024785440357618004
130788,0.003608722256353991
130789,0.0005734381978208858
130790,0.0036715644865199463
130791,0.0006480002538866974
130792,0.0005154576368684665
130793,0.2895212197792946
130794,0.0008700977968530553
130795,0.00022035915506810822
130796,0.0008868442852129665
130797,0.000636774438450798
130798,0.00027544331802944354
130799,0.00041795925469448623
130800,0.0014283856262761122
130801,0.6275009177566838
130802,0.009387892347416845
130803,0.01398401785260671
130804,0.9914654020818544
130805,0.002321094491820851
130806,0.004287931283289793
130807,0.0038812590685299957
130808,0.003181782770784324
130809,0.0006104744470991343
130810,0.00024595146996197423
130811,0.0003282806607063565
130812,0.0005514325635309
130813,0.008899556356020383
130814,0.9949682537883496
130815,0.0016417850606487052
130816,0.00025102784601958725
130817,0.09612854761566722
130818,0.0002458135959991094
130819,0.009344196041211231
130820,0.00638137879847725
130821,0.0008073152064188483
130822,0.9894689653955523
130823,0.9719829341790267
130824,0.0023580199534967306
130825,0.0006991378693034123
130826,0.00042357010023268924
130827,0.0017981793418626558
130828,0.00021405943774712352
130829,0.01774594485070194
130830,0.00016026962152433563
130831,0.0010048969676142738
130832,0.0017195312436111675
130833,0.0006229814469425549
130834,0.007452432635021512
130835,0.00282237774058013
130836,0.0009649808602123848
130837,0.00016854261847692033
130838,0.21821557770165942
130839,0.9910066085722197
130840,0.05018443697214104
130841,0.0020740876412325684
130842,0.0003070428816912124
130843,0.002763617083599427
130844,0.0018214751902789538
130845,0.00037195763348184865
130846,0.00034333164380825833
130847,0.0009339432269978934
130848,0.0023856769010599135
130849,0.000429805424571086
130850,0.0012690921666862595
130851,0.0007109952609333465
130852,0.00023245892382210134
130853,0.0019307665023468284
130854,0.0019092463351494714
130855,0.9860620582610806
130856,0.0019750183209237583
130857,0.00011894921909256454
130858,0.0005998459929073001
130859,0.00037301114562999577
130860,0.000897890836563558
130861,0.007205923433154491
130862,0.4469207327135753
130863,0.9889241315205681
130864,0.013264325548717574
130865,0.0007299896512325578
130866,0.0017484636173072034
130867,0.0021591623318644644
130868,0.0003137451582123711
130869,0.00048149436571832846
130870,0.00037116506622542875
130871,0.000359238580068236
130872,0.026670160585800236
130873,0.0007345527155828298
130874,0.0022180526616141696
130875,0.00247601426579409
130876,0.001015686614790492
130877,0.0005751978788070112
130878,0.00032998107175756004
130879,0.00031420938533512007
130880,0.003395271298050813
130881,0.0006210424619682166
130882,0.0007747508239211425
130883,0.00016302862704335608
130884,0.1073223902924294
130885,0.0332347164420124
130886,0.007197619344283257
130887,0.0008326078556419134
130888,0.8229730539477642
130889,0.006272528686304576
130890,0.003076812349559105
130891,0.0005276489896354288
130892,0.0019471242942436478
130893,0.9904617341784021
130894,0.0010417302163034001
130895,0.0018052848268626394
130896,0.0011230310388430462
130897,0.009075393829188223
130898,0.002712217577103857
130899,0.025384096813463774
130900,0.971372435756039
130901,0.04047523917224841
130902,0.00047287105264779165
130903,0.0001558040583795248
130904,0.001067093744707908
130905,0.035367139894607345
130906,0.0002309872282268765
130907,0.02511809786407239
130908,0.0038827241873479646
130909,0.00044977737806332246
130910,0.0008402615408913975
130911,0.01753706807695037
130912,0.002768872503774147
130913,0.007098289867062578
130914,0.0004162487572799649
130915,0.00019304344450420073
130916,0.0003933406420961506
130917,0.005965116464940359
130918,0.00022966513190756746
130919,0.0004198069136639396
130920,0.08508616472937751
130921,0.008327950887840711
130922,0.0012335131424125304
130923,0.9937790326118462
130924,0.015361412738708653
130925,0.002300982910086549
130926,0.07153280698631322
130927,0.00032749019398528476
130928,0.0002520682011187168
130929,0.0017241538032940114
130930,0.0005734936108298342
130931,0.003656424625389508
130932,0.0006767460582912585
130933,0.0006104635553291987
130934,0.000539970471712694
130935,0.00030131811896667225
130936,0.00024761788267555504
130937,0.0016010786942504518
130938,0.9773981248602263
130939,0.00034299651080003387
130940,0.00016284234220332965
130941,0.00037838678655740496
130942,0.0020630564710843223
130943,0.0003641005137153112
130944,0.0004503602774420171
130945,0.0020100150871550032
130946,0.0005417327141595484
130947,0.001154011182401843
130948,0.0019140937240478258
130949,0.002419154903047543
130950,0.0003333440550301767
130951,0.003247176932930097
130952,0.001598341870252701
130953,0.0005470861719240471
130954,0.0001643651795911514
130955,0.9072060130617852
130956,0.005309293150589678
130957,0.00040860199419722745
130958,0.0024148148374862717
130959,0.0005192413454072666
130960,0.0013768121460313461
130961,0.000579689723688286
130962,0.060272585026800524
130963,0.014846229516980943
130964,0.0004746227076518258
130965,0.00013197649872022615
130966,0.0003248293137753961
130967,0.0013753238687341347
130968,0.0040183550605056495
130969,0.001608206638803107
130970,0.0019424100089870601
130971,0.01961312639808766
130972,0.9518491205855053
130973,0.0012020035396206113
130974,0.00041356043372001004
130975,0.0027832721206406895
130976,0.0002389857244668395
130977,0.000181642288894851
130978,0.00024496595285660176
130979,0.0014893482283108441
130980,0.002580317052020358
130981,0.0002782560281395715
130982,0.003673402243649316
130983,0.00042915858244466624
130984,0.019252463866371763
130985,0.0013064933044921248
130986,0.00040663180690200107
130987,0.00048726919691893014
130988,0.0001633385300434707
130989,0.0003855443552391103
130990,0.0004451858276149717
130991,0.000317976625913942
130992,0.015144627259381174
130993,0.0012354037151137943
130994,0.0013514965901968356
130995,0.001622184482565991
130996,0.00048115996470448876
130997,0.00028687479023356555
130998,0.0006226805577124095
130999,0.00023477173156537506
131000,0.005041350591619882
131001,0.0005325079255879276
131002,0.00015468291479082716
131003,0.9868646039257704
131004,0.00020782162615315877
131005,0.0013436143622564025
131006,0.0006062650487253083
131007,0.013365907058625276
131008,0.00048029300258096904
131009,0.00010696235362338323
131010,0.00028999365232588016
131011,0.0007703379249323069
131012,0.006346613300764335
131013,0.9817288443770673
131014,0.0021176981475251834
131015,0.0009265975596837157
131016,0.002950797929830618
131017,0.00034030534267189157
131018,0.0003919268129004104
131019,0.00033010643016551154
131020,0.0003464902300327811
131021,0.001171994640116717
131022,0.0009224699788161267
131023,0.001041462797047543
131024,0.00014482312560741174
131025,0.007662801253971138
131026,0.0007373428513513835
131027,0.0005746415036767703
131028,0.0008217326653657964
131029,0.005450337561266649
131030,0.0011365972133527366
131031,0.00014796850901490995
131032,0.0023172453544715726
131033,0.0007804791637505618
131034,0.0002601103803443235
131035,0.00013913634007018262
131036,0.0003413720247499875
131037,0.0007981951794322575
131038,0.0018611148048964705
131039,0.013865256577455297
131040,0.00010891102145881219
131041,0.00017059915146939091
131042,0.001031102495729532
131043,0.004983124306939519
131044,0.0036531009814170486
131045,0.001110046867011921
131046,0.0004365847679489286
131047,0.0007234231107983331
131048,0.00033423282026501537
131049,0.011026206085266934
131050,0.9895808062699203
131051,0.0013038474711546794
131052,0.001646764004086582
131053,0.044639363396153244
131054,0.0021404726846234053
131055,0.00716073542613147
131056,0.00010921498825572659
131057,0.005105143480640146
131058,0.016217827383261205
131059,0.00165310535378177
131060,0.3876125389372679
131061,0.0003952746080430148
131062,0.0003024982868173618
131063,0.0004013050561369041
131064,0.009096052635757133
131065,0.0008779084164560915
131066,0.0005279364276291631
131067,0.002260329418371795
131068,0.00021328051613011843
131069,0.004333546662479015
131070,0.0045422242878686075
131071,0.0008000609620994442
131072,0.00029023499600635904
131073,0.0010732627254940496
131074,0.04566160014412854
131075,0.0002928191462811176
131076,0.00034097667464708147
131077,0.000190425395439754
131078,0.004684031453677821
131079,0.00012850687346897805
131080,0.00038546383373994916
131081,0.0007975778228675369
131082,0.0037842262575153557
131083,0.00074452689295468
131084,0.006822917818834532
131085,0.000644452705285925
131086,0.0009462321368479567
131087,0.001373822557618465
131088,0.9889502898450397
131089,0.04500439567123466
131090,0.0013226688798352946
131091,0.0001867386305861144
131092,0.004347565171832754
131093,0.07394345492247839
131094,0.0002968917393738062
131095,0.979478625328476
131096,0.0528636746596138
131097,0.0009497691900934741
131098,0.00070742123433398
131099,0.0010700540691811107
131100,0.9713800375003913
131101,0.015257046324475783
131102,0.0012175159660339772
131103,0.0020568979697068125
131104,0.00036831164695817103
131105,0.0008238128139063006
131106,0.00015747354403476343
131107,0.00697511038168677
131108,0.07752275257433915
131109,0.0003161774639454906
131110,0.0012685228891981702
131111,0.00028767672352948513
131112,0.0003037035304542593
131113,0.02464865564433117
131114,0.00035060956051825273
131115,0.0003844132962582274
131116,0.010464801674641575
131117,0.06759267238681096
131118,0.9919082007493347
131119,0.000609339363814526
131120,0.00035387124298295094
131121,0.08643177455362332
131122,0.0005731882306968877
131123,0.04540247164736467
131124,0.0006806569896198279
131125,0.00020903380907941947
131126,0.0003601856403445696
131127,0.006646504822385159
131128,0.000197461725286237
131129,0.0014662620919294912
131130,0.0007239217100375538
131131,0.000375280894374117
131132,0.0004119278555796994
131133,0.0003116258945843235
131134,0.982803286096339
131135,0.0002980446094401154
131136,0.0007463340498234067
131137,0.9924044813799939
131138,0.0013328772932733029
131139,0.007814344414520145
131140,0.007995710921022595
131141,0.0003385366152167072
131142,0.0014653960967716513
131143,0.001413915129107781
131144,0.0008247625727259879
131145,0.0005353141958932326
131146,0.0027585479292340457
131147,0.0007051887205487474
131148,0.00263287481588283
131149,0.012740906441610429
131150,0.0005054403963706457
131151,0.06308549693781167
131152,0.01960108927612139
131153,0.9829377765684665
131154,0.0001147829342105267
131155,0.00019699129921619377
131156,0.004342257288788908
131157,0.0011158968275395153
131158,0.005025998112974685
131159,0.001620488423564747
131160,0.15869726732701847
131161,0.009667724394178265
131162,0.9786044264269
131163,0.9898219631699791
131164,0.00017566881481167226
131165,0.00023677104294097195
131166,0.9820653275621702
131167,0.002056453150377392
131168,0.006789413073946147
131169,0.0014446054701401471
131170,0.0002024009257049418
131171,0.00023552316250740094
131172,0.003563502057214848
131173,0.00020056244448644114
131174,0.0009883621680286663
131175,0.00160612552242327
131176,0.00021494157913667307
131177,0.0006945348381657497
131178,0.2174544772663493
131179,0.0003924682579322042
131180,0.0322145101842724
131181,0.00027000084050284853
131182,0.012133009920756692
131183,0.00022352961103125598
131184,0.0003857005596503587
131185,0.00019707747848580264
131186,0.0004924339425937634
131187,0.007883205802572612
131188,0.0004980788621509923
131189,0.0002911423813556601
131190,0.0011257089354144711
131191,0.0006737829208350335
131192,0.000651056760898244
131193,0.0002784984385906104
131194,0.00017673307036014316
131195,0.0007174482005711256
131196,0.0003058975905080153
131197,0.0008355015048792959
131198,0.003690210163652533
131199,0.0015773893796058173
131200,0.0005673414975227826
131201,0.0010245615355912144
131202,0.37138650178786614
131203,0.00039970439699345354
131204,0.004005112436623988
131205,0.1620196670727606
131206,0.9974214261241486
131207,0.9928075235669332
131208,0.004737288638657256
131209,0.00012010947367049093
131210,0.0010544536852948633
131211,0.0014965197415648317
131212,0.3013893511879714
131213,0.0028278182303596395
131214,0.00016898026752272302
131215,0.017071848384526477
131216,0.00029710052492438674
131217,0.00023319351960787948
131218,0.0005708955349346382
131219,0.000884829283400844
131220,0.00023965203716390748
131221,0.02653110226823745
131222,0.0007529411720064884
131223,0.9943471800697542
131224,0.00030549815821856246
131225,0.0004540608912510515
131226,0.9835900674863711
131227,0.0009102861073121521
131228,0.009272824795621101
131229,0.001148787446553545
131230,0.0005592882125192092
131231,0.9916996470854015
131232,0.0004759619981943763
131233,0.003768083800551744
131234,0.001305301384791594
131235,0.014598182590101929
131236,0.005729795874428513
131237,0.011221674851129602
131238,0.9133165141617408
131239,0.0015265866413596719
131240,0.008385556264997785
131241,0.000333922043829491
131242,0.0004410426018838125
131243,0.0013460690404647909
131244,0.006048541252041737
131245,0.0009839517090142165
131246,0.00040650853886637446
131247,0.0022843599046411937
131248,0.00026686587023067753
131249,0.00034455700621935094
131250,0.00048676629310450293
131251,0.9936150980744228
131252,0.013975545494187915
131253,0.00116680959946672
131254,0.0003465342811105198
131255,0.0007504449504006118
131256,0.03537796952796479
131257,0.004283227997894448
131258,0.000270189004681787
131259,0.0011709686063183843
131260,0.0001727953061208391
131261,0.0002330857498200981
131262,0.00024213087597755063
131263,0.033908620880941105
131264,0.0006652623724228532
131265,0.0011385108002242765
131266,0.014531363666012726
131267,0.00025334322092718757
131268,0.0008533258675041026
131269,0.00032942351797811257
131270,0.0013030499497791667
131271,0.00031797863416704804
131272,0.0041479823357173625
131273,0.00025791190937077306
131274,0.017999501414213227
131275,0.000709308807882052
131276,0.0011753482140275516
131277,0.0001855312545637958
131278,0.000603356685743623
131279,0.00039804647545859897
131280,0.06045595600903108
131281,0.06803831496621299
131282,0.000999527467500879
131283,0.003228548033112512
131284,0.0005427060606137195
131285,0.0002661992225788764
131286,0.018952496475822835
131287,0.00025939915458221937
131288,0.0015363708477285568
131289,0.0003818617519942263
131290,0.026372966305477717
131291,0.0004911452952481396
131292,0.007883822399708262
131293,0.089189396266925
131294,0.4167833747861129
131295,0.986643076533679
131296,0.0005198567103117741
131297,0.0004150399832332726
131298,0.0021454703131834722
131299,0.9899097102523599
131300,0.02541766752309763
131301,0.0012317658161216775
131302,0.9894096353388067
131303,0.006298856779517086
131304,0.0018337522991126332
131305,0.00021413459977276956
131306,0.0007003244035074954
131307,0.0008635212090098351
131308,0.006538452350941053
131309,0.0005854174596098356
131310,0.0024224314022546906
131311,0.0004232611090548259
131312,0.0030388050634448742
131313,0.0008013817499685264
131314,0.0016527234712502223
131315,0.00021211962496623475
131316,0.0006511277469506741
131317,0.006959317684509766
131318,0.0022401482057827844
131319,0.00031763906877714705
131320,0.001511109839464914
131321,0.9749876772494737
131322,0.07291164606821084
131323,0.0023578623297035918
131324,0.055057460487018324
131325,0.0016136676897569827
131326,0.0006191559086432196
131327,0.0006158001216709361
131328,0.049645763390552156
131329,0.0020231857989853495
131330,0.07345264651614132
131331,0.9939947321216477
131332,0.9758752609279375
131333,0.006058294047232497
131334,0.0006254914604007087
131335,0.07662369438320189
131336,0.0005604862579922305
131337,0.005036944074848124
131338,0.008252036407378123
131339,0.0006433645814890826
131340,0.00017877475341136618
131341,0.0010542130368176121
131342,0.0008610809138816111
131343,0.0003645258414739208
131344,0.002170072733502961
131345,0.0001487837814829224
131346,0.00039802549270949683
131347,0.9881615845645793
131348,0.0007909486981553438
131349,0.000214499966237751
131350,0.00039444731390509747
131351,0.008705317652939184
131352,0.000621389983175894
131353,0.013883145361775144
131354,0.001241206975551702
131355,0.030344348401118656
131356,0.0010699912449123477
131357,0.00281366282884651
131358,0.0008668846834966584
131359,0.007463697565042298
131360,0.0003363161755841963
131361,0.0002758670901240924
131362,0.0021660279348847933
131363,0.0006228370218469909
131364,0.0013121630314540237
131365,0.0014129614203494537
131366,0.018058465575245534
131367,0.003363310628936185
131368,0.0008414977732984744
131369,0.00668304796689753
131370,0.0004293868601730267
131371,0.00031364384325845764
131372,0.00017763007796548527
131373,0.0005089102286694588
131374,0.0002836421790441617
131375,0.0007682999960883363
131376,0.03708337785526071
131377,0.00022911653712014065
131378,0.5981998315395156
131379,0.025875284784886935
131380,0.0013435368098559687
131381,0.0007199166426873927
131382,0.0005109035283821247
131383,0.05282927304232916
131384,0.004881305388649106
131385,0.0006870772638424414
131386,0.00031881832784269175
131387,0.0002480493279690247
131388,0.9845770559264483
131389,0.007633541495305127
131390,0.00029701353720693594
131391,0.0008296958513969968
131392,0.05378296468392083
131393,0.0005496656618566722
131394,0.0006312474654290718
131395,0.001403375953342181
131396,0.01244720965786265
131397,0.0025381558232798604
131398,0.00026797951979240194
131399,0.0015059115227046439
131400,0.0005565966003463449
131401,0.006043623269118921
131402,0.09064218042574983
131403,0.0007587216218701168
131404,0.000686853940561738
131405,0.0004908647098331814
131406,0.0003177816740779709
131407,0.9854188683702446
131408,0.00031487994102689313
131409,0.00038641633504225473
131410,0.0009739352055259331
131411,0.002114569666968999
131412,0.0012020358615207232
131413,0.00332893859826033
131414,0.0039155042212132085
131415,0.00019867694592535696
131416,0.0009063789540236668
131417,0.6116863023571795
131418,0.0005294725384167816
131419,0.0008476221373267539
131420,0.001784062726928811
131421,0.0003158002236370961
131422,0.9955139495269646
131423,0.001029898151786901
131424,0.000747470458589062
131425,0.0002452380568252421
131426,0.9015080911001968
131427,0.00964977999243237
131428,0.9959224489250902
131429,0.000896494636201531
131430,0.0004470619161209307
131431,0.012775159821934676
131432,0.0006845414718827146
131433,0.014797298580765152
131434,0.00430476262150364
131435,0.9941593034399233
131436,0.00031948102941420706
131437,0.00119104822650901
131438,0.001212918612072669
131439,0.012784035962767486
131440,0.0006093331163351893
131441,0.004777334152281543
131442,0.0015542176978911829
131443,0.00018943643256847534
131444,0.0029509015046610366
131445,0.0018212371875915053
131446,0.001559741120063969
131447,0.002701234200525335
131448,0.799074968962584
131449,0.020162799041143747
131450,0.007578520074108471
131451,0.0003675155045529482
131452,0.0008222241821149097
131453,0.008904890720101576
131454,0.00015256370194053064
131455,0.0032841400632445416
131456,0.00022047606774387593
131457,0.0005881294715136972
131458,0.00022601396171159014
131459,0.0016384415482817323
131460,0.00019755280103190138
131461,0.004651695553163862
131462,0.015474210674687301
131463,0.00048705230762146706
131464,0.9805297295544355
131465,0.0002931123376959858
131466,0.00014815906497705979
131467,0.0002673366006130765
131468,0.006690103570111118
131469,0.0009546972814539278
131470,0.00017717313091462135
131471,0.002027185857526904
131472,0.0010851112207342602
131473,0.0023472001337759823
131474,0.025553327694649138
131475,0.009917622014234514
131476,0.0015927902243515718
131477,0.0014023769165704642
131478,0.004036244366099791
131479,0.0002627294866104138
131480,0.005866267082281798
131481,0.06304820788173678
131482,0.03244135571992305
131483,0.009777581755128653
131484,0.00023300967579832784
131485,0.19797946042318246
131486,0.00019505519204869002
131487,0.002975411592178615
131488,0.0009231767674416471
131489,0.9870984413357855
131490,0.00020665466989540685
131491,0.008981131235939608
131492,0.0008936443403884635
131493,0.0400265144664351
131494,0.0009829527421915437
131495,0.0037900409793994033
131496,0.00018481383317849815
131497,0.006848887494625361
131498,0.012527337274963824
131499,0.003644850417052272
131500,0.0033887898511166773
131501,0.0006609251513433322
131502,0.0016155982178728745
131503,0.05757406277948974
131504,0.0009679542998073478
131505,0.0014096156774305417
131506,0.0023449390883638318
131507,0.0012031736217594014
131508,0.00020109774142723475
131509,0.9976787076997224
131510,0.9809444697065276
131511,0.001416796851669896
131512,0.00028283411119181626
131513,0.0005887869172647816
131514,0.0007119465851621322
131515,0.9926685329550571
131516,0.0007439334107478293
131517,0.00039587286583413965
131518,0.0002586851006275219
131519,0.001174857803176053
131520,0.0005599618750493989
131521,0.000415621766902881
131522,0.004276762860564029
131523,0.00031232090586599023
131524,0.24489534072625938
131525,0.0017077267905742917
131526,0.5487376939759475
131527,0.0012962900167073097
131528,0.000564382616347099
131529,0.0007460260634064386
131530,0.00022731559781127335
131531,0.11258879500773859
131532,0.133837307971432
131533,0.002802757823954152
131534,0.0002581832315329911
131535,0.04329838406646636
131536,0.00020707470045870906
131537,0.01059996135487629
131538,0.0014173703945560515
131539,0.00011417262223250687
131540,0.0009336322174073544
131541,0.00020524261858656775
131542,0.0008893236804869872
131543,0.00032639727003870247
131544,0.0001600235582703276
131545,0.00032806290930705495
131546,0.0010124612381608947
131547,0.0014359633422316729
131548,0.0003423517805745996
131549,0.0019054128295602642
131550,0.24990891924245967
131551,0.9977219338379187
131552,0.0012822439653501947
131553,0.9895854519465045
131554,0.001254599951183246
131555,0.0005760315311390227
131556,0.0005631926752221154
131557,0.017411103125466888
131558,0.00016122463122021194
131559,0.0007394881085061321
131560,0.0002739641641480787
131561,0.0005826619468215621
131562,0.00027476051954734685
131563,0.0003680065265119667
131564,0.000397633405915877
131565,0.2973367948113721
131566,0.000326574528546385
131567,0.000509365403325605
131568,0.0003464678353518851
131569,0.0009244510256658249
131570,0.001235377070332379
131571,0.000194485246309852
131572,0.0009777301108438805
131573,0.02085255433410287
131574,0.9471117899091508
131575,0.0010344634815549055
131576,0.0004261127773786563
131577,0.00039325490964386994
131578,0.9903108646098798
131579,0.0032095929455947425
131580,0.9847793853167434
131581,0.7212049798481972
131582,0.9911321774304961
131583,0.0026272317005121733
131584,0.00036693764201853156
131585,0.969281079082729
131586,0.000712095790172757
131587,0.055897826867301624
131588,0.000779056072477445
131589,0.0002685032600677366
131590,0.0011955182304661863
131591,0.0005859098450505755
131592,0.0002864264425676815
131593,0.00023395964308493548
131594,0.0005766254564010833
131595,0.00024267358827300802
131596,0.0005786289204213193
131597,0.11299617847971591
131598,0.0006372154025487384
131599,0.00032385713251005397
131600,0.031323571807368576
131601,0.020268564126149143
131602,0.001773181754149042
131603,0.00048309885654660356
131604,0.0009469333853804004
131605,0.00012264784833058854
131606,0.0010203745363616277
131607,0.00034569871893706843
131608,0.0010720390136878778
131609,0.00019536864596942673
131610,0.0006804738869148232
131611,0.00031463353958211833
131612,0.054680892859889065
131613,0.0008759627361763332
131614,0.028291284358932575
131615,0.0006796417606815241
131616,0.0006356238030209373
131617,0.0005023930287559373
131618,0.0007213861519607589
131619,0.00018610611646977679
131620,0.9904703010735771
131621,0.0009150467039047937
131622,0.00027431631080593945
131623,0.00021061166104263706
131624,0.00046963709849935534
131625,0.9129100182355234
131626,0.0007335983470875755
131627,0.00013816750355838287
131628,0.00029177231865175633
131629,0.0005189586696738245
131630,0.00024910480764439347
131631,0.0004803435008259465
131632,0.0013954244988779007
131633,0.00047732885972351754
131634,0.0009086286365667164
131635,0.013312279991784765
131636,0.00033526856722367136
131637,0.0002692616149502451
131638,0.00053019786326934
131639,0.0015901955703164655
131640,0.00027992639746335363
131641,0.002017108529279095
131642,0.00014831639248682582
131643,0.1917133991663026
131644,0.016455142630021836
131645,0.9860751788927755
131646,0.0007297549627138544
131647,0.00030284542443910647
131648,0.0008937370725110938
131649,0.0013843019368222082
131650,0.0015176487487333372
131651,0.0007977337115732716
131652,0.00024525973677775627
131653,0.0001755568842932096
131654,0.0006965195344667181
131655,0.0032601073591372546
131656,0.00029448354121630404
131657,0.0007867911525992276
131658,0.0003002983098540625
131659,0.00015998184822983767
131660,0.0010675334151657955
131661,0.014046416723311264
131662,0.47401512445885663
131663,0.0003762770544733914
131664,0.015417565544383002
131665,0.0007532694449889916
131666,0.9954048417371677
131667,0.0002486768152765594
131668,0.0006042325882770823
131669,0.00766755594491937
131670,0.00040931109682124957
131671,0.0002412998299108867
131672,0.0028848318333175678
131673,0.0018309500959297503
131674,0.0032825971988897753
131675,0.0019719071144704836
131676,0.0007090480638126556
131677,0.12258319908535267
131678,0.0007110109565831717
131679,0.0012182719866389476
131680,0.03185644126685418
131681,0.00034096657145627493
131682,0.0021788352553544867
131683,0.00023838409619276113
131684,0.0032191850040098695
131685,0.0011029953721037578
131686,0.0008685391238207756
131687,0.9454794058593203
131688,0.8841094899145985
131689,0.000586362934323801
131690,0.0014797270202188601
131691,0.0003110781882110122
131692,0.0011795675153510002
131693,0.0004411355692708231
131694,0.05117960788625671
131695,0.0006439394530925476
131696,0.00021534872404895255
131697,0.0001316611901586769
131698,0.022442249448176556
131699,0.0002846756913172246
131700,0.0005085161011144181
131701,0.0018524088907153936
131702,0.030592042760140915
131703,0.00032235263320424233
131704,0.004825387024510121
131705,0.00033408235663437836
131706,0.11013730864211457
131707,0.007569626302056161
131708,0.9959652404619884
131709,0.0016046668426234572
131710,0.0036898511657413578
131711,0.9946344617069575
131712,0.8990961897604453
131713,0.0012845923293120856
131714,0.0007478314100026728
131715,0.003696809129929554
131716,0.9912322800114028
131717,0.023678069341701708
131718,0.009409533366015467
131719,0.0013930245512124918
131720,0.0010738549453096816
131721,0.0007456428512491822
131722,0.0019582251768278094
131723,0.003169537604181628
131724,0.0002761250649808751
131725,0.0028503907568505106
131726,0.00477244800131931
131727,0.0004624547389402108
131728,0.7918811194601089
131729,0.0012322562550196984
131730,0.0012027451588710997
131731,0.028893694916567708
131732,0.02700003453752945
131733,0.9899347491792708
131734,0.00032215539842235947
131735,0.0011125845167715817
131736,0.0018504695154787348
131737,0.00014800655495717262
131738,0.0003244274681555332
131739,0.967090841193086
131740,0.0011993510087171437
131741,0.0025833156795178175
131742,0.0004648008093800147
131743,0.994474745174086
131744,0.0004059311714205729
131745,0.0011144595609780801
131746,0.00189915139938617
131747,0.0055208914008995835
131748,0.00038235363019192256
131749,0.0005710241078771374
131750,0.0009593913177926815
131751,0.43289476882969136
131752,0.00016955482623390547
131753,0.014189401181204644
131754,0.0001568431291798629
131755,0.02752323448591036
131756,0.002754013567545664
131757,0.0003211820046363867
131758,0.0003171685987080191
131759,0.0002763648118281326
131760,0.0029446668388110222
131761,0.001372482330767686
131762,0.0011557445461144807
131763,0.00790598718017031
131764,0.4115651815373312
131765,0.0007953640151857162
131766,0.0014235248678528978
131767,0.0024822555901335996
131768,0.0009209513179225587
131769,0.9830012258983141
131770,0.0008594829084533203
131771,0.00033900219830301765
131772,0.00016338948261785356
131773,0.0004050569969422144
131774,0.0008922414042033676
131775,0.0003032847570493807
131776,0.0020509989405382164
131777,0.0012738936242520423
131778,0.00042709529877919393
131779,0.9885839426595158
131780,0.00030122279514257225
131781,0.01904005662741766
131782,0.000310337061027075
131783,0.0011798910915222143
131784,0.001742465771122988
131785,0.0010183704057894487
131786,0.0005383122292642743
131787,0.0004108208227866366
131788,0.00042732166115307216
131789,0.9931920197668598
131790,0.0011972858059619014
131791,0.00340992394711722
131792,0.0006174487488223834
131793,0.9945068815793061
131794,0.01297624537401043
131795,0.00037325977437205094
131796,0.0014060622205041475
131797,0.0004920176234355181
131798,0.9907694460978325
131799,0.00017599038481882237
131800,0.0012970689028002265
131801,0.0002639292498394455
131802,0.0005281967661674484
131803,0.008252152098449407
131804,0.989309678148192
131805,0.0002658462985207374
131806,0.0002591253881890523
131807,0.0011742715494656231
131808,0.01206270454031056
131809,0.9922790750895821
131810,0.00030139554908841415
131811,0.008814276928998641
131812,0.0008469063343545975
131813,0.0003050003182273473
131814,0.0002941856724985961
131815,0.0009255332835895086
131816,0.0022278986966947378
131817,0.004477767397780043
131818,0.001268862434606679
131819,0.00263998856079171
131820,0.002561672743644094
131821,0.00047921389524058927
131822,0.00064909327784594
131823,0.6101373545829571
131824,0.0003359518361442436
131825,0.0016099152476215196
131826,0.0013737284961257358
131827,0.0003527120623048792
131828,0.0010392489040438816
131829,0.9897015459929559
131830,0.004141571640569132
131831,0.0004499671554132118
131832,0.8586569571670327
131833,0.00023647924031604609
131834,0.0006258671572094831
131835,0.0011066457877498392
131836,0.0011629796324204742
131837,0.0014071263417341667
131838,0.00027824178303396897
131839,0.0005586557719455323
131840,0.07057254842553719
131841,0.0018272238347771387
131842,0.011447056576022296
131843,0.024436473494226865
131844,0.0004888019256622407
131845,0.00048116494697561215
131846,0.0034550648867795026
131847,0.011361525442153216
131848,0.0004075274026871563
131849,0.002741251869159936
131850,0.006292572236448271
131851,0.00012739542970662543
131852,0.00022017535056764143
131853,0.0008962256415053194
131854,0.0013190976837662454
131855,0.003785593880530737
131856,0.00028106004013205303
131857,0.004228403463636904
131858,0.0003938919221130852
131859,0.025617916323565894
131860,0.0003341658499324108
131861,0.0006646898660294457
131862,0.0001252430577537193
131863,0.9668733943979679
131864,0.015210006571481579
131865,0.008799547224774882
131866,0.0018360551401252053
131867,0.0002765020225639325
131868,0.0011498718964622376
131869,0.000540130604041991
131870,0.0006535177573863528
131871,0.005323997956809299
131872,0.0003522069150845941
131873,0.0006308072813631894
131874,0.012427306366620422
131875,0.004254511796826282
131876,0.0007672394517100477
131877,0.0008547440026947664
131878,0.00028885300508289357
131879,0.0019302867830733607
131880,0.00035207689190352065
131881,0.0003773939110885955
131882,0.000540714574006982
131883,0.00024939237694879843
131884,0.0005280190897465028
131885,0.014211305239598487
131886,0.00028604330742467587
131887,0.0003077967610655506
131888,0.00022802677488781073
131889,0.00026840557724961724
131890,0.0012317981066458138
131891,0.0023129877691082106
131892,0.00039845676421774805
131893,0.001549547462338136
131894,0.0003335321788059989
131895,0.0034642301821608875
131896,0.00025325759062582625
131897,0.0016559019035211988
131898,0.9907606411680115
131899,0.9915340010990434
131900,0.02034928570481328
131901,0.00042902456732382135
131902,0.029897477834894173
131903,0.9932703753065064
131904,0.0007680433284083003
131905,0.0006869871131833533
131906,0.00020230395628273185
131907,0.046164030283374555
131908,0.020193682503387624
131909,0.0001723034141954357
131910,0.2672075120291111
131911,0.02245166459561198
131912,0.0002283432626494637
131913,0.000432283457856216
131914,0.0003850367994808748
131915,0.00031645121065016103
131916,0.0017559236754368939
131917,0.01500958518835091
131918,0.10029193500555737
131919,0.00022423027139436628
131920,0.042218228666240414
131921,0.26983052160775683
131922,0.00828369063796052
131923,0.9932036359038747
131924,0.023329917784755662
131925,0.009947962084705391
131926,0.0005753611510386732
131927,0.00199102400025954
131928,0.0013042147713703415
131929,0.04526318453356136
131930,0.007177304320637343
131931,0.011299071449336763
131932,0.00031396612465065844
131933,0.00505169147525797
131934,0.002820246820765628
131935,0.01573835327988706
131936,0.00044838710520756213
131937,0.0013357443311630213
131938,0.0003386736557461236
131939,0.00040023922687610074
131940,0.003646108286825281
131941,0.007176367921419182
131942,0.00021346563949391974
131943,0.0005560963549211037
131944,0.0013083491889636619
131945,0.0003565337846845616
131946,0.0009950971417250901
131947,0.01564449112549103
131948,0.001310024391865144
131949,0.00021422232099641431
131950,0.00020020899921464842
131951,0.00011530627155143106
131952,0.0006832821543227098
131953,0.04048964358393451
131954,0.0005341562289013037
131955,0.024383201101227256
131956,0.0024339822794614803
131957,0.0001677825843024915
131958,0.00035062472676724996
131959,0.00024650515575470216
131960,0.001623325166104059
131961,0.9899571485039119
131962,0.0033975565077166785
131963,0.701179249872751
131964,0.0007070100323311786
131965,0.00027525979379539517
131966,0.0003327288434676775
131967,0.003513662945863225
131968,0.0024710507589218904
131969,0.531463933803616
131970,0.003226605408522249
131971,0.00017718703219253036
131972,0.0002266991457232315
131973,0.0002382338600425247
131974,0.0003098657949508027
131975,0.001310952849047108
131976,0.0019902877580971166
131977,0.00022312180716370524
131978,0.00016185494355748392
131979,0.0009148663656188774
131980,0.0002625620385716955
131981,0.0002637638005386818
131982,0.0005483032778862626
131983,0.025875111456052858
131984,0.01460793230939701
131985,0.00023037891375281223
131986,0.0001928156460387612
131987,0.00017296600854145342
131988,0.0011478738510993188
131989,0.057297679792000525
131990,0.0018138455850355236
131991,0.005159702577140737
131992,0.0003035587551103676
131993,0.004335905356974189
131994,0.001757536999157483
131995,0.00030988836036490293
131996,0.00025870381523241927
131997,0.0005426500650908525
131998,0.00022541601064947673
131999,0.005099224615017864
132000,0.011879812854300975
132001,0.0006029850936449949
132002,0.006665783032361708
132003,0.0002843750110740849
132004,0.0017168835910038223
132005,0.0037072415503574753
132006,0.0003919698229420998
132007,0.0014968074999940097
132008,0.0013552937407053075
132009,0.0004626382140676696
132010,0.0002448281064217349
132011,0.1550911955763093
132012,0.0006792297193081895
132013,0.0017215194098765623
132014,0.0005488126846398698
132015,0.0025703784755611745
132016,0.0030249131934919683
132017,0.0009281162185478573
132018,0.0009714261685329231
132019,0.00044345153438447773
132020,0.0006414704337892004
132021,0.0001710635789304155
132022,0.01420725915968794
132023,0.00048697080939272025
132024,0.00030072214964127963
132025,0.00024510415550550854
132026,0.0007855323852177931
132027,0.00020521896456969139
132028,0.00039795796942737556
132029,0.000319435878919096
132030,0.0018009396891350792
132031,0.00035391906300349344
132032,0.001088101957739343
132033,0.00024893637446749917
132034,0.9935327715192057
132035,0.0004307748187809138
132036,0.00022045615659510774
132037,0.03653709400774976
132038,0.00034590800084972483
132039,0.0038180117590572576
132040,0.022492899853740533
132041,0.9956517701690684
132042,0.9770240707619738
132043,0.0022137455888659495
132044,0.9792724570672733
132045,0.0003715661656995663
132046,0.0014529111956311561
132047,0.019212583785235146
132048,0.008575038413076374
132049,0.0007330918323350702
132050,0.0010518714541547438
132051,0.04727769865919577
132052,0.01770600363345019
132053,0.0003811631312050779
132054,0.9874118450122772
132055,0.0009786370679932919
132056,0.0032590266874645457
132057,0.9957389885651741
132058,0.00029658701197493044
132059,0.001078248799268747
132060,0.0007750758007822457
132061,0.0006505951512580944
132062,0.0005570108100164086
132063,0.001290746751135282
132064,0.0004512636645730626
132065,0.000626572725845633
132066,0.0002460271731006502
132067,0.0012976319086746041
132068,0.008987032582657779
132069,0.0016009734621635372
132070,0.0037949966462802963
132071,0.0009773590244926897
132072,0.0006133002883831209
132073,0.7958559380899333
132074,0.0025210178816745675
132075,0.0003042489784090956
132076,0.0004520584902299026
132077,0.009917280397232092
132078,0.0011722068781205072
132079,0.0002508831648767424
132080,0.00017349224503696698
132081,0.00035555888445797177
132082,0.013608867658110561
132083,0.9908378043828919
132084,0.0008030845656529245
132085,0.002845474168462918
132086,0.00020089027146343372
132087,0.004963256059041398
132088,0.3377577765157266
132089,0.00011730062960041766
132090,0.0019040612807014643
132091,0.0003620070249643144
132092,0.0003568395720872765
132093,0.0003248028223786377
132094,0.004759577480670687
132095,0.0012027229886141931
132096,0.0007649174524291767
132097,0.00030091346131577175
132098,0.0007197441177515309
132099,0.00624147531572559
132100,0.0015810097647406256
132101,0.0001536476422659398
132102,0.005364499424525545
132103,0.001092024151620306
132104,0.00043410100614319977
132105,0.0023201102952299926
132106,0.0054270717434085
132107,0.00205792466960659
132108,0.01017630242431866
132109,0.9909702295900736
132110,0.0006759598825644475
132111,0.00361164085531899
132112,0.00025309662180547155
132113,0.00032322977030426955
132114,0.005584757688490687
132115,0.0038431081278173236
132116,0.9963451387871249
132117,0.001002101806580436
132118,0.39200528303983984
132119,0.00022689899177630868
132120,0.007862025542443161
132121,0.01408962131680068
132122,0.0010283983736659567
132123,0.0018761395507565309
132124,0.00030972461531841725
132125,0.0006473824720955324
132126,0.0010366460800413835
132127,0.00037514973182488685
132128,0.03356381184545634
132129,0.00024197825664391603
132130,0.0003462034316589967
132131,0.9943019397092426
132132,0.001109497267357181
132133,0.00043822544234246977
132134,0.0034694864393222283
132135,0.006394146700037804
132136,0.0008090086868754436
132137,0.03117648634885397
132138,0.09462939774481872
132139,0.00012881783953712052
132140,0.0019216462011406664
132141,0.08452254567716747
132142,0.000410506996027949
132143,0.0005259258107209359
132144,0.01040934902402579
132145,0.0016439853076394906
132146,0.005348146066597115
132147,0.0005958844285114731
132148,0.00045711397408822885
132149,0.0004647431549144847
132150,0.004474307645419246
132151,0.0006397254945043996
132152,0.00048296722872696537
132153,0.9506028462119795
132154,0.00029410953024301163
132155,0.0007859112171688014
132156,0.0003283759167371674
132157,0.9867445953310843
132158,0.0003693407750201143
132159,0.007916167071067305
132160,0.989648624313861
132161,0.01715360342792092
132162,0.05813840479833598
132163,0.053146297780668365
132164,0.9831071535362986
132165,0.003235196919748741
132166,0.00016794910756810425
132167,0.0008613356147079742
132168,0.0003975249449657447
132169,0.0027652195325921602
132170,0.0001381463916638425
132171,0.6238354710739484
132172,0.94509698373069
132173,0.0011339179465647492
132174,0.003246017455982248
132175,0.00019095040720930334
132176,0.00014252609836420456
132177,0.0010473095966590557
132178,0.03420717172558126
132179,0.004479292356920605
132180,0.0008122646032323419
132181,0.002751377195859105
132182,0.00023242003978470827
132183,0.0014185682139055307
132184,0.0006847633268003473
132185,0.000658842246098961
132186,0.9892302612754312
132187,0.0014262757112022005
132188,0.00042829385340638826
132189,0.00035893322124774736
132190,0.00043699739500234177
132191,0.00018815988445604345
132192,0.0013362975320778206
132193,0.0012315426303515788
132194,0.0056356607299315915
132195,0.0038825624155072436
132196,0.00034923641777693626
132197,0.008364288403112957
132198,0.0005939615864131186
132199,0.9871221602600618
132200,0.001531684373279152
132201,0.00503964601290398
132202,0.8649161773677654
132203,0.0016770973817042192
132204,0.000784340559994758
132205,0.010693325073349661
132206,0.016108167060534546
132207,0.9921186264836119
132208,0.001966617019902926
132209,0.00024029380705229908
132210,0.22654405213550197
132211,0.0025656740921817696
132212,0.002442829491112106
132213,0.0006347430818356328
132214,0.000594935649039351
132215,0.0003194860069774835
132216,0.06734298281172824
132217,0.000512734027711322
132218,0.6454116858020551
132219,0.004018359561998889
132220,0.00037440463911606823
132221,0.9856378745036777
132222,0.0010447585308105188
132223,0.19442233042570126
132224,0.0007161880151441377
132225,0.0003899614031134121
132226,0.0003595799484193134
132227,0.003991522800680541
132228,0.0002586591870919295
132229,0.0021043370171379408
132230,0.004085020966512494
132231,0.0004680617743857523
132232,0.0005260231469988648
132233,0.0005056412195164325
132234,0.8192103006295605
132235,0.000549078192960271
132236,0.0003753080314299076
132237,0.0010642773070734834
132238,0.00125704050967657
132239,0.0009752251491159106
132240,0.00023650161374601326
132241,0.06727230916240244
132242,0.0018958836865539622
132243,0.0003637008134684977
132244,0.0005559861632939633
132245,0.9122081772378859
132246,0.0020209148667695606
132247,0.015029243201986897
132248,0.0019533337739266327
132249,0.9915623992889079
132250,0.0006865044686596625
132251,0.01192759392103937
132252,0.0705509985992711
132253,0.00020742943249732156
132254,0.00021544525045607288
132255,0.0003214999710251297
132256,0.00017716537863435595
132257,0.0010071886463987381
132258,0.0015621780140343663
132259,0.00039051916740517965
132260,0.02362184295952914
132261,0.00016341304582797304
132262,0.0028698371596803446
132263,0.00014028965643192402
132264,0.006233015952597629
132265,0.0006928644066931071
132266,0.03327471721713202
132267,0.003646091669786049
132268,0.0006994379014320387
132269,0.008235930697524306
132270,0.0007298581097366411
132271,0.010722381240916077
132272,0.00018239271722549706
132273,0.003103918644069855
132274,0.0006180776972166224
132275,0.0007231335219827855
132276,0.002138643581743002
132277,0.00036777804408663704
132278,0.00018498587223104206
132279,0.00022667763914062232
132280,0.0002506581493730084
132281,0.001312464563335445
132282,0.0005999990578762952
132283,0.0004639091791769615
132284,0.0003232006238663823
132285,0.0009413928141585939
132286,0.0006700760929695686
132287,0.05424396725594831
132288,0.00028267871930459085
132289,0.9884608396577734
132290,0.261253687578602
132291,0.00026486664463717035
132292,0.0001678054975723878
132293,0.0007180014658471223
132294,0.802986227425403
132295,0.0006994944427717494
132296,0.00041706076687455753
132297,0.012221302149434432
132298,0.00025669064342834095
132299,0.000384384978759942
132300,0.9919829096513216
132301,0.0017503530439523104
132302,0.00030489553445145414
132303,0.0036419462239911833
132304,0.0008111226745544734
132305,0.004726304757886783
132306,0.1483522477640748
132307,0.00010341117366427586
132308,0.3563502062462741
132309,0.9902895033388718
132310,0.0005178875833068704
132311,0.0018837312182227281
132312,0.9938614385242608
132313,0.976224903890517
132314,0.0011669720135929571
132315,0.0002329091154795719
132316,0.00029651466394042835
132317,0.01783803141827239
132318,0.00031942147239437716
132319,0.010726444219187723
132320,0.0025790386476570526
132321,0.010196816174938433
132322,0.0002619635628715371
132323,0.0003092839839573741
132324,0.9902729689293917
132325,0.9913150281937018
132326,0.0029697379132471884
132327,0.9924960419954075
132328,0.004262640455946382
132329,0.007453821411778385
132330,0.04034198750610431
132331,0.00016321638937630333
132332,0.9889712130498052
132333,0.0008115332777546082
132334,0.004203027752961341
132335,0.987867351830307
132336,0.000993856221128898
132337,0.0012789229806830422
132338,0.0003752720116185576
132339,0.0014823090339157856
132340,0.000800739112772824
132341,0.0002347592171246112
132342,0.0011372205956119254
132343,0.13712095159410292
132344,0.8282564166030517
132345,0.9855940862171048
132346,0.07956400698643823
132347,0.031206173719444483
132348,0.007585282428311605
132349,0.9908136808439635
132350,0.00035004448369117087
132351,0.000492307476489155
132352,0.00042119418282783144
132353,0.00033020862422184215
132354,0.9959636872693867
132355,0.00023298259562300048
132356,0.0011895852643615242
132357,0.00035939717186330605
132358,0.06840697848008852
132359,0.0006305589331135508
132360,0.0022995804610549974
132361,0.00931740465337046
132362,0.001958983347625908
132363,0.07502674635120613
132364,0.00041442895711973763
132365,0.001703262670453069
132366,0.06397581903156807
132367,0.0002636347744792085
132368,0.0020393039516945323
132369,0.00022901791052788964
132370,0.007395328144849067
132371,0.0031074450430188605
132372,0.00030042710237404655
132373,0.44595979229603605
132374,0.9841135042473584
132375,0.00036633764582503803
132376,0.0003779613029388683
132377,0.0001881740258099987
132378,0.0016285430958481164
132379,0.012390951081126478
132380,0.0242277296928584
132381,0.0015178759052395941
132382,0.0015996413008425852
132383,0.0001860542212162363
132384,0.9904997603722827
132385,0.04601364455086795
132386,0.00015610181808761088
132387,0.007170271497433776
132388,0.00029765099896496505
132389,0.00023938005825382402
132390,0.0003760151955703229
132391,0.000503289903726685
132392,0.0013482657019983837
132393,0.00035325196146620815
132394,0.0009967936773657316
132395,0.0008922016160268659
132396,0.0019636695023553144
132397,0.17801610595223694
132398,0.0005505787874555758
132399,0.0004737967480640055
132400,0.00034880838495515666
132401,0.01247062825072848
132402,0.0002019427790917451
132403,0.000518009685375434
132404,0.9953061272447546
132405,0.00216602116865349
132406,0.003717976271832549
132407,0.00679577133037789
132408,0.0008176934947580642
132409,0.9908301964280215
132410,0.8345423697668721
132411,0.0022683672034870136
132412,0.0123013477658068
132413,0.00021924657019961846
132414,0.00031967835955826565
132415,0.016271389862033896
132416,0.9844298133453108
132417,0.0009305275260989806
132418,0.9907418610964122
132419,0.0004736628532864469
132420,0.0005735734049824618
132421,0.0014864241102948482
132422,0.006020761491944201
132423,0.000990571777708616
132424,0.002255220754079538
132425,0.9924783034887599
132426,0.0008985538642756765
132427,0.0003389654915346299
132428,0.001966390669125884
132429,0.00046313915314535203
132430,0.000725350830051589
132431,0.9534677950956405
132432,0.00045896883055721797
132433,0.0002328145525854449
132434,0.0016946428154049366
132435,0.00494512203102746
132436,0.0007154944260071905
132437,0.0050949341900839796
132438,0.0008805374166685934
132439,0.00024662227323269927
132440,0.001632148782600954
132441,0.0013418537275411298
132442,0.018714418649715105
132443,0.003349856631228109
132444,0.0009293251821218623
132445,0.09167989632959882
132446,0.0021471125884899105
132447,0.0003427420841472942
132448,0.00040002462576379816
132449,0.00018567302954930186
132450,0.00027488472392050696
132451,0.9934696220489158
132452,0.983397112228954
132453,0.000265197791041451
132454,0.0004311587282853588
132455,0.00026540802260046595
132456,0.019473987168059852
132457,0.001429927924062581
132458,0.0005116920956733188
132459,0.9950832109091093
132460,0.008780534725797113
132461,0.00035370855524353626
132462,0.00025409981189921304
132463,0.0039308267200340525
132464,0.00034136392435633867
132465,0.0006576558080744708
132466,0.0003561788511184159
132467,0.00018583096879043085
132468,0.0003329062085583534
132469,0.00019726959117620364
132470,0.0006165585147448891
132471,0.00025365416828927224
132472,0.00036067483941473
132473,0.00031779735891207647
132474,0.000786237493712419
132475,0.0006239763112907657
132476,0.009359505704012862
132477,0.01496816828328664
132478,0.0018339488694079364
132479,0.00024456353112210045
132480,0.0006397364059917861
132481,0.0012727527062581995
132482,0.04158548268920924
132483,0.05243957036136102
132484,0.0009485305829041788
132485,0.0005228975753641943
132486,0.5672880599930585
132487,0.0007004249456924616
132488,0.9686136421063744
132489,0.02020014267810124
132490,0.00018709109539061936
132491,0.04046635489049944
132492,0.001412539212925139
132493,0.0017316889896017383
132494,0.0002486143486942378
132495,0.000251245938940409
132496,0.0012861557870527632
132497,0.00011715313307517128
132498,0.006582286390343803
132499,0.6891750132006861
132500,0.003070877247068827
132501,0.0008142582419845064
132502,0.24923916691693043
132503,0.0003187092255039767
132504,0.171990261729239
132505,0.0005708734232252609
132506,0.9961704269659087
132507,0.00033836054832149217
132508,0.0003318832106647418
132509,0.00010394688183706143
132510,0.0009044195147011964
132511,0.0005570855216877808
132512,0.0001595073855578094
132513,0.0003680581184492124
132514,0.00034407587413958656
132515,0.0022635314335300973
132516,0.0005928091390728364
132517,0.9804408955639136
132518,0.9956155168958462
132519,0.017267289034766143
132520,0.0003559703881082295
132521,0.0046947648694910865
132522,0.00671648589815877
132523,0.0008630911568430982
132524,0.0022519117473295425
132525,0.005966839669345537
132526,0.005683721098327669
132527,0.0008351776781794387
132528,0.01267851946722797
132529,0.00026642647299353946
132530,0.0005797164471004629
132531,0.0024634073644665745
132532,0.00041873903667888937
132533,0.0008281521929487201
132534,0.9373836169160595
132535,0.0002980984071087918
132536,0.0003576152143824474
132537,0.001164509463731535
132538,0.00016959745456162872
132539,0.00043222838324392075
132540,0.014743774898244051
132541,0.015331559099536455
132542,0.0003780906049796459
132543,0.0006400198646456403
132544,0.0011782149807601078
132545,0.0026602605009382386
132546,0.002060185761152042
132547,0.0013622245505196813
132548,0.0001744959826768063
132549,0.9921268813748916
132550,0.00027262643779023656
132551,0.0004468243896898592
132552,0.0006491509410068072
132553,0.0005249891585144302
132554,0.0006687538606780665
132555,0.0006242179323691378
132556,0.9871856524214572
132557,0.00046624564034987854
132558,0.00037794391712646396
132559,0.017642560642941948
132560,0.08720564972814068
132561,0.0013912149438080781
132562,0.012772926608599439
132563,0.0002790459775673267
132564,0.0004691425095188821
132565,0.0014747412821923594
132566,0.6890734301717117
132567,0.004989984640287302
132568,0.1923490463557408
132569,0.0003098251389623661
132570,0.0008273443618541893
132571,0.0008244869377841418
132572,0.005819759518107235
132573,0.0007509713378652129
132574,0.9855791494367242
132575,0.0009908775638934495
132576,0.0018440594439489743
132577,0.0037389099947741345
132578,0.000494729499303907
132579,0.0008378731051190511
132580,0.00029636685922738645
132581,0.00244834268241628
132582,0.0007818487900871285
132583,0.0013341539400997158
132584,0.015030908136614656
132585,0.0005610991712432063
132586,0.0032408795837489523
132587,0.019590762150501068
132588,0.045743217290580195
132589,0.0002877841168236811
132590,0.0026690419067352793
132591,0.0006909740134701945
132592,0.005696089358075113
132593,0.000372508039462453
132594,0.0007894918733800696
132595,0.0008765325362521819
132596,0.004483231675850128
132597,0.00029759268824274454
132598,0.0002279166261114604
132599,0.0005343951095101426
132600,0.0017008319606113026
132601,0.0005552425346008559
132602,0.0011820172511141276
132603,0.0015922923275448685
132604,0.00051559747858004
132605,0.01611389636586417
132606,0.00023355006640178754
132607,0.9894738024935585
132608,0.0032784020477713643
132609,0.023889139953063424
132610,0.055070040852456925
132611,0.00010915583877649247
132612,0.004213728779731982
132613,0.00025959661657273293
132614,0.0002193415798503128
132615,0.003655213416077011
132616,0.003545399160371767
132617,0.9839961796324944
132618,0.0002576615339863025
132619,0.03412333277256721
132620,0.0009893022545970243
132621,0.0009341249089948524
132622,0.0009764457392951548
132623,0.007653860846277848
132624,0.0001953788845861455
132625,0.9829927319910364
132626,0.0018519004861367206
132627,0.00018651204096825446
132628,0.0012031255703317445
132629,0.7461222252818074
132630,0.0003825851242918139
132631,0.00017879201472446708
132632,0.01772648832307902
132633,0.00041833487674874546
132634,0.3715046690533211
132635,0.0149915278010703
132636,0.0006677863214898923
132637,0.00032322715631686927
132638,0.0003308941006895631
132639,0.0066190856173673745
132640,0.00401518023432188
132641,0.0002306910056881484
132642,0.0004808956779907321
132643,0.00012289249025943728
132644,0.00398161768132188
132645,0.0013942410774309287
132646,0.0012714104768377953
132647,0.009563004812555634
132648,0.013185960393760032
132649,0.9914611317873598
132650,0.9823041099427954
132651,0.00027528676609069817
132652,0.9059445617024059
132653,0.0008276420437803527
132654,0.0019873233264458717
132655,0.04749428974751147
132656,0.0014608888940816
132657,0.3672790111263863
132658,0.006867374046860076
132659,0.013097753029531672
132660,0.00039924740027957135
132661,0.0004935703344538386
132662,0.01005082887103464
132663,0.0019170529425577918
132664,0.013112449668359021
132665,0.00143589662100704
132666,0.0025099354757315557
132667,0.0003492898024678303
132668,0.0005322388808369191
132669,0.013164127839135521
132670,0.0006963975170450646
132671,0.0017568949848835137
132672,0.055725560552227806
132673,0.0022170188340953282
132674,0.0011798621238538647
132675,0.0002338604732586545
132676,0.0005241893881011415
132677,0.02388403920288033
132678,0.9740387087527126
132679,0.004823878341802265
132680,0.0009433950104912232
132681,0.000611595468464942
132682,0.0019613790501579694
132683,0.0009324667694833597
132684,0.014062182643382552
132685,0.9948619268354871
132686,0.00034100526824991807
132687,0.0006048832910341016
132688,0.983499041605616
132689,0.00040408047352560633
132690,0.00025110991009865866
132691,0.003790096661122176
132692,0.0010782598047823823
132693,0.9944228405438225
132694,0.9948991765119882
132695,0.004962525196560436
132696,0.0008653005342832783
132697,0.0002376370586857267
132698,0.9772842546755546
132699,0.0006786934405598716
132700,0.0012148984500807431
132701,0.006948077520569236
132702,0.08233478253185243
132703,0.0005260628205148702
132704,0.004173764644952971
132705,0.0005204881348618997
132706,0.0061235600482823
132707,0.004551395751303509
132708,0.00030904585069229285
132709,0.9768063100278256
132710,0.00019207186595797884
132711,0.0018998727543519318
132712,0.007416796495359306
132713,0.0002954782562421843
132714,0.01252416247511124
132715,0.0026923125293524604
132716,0.02961201460060622
132717,0.002174934228746003
132718,0.0006904102362503581
132719,0.0005568716741317194
132720,0.0002962331830429771
132721,0.006768899381408894
132722,0.0006644529469694518
132723,0.00021261567109076454
132724,0.0007256828404871322
132725,0.0004888643567571577
132726,0.0006939563002566638
132727,0.01808408666576363
132728,0.00157152536210082
132729,0.0008434858332254132
132730,0.02892380313215332
132731,0.21084930723987205
132732,0.000503826825158111
132733,0.18945763279058944
132734,0.027932077932876335
132735,0.9876770596700591
132736,0.0004466596622203901
132737,0.06731592874427965
132738,0.0004490101710360269
132739,0.000413074259467887
132740,0.007227862445415797
132741,0.0009404819074349679
132742,0.0004529935570129251
132743,0.001308726551545486
132744,0.00019987868633411068
132745,0.00410432178969524
132746,0.004942282658451633
132747,0.0013573195419616967
132748,0.0032291035235176143
132749,0.00024087276175624445
132750,0.0021917990188609414
132751,0.0015550821065503239
132752,0.0012735707327214119
132753,0.0005691125524146149
132754,0.0008014142534916837
132755,0.00012862861109647582
132756,0.0033721534993437306
132757,0.0005072909767886173
132758,0.9761165712480359
132759,0.0005583855171573256
132760,0.00037889882689916596
132761,0.008913248372239146
132762,0.0004389933046377171
132763,0.00035058345600469306
132764,0.0012931337948714208
132765,0.00012076172149765585
132766,0.0012133535366706022
132767,0.00045480458740611404
132768,0.0001751604401993125
132769,0.029347367827054254
132770,0.00034953731214351733
132771,0.0002430939277382266
132772,0.9921796785257996
132773,0.0007763743941370703
132774,0.002355177502640131
132775,0.0004075942710936988
132776,0.0018975641418206095
132777,0.0009164529296687361
132778,0.00021163685264799663
132779,0.0001436834834370775
132780,0.0007729313986334366
132781,0.008448709902712565
132782,0.00023961139448301535
132783,0.0005575868314529393
132784,0.002919419826367554
132785,0.014588612916028284
132786,0.00033961873362816356
132787,0.00030434844875228275
132788,0.0004853506463268067
132789,0.0027262364938221186
132790,0.0007108145858488403
132791,0.0002935864749595059
132792,0.0005899492866229052
132793,0.001342473248573977
132794,0.0007490550215754873
132795,0.0013189157611694184
132796,0.005058959897636102
132797,0.027494345174699297
132798,0.00042776326921388014
132799,0.00016366824453128395
132800,0.00020699737122952186
132801,0.012001471957043675
132802,0.0005184247654492766
132803,0.0006277707399840542
132804,0.0007717181606886535
132805,0.0008626203484649079
132806,0.0004334879895667676
132807,0.9921765496420679
132808,0.0003606647813471714
132809,0.0009185492126831933
132810,0.0007787299608327636
132811,0.0005143828951916479
132812,0.0007979171833437227
132813,0.0010114597708437856
132814,0.0008220486890719159
132815,0.024369123846820946
132816,0.9112606420710253
132817,0.000648103135028037
132818,0.021782548455599324
132819,0.00019408141176229746
132820,0.00027220613221911786
132821,0.0001997797822529827
132822,0.002327271766096522
132823,0.00022132752939074143
132824,0.0018446199156698887
132825,0.006704988371641998
132826,0.0017899098420732014
132827,0.0006774263204830853
132828,0.021289182378371494
132829,0.04208872403489848
132830,0.008874315425007951
132831,0.00013529478732302407
132832,0.0018887564419384207
132833,0.07414755518741571
132834,0.0023388331870251027
132835,0.0008653984778718574
132836,0.0027558375416386954
132837,0.9922767797918257
132838,0.9922111681663094
132839,0.023257582162462917
132840,0.0013299496774890583
132841,0.00051623536385105
132842,0.0005838274439005913
132843,0.0011757408046890914
132844,0.0003526217047500405
132845,0.00033929571944109766
132846,0.004762446018467427
132847,0.10352027135183337
132848,0.03332266464308157
132849,0.00016826906909904248
132850,0.0002454135897558233
132851,0.0005561584103025977
132852,0.641679768390092
132853,0.016454798161786733
132854,0.0019509267841207362
132855,0.1974647912613593
132856,0.002035988297750291
132857,0.00030481794502112015
132858,0.00020271959727408094
132859,0.00038008926482034167
132860,0.0013874803423727577
132861,0.005349982102771947
132862,0.0024046706011875817
132863,0.01981649728269942
132864,0.013295662045012969
132865,0.0020790361364102093
132866,0.00029226171329101386
132867,0.007330965606795857
132868,0.0010337133156640913
132869,0.0008243593281483212
132870,0.0002505990241655827
132871,0.9916776431173443
132872,0.001498351232465452
132873,0.9965508614016737
132874,0.0036445224601270813
132875,0.00021234883452668526
132876,0.0007339375011554751
132877,0.0005273785316874307
132878,0.0002671638798601103
132879,0.0009947815823542058
132880,0.00044557374240662917
132881,0.006781733906580126
132882,0.9966806061682907
132883,0.002094183190016116
132884,0.00271931098495675
132885,0.000420811976846216
132886,0.0002943885275314435
132887,0.00035872173162813204
132888,0.9622692486561739
132889,0.00320439621181885
132890,0.993029294139985
132891,0.00022425492244474283
132892,0.00041441205878449487
132893,0.0003956331339555471
132894,0.9946285569992209
132895,0.0006653660935914767
132896,0.0043527047040437805
132897,0.013369553336742912
132898,0.00045666460301637817
132899,0.000460597782546241
132900,0.0016284073457295918
132901,0.9871984079917968
132902,0.009929278067464888
132903,0.00040064004385873664
132904,0.0006451931939916629
132905,0.0038833761441075783
132906,0.9761530412736451
132907,0.000937080400112191
132908,0.9904912724783125
132909,0.00025619497349491853
132910,0.0011386904520192223
132911,0.9926003247462285
132912,0.00023742387699796468
132913,0.00038228382505478846
132914,0.031445081036346856
132915,0.0006432891505056898
132916,0.9844971540302173
132917,0.00019311690387707384
132918,0.01719061121618514
132919,0.0018243628153430066
132920,0.000304725399964577
132921,0.0002599849284280679
132922,0.0010700027533976971
132923,0.0005082796041608256
132924,0.1837907681913113
132925,0.5159587484842112
132926,0.0028534749179413305
132927,0.0011069622283122371
132928,0.0008218871755720789
132929,0.019482157989978093
132930,0.00161408279200951
132931,0.0007187989524279964
132932,0.0016561301823317972
132933,0.008498555109852686
132934,0.994449952979724
132935,0.020756505165361053
132936,0.0003453797366530908
132937,0.004233750613034589
132938,0.00888886277685574
132939,0.5163341613196242
132940,0.009583000962365109
132941,0.979104730040356
132942,0.0015036878531090312
132943,0.00044299039374373313
132944,0.001310322778638184
132945,0.0011901606563466016
132946,0.0003087108541992247
132947,0.0012503784503699045
132948,0.010082382093394087
132949,0.00039044682407111687
132950,0.0019591217572866196
132951,0.0011291541892529693
132952,0.006179990826817103
132953,0.0005226835245409506
132954,0.0008311108092220256
132955,0.0036104682070630806
132956,0.00029749809305892666
132957,0.002888018371713906
132958,0.0011172714851177242
132959,0.04813230116966972
132960,0.0006608541758956761
132961,0.0006920031672933565
132962,0.00041128613476919203
132963,0.004790829598584162
132964,0.0005338962909300322
132965,0.007149225164495262
132966,0.0005641938714568798
132967,0.0008994492223000972
132968,0.0003587450470982803
132969,0.0009623590751493159
132970,0.0003390220643171389
132971,0.0011025449268913371
132972,0.0002064447916738847
132973,0.030099415394733695
132974,0.017071425219322218
132975,0.0003314473286173733
132976,0.0012219333660886571
132977,0.00019386411748853493
132978,0.0003289856335008546
132979,0.001631302684117175
132980,0.00035387121916420394
132981,0.0003351750307710584
132982,0.0004999253667503697
132983,0.00025066545276118847
132984,0.002304390483835114
132985,0.010579349578174586
132986,0.00024690991568252776
132987,0.0003766933472978571
132988,0.0002672037263629147
132989,0.0035247532021956715
132990,0.006379366794855799
132991,0.0015782540710815788
132992,0.00035561499317968213
132993,0.35857649525682067
132994,0.009930421404873631
132995,0.0007823782135318627
132996,0.008378968128423502
132997,0.03255728026414681
132998,0.0001455425400693047
132999,0.0002892702183644844
133000,0.00021794331155581767
133001,0.000104960235511273
133002,0.9797316941207348
133003,0.9874217320857755
133004,0.0003065809908441054
133005,0.0009777202416186978
133006,0.001208853486382386
133007,0.0029603133062241086
133008,0.070716169160189
133009,0.0003136274042005794
133010,0.07445880169357127
133011,0.00011031829705426402
133012,0.0067705395823615365
133013,0.013156120944705193
133014,0.0068532597508732815
133015,0.00020489141669956652
133016,0.00360287754003426
133017,0.00373056054023344
133018,0.003375547217755186
133019,0.4040811668636793
133020,0.01113175266027233
133021,0.024667800779572698
133022,0.15272572813480462
133023,0.00027113204706390685
133024,0.9929722653431048
133025,0.9926528523560714
133026,0.0007319847694356345
133027,0.0007985210535380486
133028,0.00022608921958114714
133029,0.00014060653431258792
133030,0.034745716221219844
133031,0.00017518065396796034
133032,0.028307161919204422
133033,0.0004936930987404782
133034,0.0006117220578098216
133035,0.0005702075391570768
133036,0.0005881752770751165
133037,0.0002802680908077714
133038,0.0002919495234745901
133039,0.95976881683176
133040,0.0004764193954771988
133041,0.0005287792664633045
133042,0.00030037545723566943
133043,0.024473424503971417
133044,0.0003467860516356262
133045,0.0004279321865922799
133046,0.0006491049899787821
133047,0.00021448530927887168
133048,0.00036668534089117114
133049,0.367439323376959
133050,0.15385076700661005
133051,0.0045691172469390666
133052,0.005385391929824865
133053,8.621455929897156e-05
133054,0.03073835568165776
133055,0.0002328894575399771
133056,0.0024055487636603172
133057,0.001079169257710028
133058,0.01138782706448872
133059,0.03211990027520196
133060,0.00417737556322064
133061,0.0005294323413574679
133062,0.08363612906958043
133063,0.0001814770337677344
133064,0.0003752910672612241
133065,0.07309757641314207
133066,0.0014293175679322915
133067,0.14557276527044433
133068,0.0002826789550677183
133069,0.0021631656223242944
133070,0.0011292324367537672
133071,0.003983282047356975
133072,0.004779376539196955
133073,0.9930793684697719
133074,0.007100215947131359
133075,0.0006657347555528247
133076,0.03172673145866715
133077,0.001992808083172648
133078,0.004237637336833876
133079,0.00020432663590794618
133080,0.00169133446286823
133081,0.08814657575143228
133082,0.0004305351520515362
133083,0.00038180105327294907
133084,0.00036797678101412707
133085,0.0020059015770444353
133086,0.0006526583689801814
133087,0.0005956228030179176
133088,0.9929021642023866
133089,0.0023136479984762425
133090,0.0036540383810671653
133091,0.000610416339784253
133092,0.0006225185291158084
133093,0.04004594930920389
133094,0.0018658067293431915
133095,0.9946842432905364
133096,0.01660451902400215
133097,0.0008761003725720713
133098,0.00018327898128915414
133099,0.9882095333946231
133100,0.0006006992657023946
133101,0.00675275789166852
133102,0.00022920738114930815
133103,0.00022707988158000551
133104,0.00036678093445651974
133105,0.9919566542945412
133106,0.01115853681874081
133107,0.0024940106026608245
133108,0.0029309482810445063
133109,0.0021539136024290766
133110,0.03371901070465972
133111,0.0005374949395405003
133112,0.053783654063027105
133113,0.00033247163666191154
133114,0.048471942778205566
133115,0.00012173416757049105
133116,0.0004287007933340828
133117,0.03373165426564668
133118,0.00038249958349661714
133119,0.0017998953033622938
133120,0.0012887604804384676
133121,0.0004117909266153086
133122,0.010737467475313895
133123,0.0019165529234121195
133124,0.0007714364615537887
133125,0.0006803307850893868
133126,0.0003516070265048766
133127,0.00024393350550690201
133128,0.00028501144090781075
133129,0.00019110566213369253
133130,0.0008534144202276994
133131,0.0002489381058428969
133132,0.011314605243264471
133133,0.9977460137946501
133134,0.00020251796112363618
133135,0.0017523641409659936
133136,0.0003368432786181526
133137,0.0008574355648733073
133138,0.0008858988648120839
133139,0.00022461875705564625
133140,0.00033107379277504996
133141,0.0012440840026654834
133142,0.000257764201582824
133143,0.001265310682118605
133144,0.0005452082643940099
133145,0.002712539936611774
133146,0.0004346019778440226
133147,0.017123353615721527
133148,0.9924590542351868
133149,0.00032954450690609
133150,0.12152768128719407
133151,0.00035063155464883073
133152,0.0002084543345125991
133153,0.000600624472344649
133154,0.14932866675767617
133155,0.0027179102229749168
133156,0.00010324232640396555
133157,0.00025264385084083983
133158,0.0004977128823379576
133159,0.00022497480665790808
133160,0.00015668342228149457
133161,0.004735965750826138
133162,0.0015676341386248412
133163,0.0007020135204363946
133164,0.0006830673942036018
133165,0.0005449376121581999
133166,0.002578908555588221
133167,0.00021569895251821676
133168,0.00014930902623743565
133169,0.0015778690390862496
133170,0.0005909865958731914
133171,0.00039456850046278556
133172,0.7981016921313655
133173,0.0007564022428851966
133174,0.004597122176980756
133175,0.949397918782411
133176,0.0008257569482218938
133177,0.00017730253590869294
133178,0.0005848158456307998
133179,0.6696308504623935
133180,0.00039176985090945296
133181,0.00036702400593807954
133182,0.006402274640977671
133183,0.001560180108795103
133184,0.00030761251299510085
133185,0.0016987809712631099
133186,0.0007322656616510735
133187,0.0071572600944167595
133188,0.0009142705110300162
133189,0.001625545206469969
133190,0.0002204928882396428
133191,0.004796896731990444
133192,0.07989486086796602
133193,0.001601078240899371
133194,0.0003264233045777728
133195,0.00056832107962325
133196,0.002889702366388242
133197,0.00048125265303941073
133198,0.00027433082163333357
133199,0.0013287125209118713
133200,0.0012230834664452388
133201,0.9736105791965355
133202,0.00027367292645942814
133203,0.9942456419870067
133204,0.015911740610966923
133205,0.0015507575639962228
133206,0.00045842118986688196
133207,0.0014875066810112727
133208,0.023277845625935482
133209,0.002603961363622168
133210,0.0069666149534037426
133211,0.0018170556542038516
133212,0.0005795651040949929
133213,0.0013271291150225009
133214,0.001483138029203365
133215,0.0006712411814652004
133216,0.006510778138802154
133217,0.0037048264063289297
133218,0.0015311893629178612
133219,0.27669982933383985
133220,0.00036857089753152656
133221,0.00025960426631930426
133222,0.9836055513872959
133223,0.000343528580064608
133224,0.9938576045474309
133225,0.0009842471361668145
133226,0.9926271774170993
133227,0.983041498187808
133228,0.0002078045355338175
133229,0.00020276313230423583
133230,0.00014844797114037548
133231,0.004538559028792369
133232,0.00043194004086623353
133233,0.0030750189489590885
133234,0.0009755021365857811
133235,0.0001265896952189797
133236,0.00021588271638602703
133237,0.00020005149697584535
133238,0.03045481081189686
133239,0.010603451264125386
133240,0.016463954534689268
133241,0.0002593970135464943
133242,0.0007526325457596964
133243,0.0003404535680081161
133244,0.00024158332154071085
133245,0.0008366478737106613
133246,0.00039196384411151495
133247,0.006479374938309271
133248,0.0005599618806613454
133249,0.0006684065394103957
133250,0.005594713989298236
133251,0.005990035530752141
133252,0.011044633618502742
133253,0.011261169237819342
133254,0.001533861199868241
133255,0.991910196279315
133256,0.0007597062357257483
133257,0.0014179682888105902
133258,0.0015966093256876833
133259,0.9913890487191943
133260,0.010442579708369294
133261,0.0005907736788880122
133262,0.00047719539673310446
133263,0.006891623618174137
133264,0.00022525272636784264
133265,0.01216312706003925
133266,0.0004504359930726989
133267,0.0006731521366421633
133268,0.00032507001899263803
133269,0.1185595463356539
133270,0.47858098585780773
133271,0.0004831550827809013
133272,0.00028712016537450145
133273,0.9901749952831648
133274,0.012827810096083485
133275,0.030571618021606184
133276,0.0015532095122625298
133277,0.0005249703967797654
133278,0.9830422963953481
133279,0.0011197607247581188
133280,0.08820114630630911
133281,0.0017747480120306053
133282,0.016410541840401853
133283,0.005576876426246454
133284,0.0007630862749468855
133285,0.0009550423841997776
133286,0.9818893144173745
133287,0.0009261516063886375
133288,0.005724940921313571
133289,0.9943074883103246
133290,0.0007197661886246242
133291,0.00023030979569380462
133292,0.02519875668540674
133293,0.00012457179816183808
133294,0.11256396511510965
133295,0.0014520698887621809
133296,0.001978155160646898
133297,0.00032097025132043453
133298,0.03990701494248411
133299,0.5242118937774216
133300,0.000265622247096737
133301,0.0004217446491612731
133302,0.0007300844219823404
133303,0.0726923484847935
133304,0.983629068297466
133305,0.9919492287259575
133306,0.001095915256625771
133307,0.0018163679118572307
133308,0.0009410317213540543
133309,0.0006236713833642797
133310,0.000563724739979727
133311,0.0015044115294654914
133312,0.0018639628470655191
133313,0.0361899642967883
133314,0.003479644354874405
133315,0.0001383005392709178
133316,0.0006955936743840844
133317,0.9504174845005765
133318,0.0015310001872035116
133319,0.010901428486896562
133320,0.0002388355188682419
133321,0.0031281977359786154
133322,0.002682212946560231
133323,0.9911568031249786
133324,0.00032846721459485907
133325,0.0012249823223982963
133326,0.005083750527940437
133327,0.0014321630624758662
133328,0.004077801250933096
133329,0.012278829597872607
133330,0.04472407532887304
133331,0.0006528358751085226
133332,0.0007584868171296204
133333,0.0004797205560233722
133334,0.0030164800644444734
133335,0.0010886727813273903
133336,0.0005439073203672701
133337,0.0015600266380401823
133338,0.0007733253236700134
133339,0.0005265440403478421
133340,0.0002208787318460108
133341,0.00014388231731863325
133342,0.024723240478537207
133343,0.0006197712621971964
133344,0.0003921579596339108
133345,0.0014184101613885641
133346,0.00026955485963078553
133347,0.000548758258554489
133348,0.0005890936370036247
133349,0.002907312228445071
133350,0.9917813648970208
133351,0.0013445381143401384
133352,0.04209000866279369
133353,0.0006760308008341718
133354,0.0020506579478588856
133355,0.0002768388402999766
133356,0.0010092451714043228
133357,0.0018139331432812443
133358,0.10422950266533905
133359,0.002100741074357674
133360,0.0006971025418166409
133361,0.009519244903568336
133362,0.0010932382228525106
133363,0.011428505716449579
133364,0.012549109183331294
133365,0.0006817311680615994
133366,0.02592252415278914
133367,0.03952245081489808
133368,0.005256849641067022
133369,0.004176969690174784
133370,0.003668112379488469
133371,0.001254282391109585
133372,0.0007714481228179805
133373,0.00023302530450778876
133374,0.00026193908251608884
133375,0.0009851774031877211
133376,0.028347654010216244
133377,0.0006773382360843975
133378,0.9965097774600354
133379,0.0013689286964085735
133380,0.00041302296493507686
133381,0.0003478560907708569
133382,0.00012255284892758893
133383,0.014687973229008893
133384,0.9921711450994926
133385,0.00012432560394310852
133386,0.0011951527851442234
133387,0.0006588076640519485
133388,0.00021147224503429452
133389,0.000348929277473491
133390,0.0006872932234494387
133391,0.0020829974390602682
133392,0.0004947041707661564
133393,0.0004245939663515244
133394,0.00032795993019336386
133395,0.0001431303867385545
133396,0.0005220392374287083
133397,0.0003437061309142596
133398,0.0008216945163516833
133399,0.00025879532921112974
133400,0.9871933210988943
133401,0.00056136081232314
133402,0.5157963598134578
133403,0.0033773301304328863
133404,0.0003309577151378143
133405,0.2453489043416129
133406,0.002061080151825825
133407,0.0003903521465917192
133408,0.007483087018135309
133409,0.00873664140655758
133410,0.00011799197115684883
133411,0.00030117764129068794
133412,0.00021325071965529996
133413,0.0003620652984613014
133414,0.00022412297384689678
133415,0.0005669650000171214
133416,0.00015039081513161176
133417,0.0011836841942061476
133418,0.0015042494047205535
133419,0.0006551194324931639
133420,0.0004049647431420495
133421,0.9954824080199387
133422,0.0002204295784696959
133423,0.0002676218813506391
133424,0.0003709276721659736
133425,0.0010261538559145785
133426,0.00021712949156759646
133427,0.0010909743375806182
133428,0.00034888665817306164
133429,0.0006987805483876756
133430,0.0022246032087041424
133431,0.9866572629793079
133432,0.00045295804509746704
133433,0.9845416039603424
133434,0.9946649781266054
133435,0.0006052645353978501
133436,0.008923543050833127
133437,0.00017358592284399813
133438,0.0009795307319687956
133439,0.0009806116926911522
133440,0.6071272821280036
133441,0.0005507858433948452
133442,0.0003115806182370494
133443,0.0011623287582622208
133444,0.0010440124625385183
133445,0.05244212754731735
133446,0.00013557874725922623
133447,0.07177875137281164
133448,0.000552949784103322
133449,0.0019149006869968056
133450,0.00023880335410165297
133451,0.001001561128802118
133452,0.9520108732045234
133453,0.00243431383221374
133454,0.0003419848491760401
133455,0.003990859691582282
133456,0.01914755210147175
133457,0.0024366926840905887
133458,0.036536766439338
133459,0.00029882726592048137
133460,0.00027078237001366013
133461,0.006896664999868179
133462,0.01044736743571972
133463,0.0008863014969637257
133464,0.8821113239006982
133465,0.001062848050483989
133466,0.005807985395307335
133467,0.20331296793795817
133468,0.005240087549100757
133469,0.005015347734120874
133470,0.05578033393795582
133471,0.0009655944165398438
133472,0.02533064273434598
133473,0.0009059089284998189
133474,0.004509931132837118
133475,0.00025691509949380407
133476,0.00031679389527460196
133477,0.0008726748370083015
133478,0.005018926943500082
133479,0.9661844415300122
133480,0.00035865283940217537
133481,0.00014982439275850105
133482,0.0011964934832824766
133483,0.06375028736268758
133484,0.0003307002560910292
133485,0.00029564185820811197
133486,0.0003170153309224036
133487,0.0013360368437395627
133488,0.0006964141667743393
133489,0.0008054579758911462
133490,0.11009936139663666
133491,0.00010196642955860127
133492,0.025740299951647897
133493,0.010128003540483939
133494,0.0005058504955095924
133495,0.00044824503764014984
133496,0.9951071804288062
133497,0.00021221471891545542
133498,0.05904909972499554
133499,0.0038577865332857144
133500,0.00031368566411993436
133501,0.0011980483082139534
133502,0.00019093231067706268
133503,0.00033151789226574195
133504,0.0008458738699426495
133505,0.00038527180821318346
133506,0.02003079021657399
133507,0.00029836057635463764
133508,0.004747148499702551
133509,0.0018394174444751924
133510,0.0008287164719993964
133511,0.0010011262261755214
133512,0.0005049678640638132
133513,0.006771288183423861
133514,0.00031729111488059504
133515,0.00025725048197252514
133516,0.0007387248175178086
133517,0.00017393470807592986
133518,0.0003266612669078905
133519,0.0002526263379575487
133520,0.0001181539932464808
133521,0.0004221094489608937
133522,0.9974144835873455
133523,0.0005103437430054749
133524,0.0011290163774237325
133525,0.0007802988211469211
133526,0.3460347820302515
133527,0.0016689853916460994
133528,0.0006871921158340154
133529,0.025177106334672697
133530,0.0003086823308637905
133531,0.0017014851532747362
133532,0.0010434669462939911
133533,0.005459754171498708
133534,0.00043865824617128846
133535,0.009941821270385018
133536,0.001320746829818617
133537,0.9796659968473124
133538,0.00022656097413183065
133539,0.42344533600722567
133540,0.0012612560377023964
133541,0.0022698788511138833
133542,0.0011795046070901874
133543,0.008212674264169903
133544,0.00029897646097885275
133545,0.0010251535314389213
133546,0.003867272181985835
133547,0.0003218832166658076
133548,0.9951675747128659
133549,0.0006306075468794947
133550,0.008114337992684588
133551,0.0003418280817366365
133552,0.991167787530118
133553,0.01513935157488703
133554,0.0006706212385334927
133555,0.013287990316310288
133556,0.002336738548154193
133557,0.0046785398349982665
133558,0.0022636196150382097
133559,0.00017702686426770967
133560,0.9160866724937371
133561,0.00035060595227872455
133562,0.0002812178761014053
133563,0.00036910241383193075
133564,0.013008494370743211
133565,0.012463082654499852
133566,0.9074511839992444
133567,0.0006384185686938895
133568,0.0008667070113958017
133569,0.0002939876975814162
133570,0.0025696380777592166
133571,0.0007605049448564089
133572,0.0979039045954749
133573,0.0004591483941550777
133574,0.002738803025705892
133575,0.03935634931707373
133576,0.019954680658829105
133577,0.06323180422366459
133578,0.01786718149235633
133579,0.9941146499687133
133580,0.008742304429830107
133581,0.0748864733280994
133582,0.0002501384353969482
133583,0.9601569885448507
133584,0.0005399858960913992
133585,0.003251573148794876
133586,0.9905320903829974
133587,0.043651640787217484
133588,0.003081457354369109
133589,0.9902158993189393
133590,0.0006750651124126997
133591,0.0016790476362686887
133592,0.008097918614937269
133593,0.03780844355004449
133594,0.0019664435648194234
133595,0.0006330604704048268
133596,0.00019797157679556874
133597,0.02766631930528885
133598,0.98341924790187
133599,0.00396429891324525
133600,0.0005279442267668847
133601,0.0026436144246199814
133602,0.0001422379767210653
133603,0.2988599682413093
133604,0.0002753038996359523
133605,0.004274611833860472
133606,0.0017531565016201541
133607,0.0011979582066469468
133608,0.0006245777463563696
133609,0.002074908336822208
133610,0.022201120395965987
133611,0.7475612509693654
133612,0.0004006847768457455
133613,0.020362641063272735
133614,0.0001662831500188254
133615,0.019127058487822243
133616,0.0393847946994645
133617,0.00032176127070134805
133618,0.00029239867507568196
133619,0.0016405726253295673
133620,0.9895982682516296
133621,0.8095311620164957
133622,0.0003391374301323429
133623,0.000595595846221537
133624,0.0007160718105619266
133625,0.0015606304255324208
133626,0.00033095535205862885
133627,0.00017380868953323686
133628,0.0012307147889878442
133629,0.0004918013552027364
133630,0.0026873912262762247
133631,0.004539737086775563
133632,0.02466813436552971
133633,0.011065685538400668
133634,0.0003035872726782711
133635,0.007305330178999967
133636,0.0004319773527454188
133637,0.03931725911845733
133638,0.0003467388425130942
133639,0.01249120276206321
133640,0.0004563094642894332
133641,0.0003782501630251006
133642,0.0005268067926010505
133643,0.002823437275042589
133644,0.023077390635349988
133645,0.008075090508699815
133646,0.03548528671864504
133647,0.00012063875783634277
133648,0.001251679368079002
133649,0.0007322709268490148
133650,0.018246525037050227
133651,0.00046260561219156913
133652,0.0016782324927651152
133653,0.21336961790443768
133654,0.0005489590931563701
133655,0.0013950470848513234
133656,0.9649689002633159
133657,0.9940314813258174
133658,0.0005228286243033546
133659,0.832228194033052
133660,0.0010806178397179797
133661,0.00018862724280044535
133662,0.0007213069676324427
133663,0.008190486330471683
133664,0.0004256184811957267
133665,0.00027373260973088124
133666,0.000361717700621533
133667,0.0009544509346046601
133668,0.0008325338830020264
133669,0.9286438530711512
133670,0.015778146496991698
133671,0.00016127298220776015
133672,0.004963822851456517
133673,0.0009674614994908585
133674,0.0011358863524371346
133675,0.0005265950532818402
133676,0.0006378423073488512
133677,0.0010070145113188214
133678,0.00723312216180041
133679,0.00030660436730782633
133680,0.000584424711016317
133681,0.014058626752649099
133682,0.0002848632822140845
133683,0.0010267252546821272
133684,0.9484849586084773
133685,0.0002098924736231224
133686,0.9821008203880481
133687,0.016874638732552995
133688,0.0018297868607385587
133689,0.016603357904758746
133690,0.026967836178400394
133691,0.0011122393797047287
133692,0.00046488277675668546
133693,0.0005087243823196401
133694,0.0017093298496809533
133695,0.0012828781297056252
133696,0.5517367713264354
133697,0.00033202297103553634
133698,0.0019236478405961533
133699,0.02534001486648183
133700,0.020780602620937907
133701,0.0010382976015510137
133702,0.9751198210567368
133703,0.006084651116400164
133704,0.00024490713569323447
133705,0.0008427273394691317
133706,0.0006798784494614956
133707,0.0006350930517283291
133708,0.0010385210185038388
133709,0.0010220323362456001
133710,0.00027494683859944025
133711,0.07123370377952144
133712,0.0008097117405562571
133713,0.9936556026771838
133714,0.009066577584044867
133715,0.0010199232335101785
133716,0.0034870502070060527
133717,0.002379499759841907
133718,0.0002481607465731743
133719,0.003913598763558504
133720,0.0018685191684794525
133721,0.0006496821267029388
133722,0.003405679180009399
133723,0.00016084171254018696
133724,0.9935794624130307
133725,0.00020880464424167085
133726,0.0013247912808146594
133727,0.0007467559424097954
133728,0.000430450048018791
133729,0.0010225735895368312
133730,0.0009642748098503977
133731,0.00047499513269772404
133732,0.1328352551940379
133733,0.0002946081058868418
133734,0.00033250863512445934
133735,0.01316393359153455
133736,0.0017779663168330283
133737,0.00021682969848219557
133738,0.019558195414546068
133739,0.0006589257084291059
133740,0.0002536733914924651
133741,0.0009540676078729912
133742,0.000671489423005826
133743,0.03514697242842839
133744,0.00015176725249402986
133745,0.000521543767930844
133746,0.9968257319283472
133747,0.0005067330464387509
133748,0.0003023503674267446
133749,0.0024238497096814547
133750,0.00022469066046009101
133751,0.0026520015828285616
133752,0.0006562772866768801
133753,0.0002387679028838594
133754,0.0003793596177792608
133755,0.00040503961483691185
133756,0.0004287268169579908
133757,0.0012485582619547466
133758,0.00019304414084518265
133759,0.00038574176214995653
133760,0.0004370389416674147
133761,0.019195550424931884
133762,0.001709334156494074
133763,0.005980982730759223
133764,0.00025010782768476915
133765,0.006917791220151191
133766,0.006719562502587092
133767,0.0007622240201071087
133768,0.000750614553864094
133769,0.00025663990906165556
133770,0.9786276100451379
133771,0.0004520175200930938
133772,0.00026637303808153796
133773,0.00024250828110068234
133774,0.08549532442086151
133775,0.9911430043335082
133776,0.0009750687234253015
133777,0.0002911986096375644
133778,0.004493223818617526
133779,0.00022759382866681835
133780,0.10103938776633158
133781,0.02266055068422052
133782,0.8137252272209682
133783,0.002268777226384895
133784,0.010220322409868055
133785,0.00044925296354690185
133786,0.0003004601487554979
133787,0.23926588664735013
133788,0.0001567053242626567
133789,0.0012427135726713694
133790,0.0003711653179797481
133791,0.0015107639630329065
133792,0.0006389071947690486
133793,0.9848131361319741
133794,0.003336842688133394
133795,0.013397879072870338
133796,0.9461846542670903
133797,0.0002272392248279878
133798,0.0003531449305690563
133799,0.003574881539010238
133800,0.025149875133443324
133801,0.0004108376854264628
133802,0.003294037258728442
133803,0.00013232006324649092
133804,0.0006156402651333068
133805,0.018768547319996977
133806,0.00032084971750948705
133807,0.00014422275054544958
133808,0.00037112861836254897
133809,0.004514989836106596
133810,0.00019211557177065144
133811,0.0002324694953217985
133812,0.22555919359067117
133813,0.00022704198132894886
133814,0.00588316387485085
133815,0.0008105440934245312
133816,0.0019244742569665804
133817,0.0008194812242734215
133818,0.03437703167380002
133819,0.0014305541803485249
133820,0.002246161099455858
133821,0.0002536129171652824
133822,0.8054180357361684
133823,0.9943522491096253
133824,0.00035153953144066496
133825,0.0003611051709772294
133826,0.0030321365060343676
133827,0.015191773592391765
133828,0.0016046601888444483
133829,0.004079452405383017
133830,0.021710943790666997
133831,0.00025729733866043344
133832,0.0006233650227832198
133833,0.00045553534251464454
133834,0.0005574337526157599
133835,0.9979605864327991
133836,0.00018679268042727724
133837,0.0005303770294282568
133838,0.00014499573674980884
133839,0.0032490575767271665
133840,0.0005416957166169986
133841,0.0010832847160656175
133842,0.0005421843826364784
133843,0.005715895749767058
133844,0.0005080055155745902
133845,0.0013742169598303692
133846,0.013289095057425792
133847,0.0006295946720641624
133848,0.001105122165140708
133849,0.0016235211916623199
133850,0.0022229373246368265
133851,0.0004246418100593338
133852,0.0009415412252784666
133853,0.028841048002139758
133854,0.0016058538556046257
133855,0.023149369283310073
133856,0.011218303311632856
133857,0.000948284241521776
133858,0.00023416821673823937
133859,0.0005232350086976276
133860,0.00021624316185931008
133861,0.0137918435647923
133862,0.002329691503026828
133863,0.0003005330475205827
133864,0.006357813574799989
133865,0.019211920942957525
133866,0.0015739134258313102
133867,0.0003560667980467646
133868,0.0013246445854366007
133869,0.00015329414338944336
133870,0.00034757963941306274
133871,0.004858034330032945
133872,0.9878462279417012
133873,0.04084660472575192
133874,0.0003951156964382993
133875,0.0004625665670832698
133876,0.01606502097842051
133877,0.0011963171271358842
133878,0.014662685939648132
133879,0.0008975649176041433
133880,0.00446427715427354
133881,0.9931605293828493
133882,0.0011764721600260753
133883,0.0006970520254850817
133884,0.00018414481156608524
133885,0.001048183503499548
133886,0.9934086351292025
133887,0.0005689389982743815
133888,0.00042576056647996403
133889,0.0019684637839732333
133890,0.0006625131522024894
133891,0.002028366739078966
133892,0.015763008171074486
133893,0.0013494759679151824
133894,0.0011099470052365543
133895,0.0003123636189341102
133896,0.00022655566009173987
133897,0.00028300352503527577
133898,0.016508131071056708
133899,0.0006995839750096465
133900,0.001606835642212802
133901,0.0007616438917010133
133902,0.0014297205022896998
133903,0.9705905237256022
133904,0.00032013024029567015
133905,0.0006977463416986704
133906,0.000224326478065673
133907,0.06460282983345549
133908,0.021352364498049184
133909,0.00046804181775382455
133910,0.0007060409073744397
133911,0.005839643543468432
133912,0.002133906263690854
133913,0.0008727051921559858
133914,0.0006139229414562831
133915,0.0013767080632872597
133916,0.0007023190095130313
133917,0.036162684070639994
133918,0.0006639702595957732
133919,0.0007385990784067959
133920,0.0008266958825534447
133921,0.011055381528046233
133922,0.001416600077663011
133923,0.0004956516926809747
133924,0.0011221011393334574
133925,0.001124086503646867
133926,0.0036138440743909163
133927,0.0003179487411951304
133928,0.016995504630400903
133929,0.0014541246543384471
133930,0.9926412624651909
133931,0.06186919625092145
133932,0.9502581923703978
133933,0.0001722422714515329
133934,0.008365067182969626
133935,0.040200845969680044
133936,0.000899962804271078
133937,0.003929675593680711
133938,0.00023525495217053484
133939,0.007068335468471979
133940,0.00021663602668021658
133941,0.0002546248907507929
133942,0.02542876871737326
133943,0.8069662998502494
133944,0.00031830076888324753
133945,0.00030324883914773274
133946,0.0007246363451107987
133947,0.0004284765988556512
133948,0.0009693080130424345
133949,0.9856769268595139
133950,0.00020472482469881164
133951,0.001064789382515058
133952,0.004043445098586775
133953,0.0008279058605503898
133954,0.005588281748228161
133955,0.9943919012728983
133956,0.004968112902114918
133957,0.06786397775615058
133958,0.009691676663827227
133959,0.07674628208900784
133960,0.056122873700503194
133961,0.004580936977390444
133962,0.00035269127318127673
133963,0.0006638730923619498
133964,0.5340041192821731
133965,0.0004158740208482031
133966,0.00019738349921629388
133967,0.0007064682291260328
133968,0.0006048524162147171
133969,0.011247747071721544
133970,0.0022432790159965534
133971,0.0004912263606857846
133972,0.014029989145218419
133973,0.00421281896820391
133974,0.9946931434888541
133975,0.823586840872447
133976,0.0002594557061934445
133977,0.9341270635565917
133978,0.006125238973606307
133979,0.0003619226369594232
133980,0.0008413435523992667
133981,0.00048531427515571184
133982,0.0012407206360721121
133983,0.00019143467619732818
133984,0.5738526149799725
133985,0.0014889892432493545
133986,0.0004237968630079065
133987,0.0017798290880631674
133988,0.9799354350047442
133989,0.0008213884788704007
133990,0.00017611512151773827
133991,0.0015515890688930464
133992,0.8329361288686613
133993,0.0010012187908526766
133994,0.0005825717487639941
133995,0.0005919184824376467
133996,0.0002293391144948873
133997,0.001206931400070009
133998,0.0003712583466728595
133999,0.0005732181017822249
134000,0.01265811379396044
134001,0.00023948852823197736
134002,0.000274903053659124
134003,0.011063632586529922
134004,0.002966351392543866
134005,0.0003161094352870482
134006,0.00791711381688774
134007,0.008261964371501026
134008,0.0010496123188793239
134009,0.0010760432383559093
134010,0.001437379125079914
134011,0.0003837238329585867
134012,0.0002454804609207307
134013,0.009854801495920653
134014,0.0118279440230754
134015,0.003046138368939739
134016,0.0005133723604159087
134017,0.0006733477100633431
134018,0.0012513993926036816
134019,0.00021025458517254388
134020,0.0002082307871450761
134021,0.0053804096437236265
134022,0.7309288062623369
134023,0.001354228436614632
134024,0.9919912213559984
134025,0.02414457038323255
134026,0.000243882226269488
134027,0.38458349418219495
134028,0.06505545576837946
134029,0.00038345639345720677
134030,0.0011792714787255843
134031,0.001181860211719221
134032,0.00039653489491707527
134033,0.0011363179184680787
134034,0.0008327385964710912
134035,0.6286243115906052
134036,0.9956388067933198
134037,0.8827046278550434
134038,0.0001795429998450627
134039,0.019688542498760807
134040,0.009083420703507209
134041,0.024655635210618303
134042,0.000350427469073614
134043,0.006238967602750512
134044,0.0015042413734947567
134045,0.001152022959595772
134046,0.0011001053080766136
134047,0.00025100742536209893
134048,0.0008917353677630324
134049,0.010385636448812173
134050,0.001541078416163245
134051,0.0038897911605367277
134052,0.000519194145923681
134053,0.00019821500464136798
134054,0.9872703180054715
134055,0.0002338787736117411
134056,0.000611286826231924
134057,0.011844909345703345
134058,0.00037851660537236554
134059,0.0014775735422128016
134060,0.00014259016695413994
134061,0.0006765564355141692
134062,0.001086592244852122
134063,0.0007033196493579761
134064,0.9954526096376703
134065,0.9550592569783575
134066,0.0002212142940030011
134067,0.0007883836635809525
134068,0.0011780599943826949
134069,0.00035899825012609455
134070,0.0015783610736628258
134071,0.32970600054143406
134072,0.0003380949626064845
134073,0.08577165183188659
134074,0.02160286857889251
134075,0.00042099569606880006
134076,0.0007786349968775867
134077,0.012476072838331844
134078,0.9905726691982507
134079,0.003303427764210743
134080,0.0011566968866576922
134081,0.00018636690797203662
134082,0.00022858868836491097
134083,0.0003806086525693674
134084,0.0010179224290037955
134085,0.09039627416390886
134086,0.004550190514749935
134087,0.0004225179012637156
134088,0.0011931036592183128
134089,0.00037811177462305714
134090,0.00020076854511062256
134091,0.36277289539616514
134092,0.005516333475083879
134093,0.0002935315855568804
134094,0.0006020230197922231
134095,0.02882609412439139
134096,0.0002782872226009183
134097,0.0010071540083574262
134098,0.9915264294693713
134099,0.9901387119726112
134100,0.013784076547064905
134101,0.9944254239395
134102,0.13801812089661064
134103,0.000338418157409539
134104,0.04721628386467328
134105,0.001118362280625286
134106,0.0016960739971074027
134107,0.0003818121080614998
134108,0.0004886504412934101
134109,0.0024215678200289435
134110,0.0019609218482005515
134111,0.021657201655129913
134112,0.00048810819426422375
134113,0.00029806845335354624
134114,0.00019885822576135644
134115,0.0009185090149165251
134116,0.9861269810836581
134117,0.2490283682249022
134118,0.012385749052065532
134119,0.9892247232477773
134120,0.0005476631669387943
134121,0.0015516652456992249
134122,0.0003188584971520619
134123,0.0003858883670457805
134124,0.0007629196438891466
134125,0.015264185738467717
134126,0.013155202305699125
134127,0.0009823989616370736
134128,0.006964202731207448
134129,0.0003785217614027835
134130,0.0023607889383014634
134131,0.0002278545961585118
134132,0.006163953374907699
134133,0.00014741110175716
134134,0.0031499728065263748
134135,0.9858306226237975
134136,0.0022323041168179707
134137,0.0003421012800806191
134138,0.000614945253804722
134139,0.001570534725981895
134140,0.010371905555873551
134141,0.0004827311864837284
134142,0.07855505379072034
134143,0.0004781121470997384
134144,0.0014594286267182194
134145,0.0016676250632146458
134146,0.000801569821744011
134147,0.000998983239261125
134148,0.0024025666754112157
134149,0.00027681209380822153
134150,0.0006283007177354086
134151,0.017745939235251303
134152,0.0008993985586110383
134153,0.0025111371841678777
134154,0.00024832958555422185
134155,0.0013846489618798566
134156,0.007171313277580072
134157,0.0009014902731299885
134158,0.000246676290283053
134159,0.0004558755979719819
134160,0.001053173121704947
134161,0.0005116259849280409
134162,0.0005910453972166022
134163,0.038398203959972836
134164,0.24892828937642422
134165,0.0014268649255308019
134166,0.0006809152895300641
134167,0.012070624434167811
134168,0.0008758569404343122
134169,0.000588270776737653
134170,0.0012376449135882343
134171,0.0018350143391557472
134172,0.0005225323924484261
134173,0.00028474743494872565
134174,0.22823276975813903
134175,0.0002824890291877596
134176,0.9943060067544983
134177,0.0005643381694908944
134178,0.0968792709932475
134179,0.11487406928974976
134180,0.043992123792123076
134181,0.000702993223821005
134182,0.000649192000827944
134183,0.005367510391146291
134184,0.013691975425480308
134185,0.0002609319682311601
134186,0.004397843529368488
134187,0.0023167753170710535
134188,0.0007043305498418919
134189,0.0019241168375076754
134190,0.0011376289849861108
134191,0.0021377672889728713
134192,0.9892687538039916
134193,0.0003854745594284498
134194,0.002143078740818319
134195,0.00024692655789396915
134196,0.0005118208512328985
134197,0.00045237136072392493
134198,0.001816546074184799
134199,0.22910938486241866
134200,0.00030461449570433677
134201,0.0011456320076859902
134202,0.0007076742572363685
134203,0.0009917596794903646
134204,0.9931791085476777
134205,0.09562388833684736
134206,0.00010453677428034419
134207,0.00316903676410851
134208,0.0002574532750623017
134209,0.10366445881933353
134210,0.008338648673209693
134211,0.002985332350606247
134212,0.0008055654444913932
134213,0.0005232138935849686
134214,0.0003740267373507948
134215,0.0002733571218205417
134216,0.001172982932499056
134217,0.03048381127757446
134218,0.9915446382231037
134219,0.00019069692719868786
134220,0.00023793013042606903
134221,0.00017065589463317096
134222,0.0003120064894946951
134223,0.0010657526071950378
134224,0.01508871557285669
134225,0.0017912171104677694
134226,0.0010554581846606715
134227,0.0002855009447087552
134228,0.9780746196426765
134229,0.0003870589626964438
134230,0.8709534765700475
134231,0.00029433775662774856
134232,0.006610212459590629
134233,0.001451525262516554
134234,0.9835114907726756
134235,0.0008043896654683965
134236,0.0014538693510000797
134237,0.013250224099006083
134238,0.00040600946654637264
134239,0.0003845493041763787
134240,0.010164380444400704
134241,0.011380634548894672
134242,0.00036639586883925926
134243,0.009606944272043364
134244,0.00016928305000771387
134245,0.0009236636117181435
134246,0.00038176199764297446
134247,0.0009377821410578138
134248,0.033223011825874234
134249,0.0002468732227875483
134250,0.007934736464113768
134251,0.0002252614979434667
134252,0.0005861429988809709
134253,0.0021417766530992923
134254,0.00040375488089079145
134255,0.0005852224151780883
134256,0.0003826191917252919
134257,0.0008456588030337382
134258,0.00044193037610908555
134259,0.0040440209628683525
134260,0.00021899981950205662
134261,0.0008456940604371758
134262,0.012997006945053404
134263,0.0002370677443913054
134264,0.9938303377248201
134265,0.0002932501489671776
134266,0.00023902995255970508
134267,0.0007892959669416279
134268,0.0024940244221607977
134269,0.010490068889256115
134270,0.10676384451146105
134271,0.9891992278072502
134272,0.00022313003093590468
134273,0.0009448090244929822
134274,0.006659493514509722
134275,0.0007471365070299694
134276,0.00513297922345119
134277,0.9779162791515658
134278,0.0011874122030145853
134279,0.007287940869672399
134280,0.9774812462619736
134281,0.00028817409308926994
134282,0.9870862939874585
134283,0.00016702015689908212
134284,0.001761329045324081
134285,0.0005566298892986302
134286,0.0011294231076865258
134287,0.9878430150406189
134288,0.021078021156218665
134289,0.00040456228771606557
134290,0.0009230532141951411
134291,0.00012357032216606643
134292,0.0006842815349702756
134293,0.00016447979382927335
134294,0.013278842561706554
134295,0.00037073398423479505
134296,0.0002567118534659014
134297,0.0008211520992368896
134298,0.004082107717081458
134299,0.014167501546432964
134300,0.006785773675098429
134301,0.00019727596186082345
134302,0.0002774228873099369
134303,0.0009161871218978785
134304,0.001300795520341213
134305,0.0011515976178272502
134306,0.06535689635577581
134307,0.0007984911753736643
134308,0.0006881020146424876
134309,0.002010361092041285
134310,0.000811527067583112
134311,0.014090720887691206
134312,0.0008344389342603874
134313,0.0006711101278186924
134314,0.0037938267401656936
134315,0.00917515355028572
134316,0.0010009443667152432
134317,0.0011547396670653783
134318,0.0006154240637290924
134319,0.0007413246519520937
134320,0.0002337662974767488
134321,0.0012964036228694503
134322,0.0004610428225846407
134323,0.00029805226774765373
134324,0.001172830868621259
134325,0.9753542073385626
134326,0.034331200913518274
134327,0.996033406626359
134328,0.0002401621603847333
134329,0.003244217776636542
134330,0.0007505949064719012
134331,0.009371252404446717
134332,0.00051722821004356
134333,0.006832867701862661
134334,0.0006170387535021819
134335,0.0051704257498082894
134336,0.021464710660825025
134337,0.0004578805884970118
134338,0.0002688246692998576
134339,0.0003138617734935007
134340,0.9747927972106483
134341,0.00018097501796266192
134342,0.0002769077124722112
134343,0.003884687479541546
134344,0.0010046514534277095
134345,0.0004836718782490065
134346,0.013569800543698203
134347,0.4385798589934526
134348,0.01775970912314202
134349,0.015238137220847572
134350,0.012043889004166726
134351,0.98589756929011
134352,0.005486310253674444
134353,0.012415184360558879
134354,0.992519332562906
134355,0.0024858127845193436
134356,0.0004115703750827418
134357,0.000213496712646933
134358,0.0007772836484300718
134359,0.042491671683145146
134360,0.001714478177834266
134361,0.014371766212821263
134362,0.9936984737514493
134363,0.003016110224231642
134364,0.9881008286098322
134365,0.00030904135068548285
134366,0.0007396090372014978
134367,0.0002039345047580159
134368,0.0004619021415782443
134369,0.001891033927888482
134370,0.0024042106420650656
134371,0.0004253405318023758
134372,0.0002448132482747025
134373,0.0016255723426158411
134374,0.00032571293529019314
134375,0.007654042635262438
134376,0.0007361339317597336
134377,0.0012328185870149509
134378,0.0011224087092763556
134379,0.06231348193741582
134380,0.00016139111964418154
134381,0.025806908310086068
134382,0.990518445839173
134383,0.11562647448138642
134384,0.9817803430293548
134385,0.004310702146786493
134386,0.0034439055552311034
134387,0.000828048560637449
134388,0.013806797413208198
134389,0.002285209779183812
134390,0.001112822928289053
134391,0.00034384099287846433
134392,0.005813535442139269
134393,0.992851148410206
134394,0.0842219821391643
134395,0.9129571628873095
134396,0.0004985386328559148
134397,0.000987539209644346
134398,0.00017542504039366492
134399,0.002502263724105323
134400,0.030281792868267914
134401,0.012291937342240218
134402,0.000381540711323389
134403,0.01048727553504484
134404,0.006020574944787999
134405,0.016359572060262697
134406,0.0011015247720350442
134407,0.0021884043447701553
134408,0.011829198896782002
134409,0.002340278983587446
134410,0.016232880848935337
134411,0.00020848470121267323
134412,0.00041055098374712253
134413,0.8113132780263308
134414,0.0009599037799492259
134415,0.0002994855895755693
134416,0.04675561756778683
134417,0.0002925701558878389
134418,0.000618434868812547
134419,0.013000635575470595
134420,0.0002992435777087646
134421,0.0008065450042422668
134422,0.00041006180653990423
134423,0.00018794832348990827
134424,0.0004151162189615886
134425,0.00038489446302820903
134426,0.0019094029699684599
134427,0.00033887223013043895
134428,0.4586800218155641
134429,0.0019357883407536956
134430,0.0010208400309134472
134431,0.0007458408756861089
134432,0.9928707984617808
134433,0.006198073057585293
134434,0.00213252141480404
134435,0.0047223682134324065
134436,0.0056455877049327845
134437,0.00837591648557961
134438,0.0010261735093950594
134439,0.002475442069401548
134440,0.0007210672363636187
134441,0.0004795791586341674
134442,0.0026403090891700307
134443,0.9760078124575224
134444,0.003518532035494747
134445,0.0003373132700791634
134446,0.00019487706503866885
134447,0.00478905056669067
134448,0.000405167738467094
134449,0.974672719559334
134450,0.0006313690902932355
134451,0.021630774177850844
134452,0.0020205984900708517
134453,0.0005559373074255728
134454,0.10057511294959744
134455,0.02704944831097501
134456,0.0018324357516844442
134457,0.24501531509009528
134458,0.0013490058154489123
134459,0.022734356056551275
134460,0.0021080518172745966
134461,0.0006876059647096438
134462,0.004099720039623788
134463,0.029909605697832308
134464,0.0015389616688387302
134465,0.00041774716444473165
134466,0.008382820894651742
134467,0.9928654921734396
134468,0.0013880163258818956
134469,0.013504619062539979
134470,0.000150807897320948
134471,0.0002813180846117048
134472,0.004742084725177973
134473,0.98657375630388
134474,0.0019111759944316583
134475,0.15660567038211864
134476,0.016322605777330253
134477,0.015079266578064356
134478,0.0026353044007298046
134479,0.0014739688126804748
134480,0.0059344119594611005
134481,0.0908174949389258
134482,0.004085204560615563
134483,0.0010018526524880095
134484,0.0003339500038095502
134485,0.00039426581331175196
134486,0.06363568834247581
134487,0.0005652513009777312
134488,0.7543525737875311
134489,0.00030129271260787184
134490,0.00030756745729191963
134491,0.003181024212387835
134492,0.007818104467989327
134493,0.0009669286454946755
134494,0.9260254035527518
134495,0.0069646020072444146
134496,0.00987368407748603
134497,0.9869132424181178
134498,0.0019228632846966481
134499,0.0002537459396760856
134500,0.0015543652024810255
134501,0.0058064975644211165
134502,0.0009312367247759865
134503,0.002255756410435041
134504,0.009367737598576367
134505,0.009605100000935164
134506,0.0016731083502595577
134507,0.0011167172744259996
134508,0.006631819518577571
134509,0.8323433706004217
134510,0.0007347028523207305
134511,0.0007512099455728855
134512,0.00034533905425726227
134513,0.0004933815504854713
134514,0.00097946656382557
134515,0.00025905632157984155
134516,0.002038387433845682
134517,0.0002752336952968809
134518,0.1983047254572865
134519,0.0002702594658222366
134520,0.00047951347594197603
134521,0.0027840707216439478
134522,0.0003450169714792778
134523,0.34782675665748175
134524,0.00046589607076022004
134525,0.000322830112825886
134526,0.00391681298471022
134527,0.0002955366306749757
134528,0.0057560585065729334
134529,0.0006046428748024064
134530,0.055548594162271106
134531,0.0005778247075499008
134532,0.0016104239057463743
134533,0.0012285929735220357
134534,0.0012399041639689537
134535,0.0024690585699768193
134536,0.04672614991575861
134537,0.0011747341082379696
134538,0.00932121195425374
134539,0.00026273467051535096
134540,0.0010905466634118946
134541,0.0005620163462894698
134542,0.016869262447380753
134543,0.1727793505187756
134544,0.0036614032249836304
134545,0.0010866412816206096
134546,0.0006553055876778894
134547,0.0036271413497659267
134548,0.00025745004131135554
134549,0.008177562560082015
134550,0.9743284880315286
134551,0.00021651292905962218
134552,0.0005960697889189996
134553,0.0011619750328577694
134554,0.00017320036039990345
134555,0.0007755997075149921
134556,0.0004561437007743007
134557,0.990779081034625
134558,0.7880935658954903
134559,0.010130627460467162
134560,0.0013590153095854726
134561,0.9970258202552543
134562,0.001452984615762118
134563,0.0009389618499128033
134564,0.0003595845067409659
134565,0.9769206871742946
134566,0.0010119957621544692
134567,0.0005450628244928935
134568,0.00025469778166890784
134569,0.0001915388740361526
134570,0.015514399459061103
134571,0.0003796331449250235
134572,0.0006233254517955668
134573,0.0005903583886689823
134574,0.0005855846055438796
134575,0.006574208166281064
134576,0.0010995435227619031
134577,0.0016784662107894516
134578,0.0008586819706252806
134579,0.0008757670508609594
134580,0.000396022022834474
134581,0.0007244851371593657
134582,0.0003930573691975618
134583,0.0009703936221632798
134584,0.0006960740155845754
134585,0.00040419110548023596
134586,0.00026527225759471047
134587,0.00020025439779903156
134588,0.005363418282823988
134589,0.0016411960034119128
134590,0.00040461835284493776
134591,0.1936573257665387
134592,0.9905143264636943
134593,0.0011893073445224714
134594,0.00046257132967617335
134595,0.0195491881136069
134596,0.0006870260751379938
134597,0.000620652981835944
134598,0.0007315406250060648
134599,0.00028490677421343124
134600,0.014377461265858565
134601,0.0012443651703157794
134602,0.007308342910928992
134603,0.005741880642013739
134604,0.006020435813057489
134605,0.004402740683244751
134606,0.003970565511600876
134607,0.023967965232104937
134608,0.0075248704744322915
134609,0.00040871143722054625
134610,0.0003131951235649759
134611,0.0007454307534852458
134612,0.0004154073985526386
134613,0.000646982442767303
134614,0.19731650876204182
134615,0.0008881070831528717
134616,0.006914566431589425
134617,0.009067712601360066
134618,0.016630130440118438
134619,0.0003240309123486257
134620,0.005977545096350236
134621,0.00026492952734256237
134622,0.00027622536075682497
134623,0.0007575297884287797
134624,0.00044495870999637334
134625,0.004838905066571296
134626,0.00023892803869125323
134627,0.017949998022836335
134628,0.00031190110922951157
134629,0.015403340025393392
134630,0.00039262049505372684
134631,0.007326112641278128
134632,0.13967510742959907
134633,0.0026811361090415733
134634,0.0005714117054756808
134635,0.00046729588919403183
134636,0.001191544890624461
134637,0.00022153036306689298
134638,0.9829401430508613
134639,0.00023806799743804314
134640,0.0008895777442070464
134641,0.0005486642844261468
134642,0.00036011437413110243
134643,0.0013971853946587523
134644,0.000279718128685474
134645,0.0002579923727685038
134646,0.004860241329904155
134647,0.0478297741040583
134648,0.06234754156084388
134649,0.0019154393712472568
134650,0.0010595865473352645
134651,0.02166566740363696
134652,0.9938186159065925
134653,0.0005062104794697152
134654,0.0020116800872818845
134655,0.0005908097510747364
134656,0.00014119609412500082
134657,0.0034301009007484456
134658,0.011544165179581239
134659,0.015785270330897272
134660,0.0008873619925800564
134661,0.00032159925827952087
134662,0.007590404857423436
134663,0.003641937634649881
134664,0.0004597337398293316
134665,0.059442135298791283
134666,0.016300399953692604
134667,0.01913799770068243
134668,0.0001504979085119677
134669,0.0060287770480910155
134670,0.002528080286537564
134671,0.000495852468572861
134672,0.006296147826489814
134673,0.9606783539867275
134674,0.00261545050352111
134675,0.0012898597194480827
134676,0.00019819212077502066
134677,0.001685558732980494
134678,0.0002759866124000226
134679,0.0010409158700281954
134680,0.00010750921382580918
134681,0.00044596801097332537
134682,0.0006793050768754271
134683,0.0011436686393108057
134684,0.00033470562167331794
134685,0.0007236105711213027
134686,0.0003633489886495074
134687,0.0005326484723119419
134688,0.0006199580086186531
134689,0.009247538806538223
134690,0.0029400125618264565
134691,0.0010444755101305064
134692,0.005081738100968521
134693,0.00034495714010776763
134694,0.0012119891899141292
134695,0.0016693969668042116
134696,0.01003775418825019
134697,0.0017340541715534737
134698,0.0006788123300472653
134699,0.007036107289597818
134700,0.005224951048718302
134701,0.00029713546122729054
134702,0.13902725477584305
134703,0.0004807273699490122
134704,0.0007584813006649354
134705,0.00018397497991604612
134706,0.003804136938819475
134707,0.0022457408075942085
134708,0.002537238758985868
134709,0.004125957568825301
134710,0.001234638297192961
134711,0.000771458814096014
134712,0.013653194127821832
134713,0.030803273999484827
134714,0.9908733408536425
134715,0.00026401941928511617
134716,0.0008535949603613684
134717,0.0010193067472692577
134718,0.0002193944137204202
134719,0.21106436674050436
134720,0.0007381073287778841
134721,0.0016715542402445398
134722,0.0017504539996456895
134723,0.00025870766096759804
134724,0.029733146221613
134725,0.0005821119661724722
134726,0.0009360285132615228
134727,0.0008087496994962527
134728,0.0001713596129868241
134729,0.0009302792208559693
134730,0.004450902330230473
134731,0.0003349131394830947
134732,0.00048580589858706735
134733,0.004576162187494461
134734,0.0017623177641268922
134735,0.003108372401237217
134736,0.00777348672619224
134737,0.11295830066724855
134738,0.00028723934509437886
134739,0.0021582099085671242
134740,0.0002856419955096679
134741,0.00035348257601101695
134742,0.01460797314123485
134743,0.002666459417302494
134744,0.9579032891261029
134745,0.0011358884306922805
134746,0.0005562147097644694
134747,0.0009207270926333255
134748,0.000411517574256942
134749,0.00042406578232668076
134750,0.009488715529780013
134751,0.9968868810089806
134752,0.0008878761175610094
134753,0.0005132022915953244
134754,0.0015097798133698634
134755,0.00893484886756381
134756,0.00044486080301187644
134757,0.13961416386991346
134758,0.018582543172128218
134759,0.0004012477490834106
134760,0.001983867745859182
134761,0.002086814002697655
134762,0.007296829746252881
134763,0.00014366756828428028
134764,0.0010039055219309087
134765,0.0022730665294182087
134766,0.0012783067980656538
134767,0.0009892107804131958
134768,0.852961644300174
134769,0.0003498745125991103
134770,0.005067117742122965
134771,0.002925770053851283
134772,0.00037016413678793057
134773,0.0002388242596034726
134774,0.0006285718054634479
134775,0.00018999548842496346
134776,0.001786410639408296
134777,0.0006379533660428898
134778,0.7615671498292992
134779,0.9302816831441834
134780,0.0005094837019792575
134781,0.0009767821719521496
134782,0.021034893325350287
134783,0.00032836200802722484
134784,0.0019451012173807044
134785,0.0230225649408426
134786,0.0003174119458731105
134787,0.005323679126135207
134788,0.0007060595532742269
134789,0.0001820636662047966
134790,0.9914986402004504
134791,0.00033098350854848693
134792,0.00408565344818771
134793,0.002116148857076571
134794,0.0001816158413771941
134795,0.0007616495226399423
134796,0.0006072754077675757
134797,0.0014512378549151334
134798,0.1227564740438026
134799,0.0026888462260809104
134800,0.0005762128392882272
134801,0.0024928958198407315
134802,0.00012630499925770215
134803,0.003335934904129704
134804,0.004182180416957582
134805,0.00012166623604056696
134806,0.00017243088407266433
134807,0.00037352656273201664
134808,0.0010414004118357242
134809,0.025405396504727916
134810,0.0009044578221723508
134811,0.12103015390574881
134812,0.0009935183000126403
134813,0.0007190606395333453
134814,0.0007265879845482486
134815,0.002206679998467928
134816,0.014637950333653596
134817,0.025425929521816625
134818,0.9676750536222367
134819,0.1292864368658985
134820,0.09557691296389376
134821,0.02865458270854357
134822,0.007351016361447064
134823,0.00033899961631827797
134824,0.0002817196261380353
134825,0.9893107609173319
134826,0.0047371241242919
134827,0.07742126324116591
134828,0.00028304688476295616
134829,0.1552433681582043
134830,0.00320094895791716
134831,0.9940749484239418
134832,0.0002565573934755276
134833,0.0008363540491459851
134834,0.004543692794675563
134835,0.0006577805548972133
134836,0.03369960013546088
134837,0.0003127342104875887
134838,0.00031569367337709955
134839,0.0004970796343704554
134840,0.012328919359850296
134841,0.017974115042276185
134842,0.006557902455135238
134843,0.004999947921308106
134844,0.0017319835986349583
134845,0.002515452498142178
134846,0.0004694251545618986
134847,0.0018735617946442195
134848,0.0016166506506058835
134849,0.000394291337182344
134850,0.0005462238940972427
134851,0.0600777182669515
134852,0.00039731051145420944
134853,0.00038426762019571167
134854,0.0003862089878494924
134855,0.0010679938855585249
134856,0.00019111529100987118
134857,0.00043785800461286045
134858,0.0384262558666352
134859,0.0011737832478304296
134860,0.003791945872687018
134861,0.07362734183416446
134862,0.026452303063519998
134863,0.000689555570067465
134864,0.005114676457566532
134865,0.011088965318053218
134866,0.0002599674295114188
134867,0.0003376561388624583
134868,0.00041849234337076874
134869,0.0010936160992339632
134870,0.00035250613024801836
134871,0.0007251228589757273
134872,0.0012343183790133809
134873,0.0024857347583434443
134874,0.0004661085107179635
134875,0.0009546407392495731
134876,0.00015895326393426852
134877,0.007958131478522902
134878,0.0004972411217790491
134879,0.001511589555994698
134880,0.0004033022216913929
134881,0.028964660531887638
134882,0.00022246277061914967
134883,0.0360185072796678
134884,0.013935570769845817
134885,0.0009135426896057841
134886,0.0014776376614242357
134887,0.0007062417877424331
134888,0.0003315307899595871
134889,0.0006173915197948507
134890,0.0034688255207314506
134891,0.0018203367979619833
134892,0.8365873677634788
134893,0.0009734777627915911
134894,0.004402941031189
134895,0.004382466878972322
134896,0.03394584071940823
134897,0.005348819683811708
134898,0.001994670255346723
134899,0.00017482421786531836
134900,0.9755421831348933
134901,0.0003651367463872176
134902,0.00027886273374560643
134903,0.000883856669932621
134904,0.9629191917771031
134905,0.9896924084420238
134906,0.0003087131590638974
134907,0.00030226650109881667
134908,0.00047751967081614827
134909,0.00026882293846995067
134910,0.0007477180201554598
134911,0.0048995961791600765
134912,0.005312324864085362
134913,0.01680076862170834
134914,0.0035044698158127065
134915,0.007545936060527121
134916,0.0005352993448127846
134917,0.9909504819831734
134918,0.0011671880382974824
134919,0.0385822873317165
134920,0.0003989810925457305
134921,0.0002583850295282879
134922,0.0008809917948588235
134923,0.0004452636844649383
134924,0.0008338258161911621
134925,0.013049474397801556
134926,0.0005725585858760383
134927,0.001451756971542806
134928,0.0008725530947939024
134929,0.0027305325389443574
134930,0.004260708428141101
134931,0.0005550153588364181
134932,0.0005050961242188336
134933,0.0004241036993208511
134934,0.0013734098668801993
134935,0.001408934795133855
134936,0.0021552130501497897
134937,0.0014828755746128647
134938,0.0004623391677260871
134939,0.012938526322640285
134940,0.008413584258543917
134941,0.002536202355803231
134942,0.10016103308564027
134943,0.0003942304740665092
134944,0.0006156917914732955
134945,0.0003509975768270354
134946,0.0011421435408162373
134947,0.0001630823923060823
134948,0.0005748543281329171
134949,0.00031737810877155274
134950,0.013364488643637571
134951,0.000818265797055452
134952,0.6552141167470571
134953,0.00046718350472063814
134954,0.005168431694239543
134955,0.0005774667239488106
134956,0.001198580683885858
134957,0.00020926223975250514
134958,0.0036205211092005807
134959,0.00924978790268121
134960,0.015530845544999653
134961,0.000569624448574441
134962,0.0002824997958441894
134963,0.0008515809200374772
134964,0.0006505817637631993
134965,0.9930465597065502
134966,0.0002475289477333726
134967,0.009910296740497662
134968,0.00045395467548256003
134969,0.0012246788188386053
134970,0.00019797245744018773
134971,0.0006105641669265136
134972,0.0005278396586999291
134973,0.0013964616733949872
134974,0.002889076662391315
134975,0.000325985229001017
134976,0.0007409567892142691
134977,0.0006738737274738069
134978,0.00817745508762824
134979,0.003453538054129606
134980,0.0008843244006562839
134981,0.0005352345018464585
134982,0.012489725292508495
134983,0.006094071206793338
134984,0.0019267222936845618
134985,0.00033364958527403653
134986,0.05708927599168528
134987,0.0007043435362126363
134988,0.00017203338506105507
134989,0.07214992575800364
134990,0.0018584161350894478
134991,0.013652806152484058
134992,0.01773940069059053
134993,0.0006742041207000219
134994,0.00030712749615544624
134995,0.0014183952380935774
134996,0.0007741661381832004
134997,0.02394352422302058
134998,0.0009606137686861397
134999,0.0015047846487208157
135000,0.0004172216379099731
135001,0.847425213209777
135002,0.0006078224057431483
135003,0.15084519619743844
135004,0.0025868369722206602
135005,0.0004912365874756879
135006,0.0005653265193184767
135007,0.006975534231062041
135008,0.001340359626352141
135009,0.0007737512491827634
135010,0.0008339600017159508
135011,0.03188071884070805
135012,0.008389550841215409
135013,0.9504769127866005
135014,0.00035222623168665253
135015,0.0005603182284886307
135016,0.0008279680457702002
135017,0.0034367498475408784
135018,0.017567002297785614
135019,0.0011622949396358027
135020,0.00022805189506947947
135021,0.000859078521447158
135022,0.004723096560470122
135023,0.0011306946326640247
135024,0.0003735280597732342
135025,0.9930081113247738
135026,0.0014190090499128787
135027,0.0018078226230350519
135028,0.019864805768812777
135029,0.013584674976428643
135030,0.00024439244412737676
135031,0.9842931187778746
135032,0.00014149798132878335
135033,0.9945621714568376
135034,0.0001471595321025865
135035,0.0004914363317167996
135036,0.0017206620598192392
135037,0.0011014436792927277
135038,0.004446518778783054
135039,0.0004677532751232273
135040,0.002673624517116215
135041,0.00120671271861018
135042,0.0006144323300965442
135043,0.00016917269357051654
135044,0.00015682311768258007
135045,0.0012469066981014368
135046,0.0003056340417667671
135047,0.023385450968326567
135048,0.00035910826075163314
135049,0.9539210004727493
135050,0.033634498323253756
135051,0.0011786678282113318
135052,0.013818603300170583
135053,0.0016304940761843556
135054,0.0002169306766915076
135055,0.0033126036286525522
135056,0.8173796664108319
135057,0.9773462561887597
135058,0.005702143483394917
135059,0.09903136131834278
135060,0.023388495899796836
135061,0.9931362718360153
135062,0.005999232346855803
135063,0.0002719413704142211
135064,0.0001871692072144956
135065,0.0004658267344334222
135066,0.0004046273053767226
135067,0.0048091490840409925
135068,0.0022025481561064194
135069,0.0034124112350732735
135070,0.0004737942385719274
135071,0.00045659241008920903
135072,0.0001950297529099174
135073,0.000618584563866307
135074,0.00025220790488496547
135075,0.0010447660100655223
135076,0.00024854715574674233
135077,0.9869983698685394
135078,0.0013272910142073334
135079,0.020640636272789475
135080,0.0816436106023541
135081,0.0009685679521440485
135082,0.5316061623268739
135083,0.00732353008206699
135084,0.0005058480662925841
135085,0.0006218131420473609
135086,0.020076845414630846
135087,0.9204558074266405
135088,0.006732764063855668
135089,0.0002533277227542074
135090,0.0005621040514811217
135091,0.014227829691623135
135092,0.0018934508010409053
135093,0.0002293516699902057
135094,0.0007007637772847045
135095,0.004814829586134862
135096,0.0007816523470256911
135097,0.0002571305460825662
135098,0.0015577559085688736
135099,0.06803847340127281
135100,0.0003579829723661321
135101,0.0005522401412213724
135102,0.0008452948902027699
135103,0.0782136056632741
135104,0.00017971388310504142
135105,0.014374105087781266
135106,0.00024670912068434605
135107,0.00032910891934837807
135108,0.9684575065237816
135109,0.0391926857361071
135110,0.1333286026138008
135111,0.014015362726831097
135112,0.6986966756558857
135113,0.0035596916899883436
135114,0.00023670328696391576
135115,0.0008083723965669564
135116,0.0001474483119252901
135117,0.025177167393570274
135118,0.0015587842019946327
135119,0.0015243328485501305
135120,0.0002066240782906635
135121,0.000311720864234881
135122,0.0016987400773417058
135123,0.0003114392399496643
135124,0.0014419712326601334
135125,0.0009336492945822948
135126,0.017445715560330196
135127,0.01975431240913131
135128,0.0003448800652894391
135129,0.000850037235355136
135130,0.001993838987894791
135131,0.00030441474559338334
135132,0.0003051092481276621
135133,0.30601694588342554
135134,0.000994344100532075
135135,0.00036719916707276607
135136,0.000587093963334622
135137,0.9756871798410501
135138,0.0003249330699155238
135139,0.009296890570942807
135140,0.01369666445623493
135141,0.0033917614906186313
135142,0.0002944029638133184
135143,0.002649936665788214
135144,0.0024916411989694977
135145,0.0003577577178270202
135146,0.0007744193449634218
135147,0.0001849284907008363
135148,0.0010040202810022393
135149,0.0017311844813143998
135150,0.002067693936338395
135151,0.9644404136037852
135152,0.00040780770396243174
135153,0.00041842473346979025
135154,0.003313618141860306
135155,0.0006424766531606178
135156,0.0006929724476991852
135157,0.0003287861536163797
135158,0.0018867591141168729
135159,0.00012683878266672897
135160,0.0002136652572557329
135161,0.00031899484637430817
135162,0.5326002922866857
135163,0.9878374192180951
135164,0.25904189806074013
135165,0.000215872821373436
135166,0.00030620911613630966
135167,0.0010037721658215728
135168,0.0001761221098538687
135169,0.9810258536953178
135170,0.9728809907201994
135171,0.006495903174913771
135172,0.00021261726604718394
135173,0.06229748153776605
135174,0.0007029077084571516
135175,0.0006934282739329427
135176,0.002841582261050591
135177,0.000633721182098807
135178,0.0003267065673503023
135179,0.001491909192899733
135180,0.9925814697052331
135181,0.002780441561269101
135182,0.0017429663702433359
135183,0.0004924316112014926
135184,0.0033586947485019854
135185,0.0015429520653419482
135186,0.0007744057484565566
135187,0.0006402430856206521
135188,0.008255100793606291
135189,0.004932738635875873
135190,0.006063433812070583
135191,0.005449664768513907
135192,0.0007409054599920446
135193,0.0005073994119760266
135194,0.0006055448643807877
135195,0.0007420998839165599
135196,0.0011729531362312375
135197,0.0010715351364587002
135198,0.0005909242276410943
135199,0.036256545259351854
135200,0.0010174359620018368
135201,0.0015506248060741896
135202,0.00011271004554622651
135203,0.0011197255441383052
135204,0.00038447100882518884
135205,0.0029123850639980763
135206,0.0012781074376485894
135207,0.002944996207028429
135208,0.9870960702417585
135209,0.000505813999145363
135210,0.0006604501106794145
135211,0.0034200853311086134
135212,0.0006009366179428216
135213,0.0013836693826777496
135214,0.00029674134228881084
135215,0.00042151383326951566
135216,0.0006480642073700307
135217,0.0006821370238628893
135218,0.0010809178722790338
135219,0.016867068114899325
135220,0.9643682587512815
135221,0.000582325252278081
135222,0.0005772174371243224
135223,0.0009289987226068086
135224,0.021040286614595557
135225,0.0007412801288102209
135226,0.00018951925026036663
135227,0.005551775953805247
135228,0.9899180560891524
135229,0.0004011404308382126
135230,0.0011712188748669128
135231,0.008020877119750866
135232,0.0056462020121771615
135233,0.0015224236337892598
135234,0.0012077135965424684
135235,0.0012697284738129866
135236,0.0034997953880113756
135237,0.0005124433521433159
135238,0.00041373144029923156
135239,0.0008668204842475503
135240,0.0002379531372497354
135241,0.9833252352402044
135242,0.23119693588456564
135243,0.0003672506532447939
135244,0.0003010058145861529
135245,0.0002212934044520356
135246,0.001570793141304575
135247,0.8131744903849399
135248,0.0043653324149319625
135249,0.019083261624438623
135250,0.9952263890243424
135251,0.006108561252696141
135252,0.10521762198263988
135253,0.9665482587230405
135254,0.00029968633796854434
135255,0.010912342154356939
135256,0.0001469637168002416
135257,0.003932253154419606
135258,0.00026995764781347087
135259,0.0011649227683163126
135260,0.0003907046587746835
135261,0.0020316092808542224
135262,0.00024551092653338143
135263,0.06235308922527721
135264,0.00037885712436165104
135265,0.000141562880281303
135266,0.00019900569402726034
135267,0.0010300512081182777
135268,0.00030864309449452954
135269,0.9894463859765196
135270,0.0011784084175379369
135271,0.0013034009030388751
135272,0.9922081886650892
135273,0.00046371575237792495
135274,0.0008309723901164888
135275,0.0006396740874636404
135276,0.000309388082113362
135277,0.006642414732158533
135278,0.0003780994357062018
135279,0.0005447430775616977
135280,0.001977974209184375
135281,0.0010960295914467823
135282,0.0007108744646708314
135283,0.0003976982083564449
135284,0.9904742006698144
135285,0.000996338538777401
135286,0.9874143006097883
135287,0.00022675796764476272
135288,0.0012005901984665553
135289,0.0014045801229769527
135290,0.0030721821886832666
135291,0.001136268899215666
135292,0.99766760179337
135293,0.07644999779254671
135294,0.4495326903065438
135295,0.0008148521378660885
135296,0.0002263109388750503
135297,0.0002008349763513968
135298,0.2905924506539559
135299,0.0017180666074170098
135300,0.0032734468841835724
135301,0.0003629210766404587
135302,0.0035847926867921373
135303,0.003433231800175451
135304,0.00029867511930656835
135305,0.006384755987440668
135306,0.0005769774324414067
135307,0.0011417434771489653
135308,0.04857565852177649
135309,0.0010223075994203604
135310,0.0003337530108685111
135311,0.0003842685757568004
135312,0.005107605540540709
135313,0.0005922980496693414
135314,0.00030537620280412565
135315,0.0009235238527266005
135316,0.0005823930657885725
135317,0.0009210466164303723
135318,0.0016149567987578434
135319,0.00018800220265915548
135320,0.004067648712043824
135321,0.9851617542054896
135322,0.9268408113165103
135323,0.0003425860948930962
135324,0.0002418138256809051
135325,0.0003539566011096853
135326,0.0002790552471689956
135327,0.0011053675273034397
135328,0.00022717746810719782
135329,0.0020991132830279207
135330,0.00023177698589493904
135331,0.18117713927018064
135332,0.0002823601742958942
135333,0.011755084707356138
135334,0.0002615366221185225
135335,0.00806882161198508
135336,0.0011219709597908528
135337,0.0002766887457804084
135338,0.00047071180612881904
135339,0.0001998440211972966
135340,0.00034995667393291507
135341,0.0003675062335683894
135342,0.0005883115204009345
135343,0.00016481776787905048
135344,0.00015170046839710924
135345,0.0002498928233196398
135346,0.013089909199751542
135347,0.0001429809129300035
135348,0.008230085712470274
135349,0.0005956163141720281
135350,0.0002198919897571155
135351,0.0003092933552951607
135352,0.000321032623349355
135353,0.001731164591711132
135354,0.0028965607594046406
135355,0.0022657626528129787
135356,0.0054798263376953284
135357,0.005278289439794903
135358,0.0006815468080470908
135359,0.00027742218883795204
135360,0.004617911046193652
135361,0.00042933952647178586
135362,0.7635379775860859
135363,0.0003604314460452493
135364,0.00017280793577928216
135365,0.0017645235178383283
135366,0.9967837513192226
135367,0.013236685786850829
135368,0.00027542667064045067
135369,0.001352485544417838
135370,0.9885338210712208
135371,0.0017756545965908169
135372,0.002498046681109693
135373,0.031187593839879877
135374,0.0001943814452293096
135375,0.023495331439205177
135376,0.002968324883928541
135377,0.0015744591095925567
135378,0.031093665866702234
135379,0.04213321286314807
135380,0.003231708506507366
135381,0.2536049809502385
135382,0.0001616337944853646
135383,0.0035422290436571435
135384,0.00017343016204394017
135385,0.010613050208255684
135386,0.0009046449763164475
135387,0.00040726899094312467
135388,0.0004367871154327091
135389,0.013952536421785186
135390,0.06920713151553173
135391,0.0003277274831943892
135392,0.0010474785977612885
135393,0.001133096587454629
135394,0.0004340307412032541
135395,0.003352740465441373
135396,0.0006698640607767685
135397,0.9921511685264143
135398,0.2617245451744393
135399,0.0003104403886010204
135400,0.0003795447442667827
135401,0.00021695317372376916
135402,0.000139920263675037
135403,0.0021356115314594215
135404,0.0011841424948234838
135405,0.00017935818640943057
135406,0.0004719109895722612
135407,0.0021743778504412447
135408,0.0002697639363476106
135409,0.006373217549136622
135410,0.00023499324268996493
135411,0.00016032404586209848
135412,0.004516742433008637
135413,0.0001769368126936593
135414,0.0004443395670375113
135415,0.0004836110148085083
135416,0.00045800806474001905
135417,0.018982418735009523
135418,0.0031090611062251847
135419,0.0005502715714822952
135420,0.0004972537203495395
135421,0.008099287651636658
135422,0.000218334267802029
135423,0.0001327371097865448
135424,0.004954096583807181
135425,0.0010966079456506991
135426,0.001591803243271757
135427,0.0007701779285303554
135428,0.0010531404370565257
135429,0.00035610380508419704
135430,0.0005313417573160631
135431,0.01897975924545848
135432,0.0010218966195745718
135433,0.0002683674757662178
135434,0.30291055589829535
135435,0.0005381530068757405
135436,0.0006022998085913403
135437,0.042723129599166035
135438,0.0014185885687311528
135439,0.00027962709439166843
135440,0.9961754873929367
135441,0.007911548534607425
135442,0.0004519606067830492
135443,0.0070067726377004095
135444,0.10801577245837592
135445,0.0002270722620133712
135446,0.0014839953362118625
135447,0.0007489755393316437
135448,0.012163601818478177
135449,0.014852760493921346
135450,0.002042176993290488
135451,0.004259727813396599
135452,0.04041484071039071
135453,0.0012153432185832407
135454,0.0025166977420919136
135455,0.0396904289792694
135456,0.9446440573711509
135457,0.001675925772642235
135458,0.0016772620201122568
135459,0.9836280239703628
135460,0.0017252122941205518
135461,0.0007001836612876289
135462,0.02933652856927715
135463,0.013531797332313428
135464,0.005808547089144014
135465,0.00030749610139866224
135466,0.011193986297886668
135467,0.01770972236761935
135468,0.00045962771462318435
135469,0.017183602780900076
135470,0.00041771826549502817
135471,0.0005630815663987948
135472,0.0004910102697206372
135473,0.003908758099780734
135474,0.00043189186345217706
135475,0.0016948671272354978
135476,0.000605616334608758
135477,0.011504618074031787
135478,0.00020062190183003307
135479,0.00021170005380738536
135480,0.0008002431294856857
135481,0.0003124950316437305
135482,0.10648889448520589
135483,0.0003126084488381815
135484,0.7932069926707599
135485,0.0009070143689437583
135486,0.002069371507132914
135487,0.06833437396739694
135488,0.00022279138692623526
135489,0.0006281490445326857
135490,0.00044223666507543243
135491,0.0016893979154868352
135492,0.0008864874821698197
135493,0.0015913901620839372
135494,0.00030385113292927534
135495,0.006446969578872026
135496,0.010141693265076863
135497,0.009248304846588484
135498,0.02194033666050803
135499,0.00021547320322872076
135500,0.062125855076458035
135501,0.9884811036044552
135502,0.001701195731246935
135503,0.992531873520335
135504,0.0008078247238901409
135505,0.0007710837781484037
135506,0.9956654985758514
135507,0.0023030048600513925
135508,0.001424554788152869
135509,0.9944224718171746
135510,0.0024307020350072548
135511,0.02107324084729189
135512,0.00017932296213077727
135513,0.0004521548389609856
135514,0.0069559749387042204
135515,0.003451683347284464
135516,0.0003228606501287019
135517,0.9018212044249448
135518,0.01682538750393667
135519,0.00022103966414182972
135520,0.0010097167546151194
135521,0.0019985307733329156
135522,0.9387542651156514
135523,0.9845126840411141
135524,0.000945798506965735
135525,0.1032311363742287
135526,0.015598316672068704
135527,0.0075919556013019085
135528,0.03021165836438143
135529,0.00024032402160929078
135530,0.000623147829452454
135531,0.00029881485316850677
135532,0.00039970670867601967
135533,0.006787218248165057
135534,0.00013936693991988054
135535,0.0014318478531336627
135536,0.00019497419014419368
135537,0.00019491642070468753
135538,0.09477693373007046
135539,0.0010326564827465871
135540,0.003259895060333716
135541,0.9885136688270826
135542,0.00033490404310877644
135543,0.001096668416396183
135544,0.9710594408139976
135545,0.9780416335392144
135546,0.013505954344946799
135547,0.14923864050816876
135548,0.0008960015050443346
135549,0.0005764156580696083
135550,0.0028425420602784437
135551,0.0005290366003598973
135552,0.0006654613392016814
135553,0.0017790465234425639
135554,0.0011230522935346376
135555,0.0005916450574998065
135556,0.00021609917886767694
135557,0.00025116446067198104
135558,0.9874271571482072
135559,0.01705089079858109
135560,0.0013168992378979492
135561,0.0028162452109711704
135562,0.0011629091651499423
135563,0.0006679028470592055
135564,0.00020449397507507706
135565,0.0016850485138501148
135566,0.0014015752472708591
135567,0.0003012903161099182
135568,0.0005749944037985515
135569,0.0004071247473174044
135570,0.0006196957139256431
135571,0.00021862129877531735
135572,0.0054868279623864384
135573,0.9896209465843309
135574,0.00016276162962371223
135575,0.0018068158668803945
135576,0.010912412791496552
135577,0.001390423666914365
135578,0.16636018815177359
135579,0.000842436317270649
135580,0.3278066879735276
135581,0.0003067459353155254
135582,0.00014157455236545892
135583,0.00025963843414947594
135584,0.03154931090373301
135585,0.0007923533211075543
135586,0.0015796151753894286
135587,0.03752658094165736
135588,0.014816763870793368
135589,0.017239297794485697
135590,0.017175277142486383
135591,0.0011264108377765066
135592,0.006001140268467629
135593,0.07190658956858936
135594,0.0007170755747584482
135595,0.0016171490079362435
135596,0.0015572584337049994
135597,0.001281097335251414
135598,0.00020705843261753368
135599,0.000363420720199102
135600,0.0008133419795000872
135601,0.9931895282348089
135602,0.006062787633470679
135603,0.012221635781389732
135604,0.9832941768782556
135605,0.004623349092054844
135606,0.37146847662622384
135607,0.9709559668716748
135608,0.00030405671287237363
135609,0.00023366346010607274
135610,0.00045502685196780027
135611,0.0005164628778458177
135612,0.006320166675341533
135613,0.0021574512510720715
135614,0.00031326569119068516
135615,0.000687773477024955
135616,0.7736182413789617
135617,0.0002452800145336755
135618,0.0006496131613609998
135619,0.00012171817602742365
135620,0.00032783949972034075
135621,0.0012068010152202623
135622,0.0015863304617168591
135623,0.00039088439481247696
135624,0.00026415546223880774
135625,0.00915549064393963
135626,0.00823545281075608
135627,0.0020025404209609663
135628,0.0017931951609843613
135629,0.015071119069751235
135630,0.9945775015576639
135631,0.008479758373033913
135632,0.011803935387918737
135633,0.0002842555166589212
135634,0.9929285146308787
135635,0.0005649812198749297
135636,0.0032646518259851908
135637,0.004746705311821796
135638,0.12230681739720332
135639,0.008118428951696467
135640,0.026997764237232668
135641,0.00034919990779523234
135642,0.0017628521135856939
135643,0.9944242924646257
135644,0.00017992573279492342
135645,0.00030269786494485895
135646,0.0009770384011452173
135647,0.0011455971323688877
135648,0.001613659720413181
135649,0.0002826300121616338
135650,0.0019110382991815813
135651,0.0007655549797379192
135652,0.00018049000105516128
135653,0.00021906777070723036
135654,0.0013971250563116389
135655,0.12045124146226897
135656,0.01125209569917987
135657,0.0017868137476986037
135658,0.011324507102637644
135659,0.00041524341559216727
135660,0.0025356198328862637
135661,0.00014037425970294255
135662,0.000946783865894814
135663,0.0016922297178503976
135664,0.00020242154428053386
135665,0.004727299650207276
135666,0.0009758591880871944
135667,0.0003575198317900938
135668,0.0015650543498924503
135669,0.0036621893586309615
135670,0.07793538325439571
135671,0.007688198209583908
135672,0.006408595897293286
135673,0.002005296158131608
135674,0.0006472864709888865
135675,0.9744026615486511
135676,0.00816895937654473
135677,0.0003009006486951747
135678,0.012657511014491463
135679,0.003200868408137292
135680,0.0011491071729786235
135681,0.45934602422531784
135682,0.001147805911569277
135683,0.00041942463113976973
135684,0.0017371974921921737
135685,0.030578769380125707
135686,0.00021326377364801362
135687,0.0003056110663930794
135688,0.00025372231239167954
135689,0.00017392735944463258
135690,0.5952231988467632
135691,0.0007012038032961693
135692,0.0021748990903682334
135693,0.9779017177135948
135694,0.09909847869538532
135695,0.008490696400488806
135696,0.029432902353951997
135697,0.9857263686254703
135698,0.9840412792622891
135699,0.0018669135336344806
135700,0.03711336707871163
135701,0.11128144135660621
135702,0.00045432820553897364
135703,0.06128813831191627
135704,0.0009317879986434802
135705,0.020664596365843297
135706,0.0013368342902860511
135707,0.0018355027876814645
135708,0.00146207506551206
135709,0.001131729536985537
135710,0.0030931257856373134
135711,0.9846790152594707
135712,0.00016711413833769712
135713,0.005279671939833818
135714,0.0006240178215437444
135715,0.00017051568743655212
135716,0.0017582543216167375
135717,0.007330519334087465
135718,0.008598885998075389
135719,0.0003229975108590705
135720,0.00038510033621143855
135721,0.00039396553010282337
135722,0.0002322695619508784
135723,0.002693270702742468
135724,0.012101528292207899
135725,0.002327838599459254
135726,0.056680257273246645
135727,0.0010791196543668597
135728,0.00493249304975773
135729,0.03331168987030977
135730,0.0004049788453635158
135731,0.0005041055300745174
135732,0.00035220249620342907
135733,0.0022638904262694505
135734,0.9863568683378184
135735,0.00025543096711891453
135736,0.9721862758997545
135737,0.00038778991777214494
135738,0.9902442191566468
135739,0.010933752068038443
135740,0.0005030217540114133
135741,0.8308610890581016
135742,0.0009651903446401235
135743,0.0004538979581112006
135744,0.00546899101403791
135745,0.008776709753835907
135746,0.0022066472864871655
135747,0.00012232281111691193
135748,0.022210178643125432
135749,0.013239741680586005
135750,0.004730581998310367
135751,0.0006410352765551799
135752,0.0005446800517036856
135753,0.00039352936169232414
135754,0.00023100453777451124
135755,0.0023612816831720825
135756,0.0036406859058814417
135757,0.0002407568275300826
135758,0.00019615670065491658
135759,0.0009668993235097447
135760,0.00022644493086052155
135761,0.003606871054489569
135762,0.0008872423531035621
135763,0.0017382408670410239
135764,0.9914664581651539
135765,0.9693911438624832
135766,0.9152515099372164
135767,0.0013873104571590312
135768,0.004432471305412832
135769,0.9773239705663278
135770,0.00029238608202551323
135771,0.0013548744377493733
135772,0.0004593670430765084
135773,0.0008054654490203181
135774,0.0029026202840580165
135775,0.0006807507428672686
135776,0.0027415317596454786
135777,0.7238857260242244
135778,0.09839400869065024
135779,0.0002531482580393037
135780,0.000185408138259443
135781,0.0004767244763769409
135782,0.015782153083118276
135783,0.0013350580240405066
135784,0.00035735691308453666
135785,0.9094539658020503
135786,0.0010669693315779878
135787,0.0003082206083520487
135788,0.00024100120196641112
135789,0.0002503698149824805
135790,0.00021941513876503856
135791,0.0014130780384372494
135792,0.00884560414342287
135793,0.0003248395315766726
135794,0.0008299309833787685
135795,0.0002730537717461898
135796,0.024752637184170746
135797,0.01673312102793265
135798,0.00819667526481616
135799,0.0009492875914014885
135800,0.007808984306416377
135801,0.0009250466950339663
135802,0.0003420549105287651
135803,0.00034850787661395673
135804,0.9908743804728067
135805,0.015161957981937904
135806,0.0003564318228272365
135807,0.08317450199247023
135808,0.0008449219527445513
135809,0.018330396203648718
135810,0.0024648668494222526
135811,0.0007443959197497151
135812,0.32051777778351015
135813,0.003931808152430321
135814,0.9862535773041311
135815,0.0003641152139700586
135816,0.00030956621069632817
135817,0.0005849035869827429
135818,0.005155389817177889
135819,0.9903470417054615
135820,0.000282420607159704
135821,0.0009187411786784442
135822,0.6482531915388746
135823,0.0005608131686099793
135824,0.9937864421396724
135825,0.003986775129296619
135826,0.1782507989120839
135827,0.0004087785785690787
135828,0.0005301883006610265
135829,0.017127185521920597
135830,0.0968336495129664
135831,0.0669657910091156
135832,0.0002273412007193695
135833,0.0008053967606714505
135834,0.0011016978023007933
135835,0.000672451781439778
135836,0.0009758100930768572
135837,0.0005071914004267762
135838,0.0024207864323889513
135839,0.0003649630790432273
135840,0.00042136286847254247
135841,0.0010046655394418075
135842,0.007316904279019567
135843,0.00031168198623126475
135844,0.00039804358645418724
135845,0.0399642001536919
135846,0.9916923968074339
135847,0.00999114160226391
135848,0.0002057030179619744
135849,0.002461379023757071
135850,0.0002215961709770883
135851,0.9916799257180705
135852,0.0003273171496334583
135853,0.0001828713398881748
135854,0.0002601529435166126
135855,0.0002708593570681661
135856,0.00017025391757664028
135857,0.00029837614959279246
135858,0.00046040397195944735
135859,0.0006988913557029931
135860,0.0005053019217210218
135861,0.010955188145064094
135862,0.0012365196876087002
135863,0.0006898664371053187
135864,0.0018666221030085369
135865,0.00018231575625632108
135866,0.00014538482645674427
135867,0.008127933395517324
135868,0.015865681446689022
135869,0.002514332532640338
135870,0.0035712746116681195
135871,0.00040148773086642447
135872,0.0002715525835497037
135873,0.0002498719209299533
135874,0.005472181976909392
135875,0.9858500139705086
135876,0.9925973750534487
135877,0.4078984001533759
135878,0.00042027803758263894
135879,0.001089346321231586
135880,0.02662445963261741
135881,0.0010308695632754742
135882,0.0009436208538438355
135883,0.00022323935176508472
135884,0.0004475701656418853
135885,0.0006461188777162331
135886,0.0014200599797696844
135887,0.0004663958975860164
135888,0.015348996806069777
135889,0.9554663780732702
135890,0.0009746222144783305
135891,0.0027460043625197115
135892,0.00020062287929515016
135893,0.00047409134351036875
135894,0.0014178309343407846
135895,0.00022665443364425976
135896,0.00048716329184333155
135897,0.0011474095603893602
135898,0.0005032135818130411
135899,0.001668001405523176
135900,0.0003283514775977144
135901,0.0003193853812133665
135902,0.0002043357068096895
135903,0.00023922716901106283
135904,0.0013176930720883327
135905,0.0006356113355153693
135906,0.0008634778860271541
135907,0.0024543508515195707
135908,0.0036968359225483384
135909,0.005960322792111002
135910,0.00037288096814869134
135911,0.0011020088922593322
135912,0.0022571211097548536
135913,0.9777017909789457
135914,0.0015955986200660997
135915,0.9772326399573312
135916,0.03062765811135906
135917,0.00034452162969441687
135918,0.0037072589076584876
135919,0.03691925262052213
135920,0.013898829260761351
135921,0.00036322754734599257
135922,0.0007306406728053755
135923,0.9804962951338362
135924,0.0003363167571025287
135925,0.0014219321104792819
135926,0.001245881280014751
135927,0.0003733781143489482
135928,0.0002008801182221621
135929,0.006548430280129422
135930,0.005942446085010156
135931,0.007457745255808694
135932,0.0012235430835076508
135933,0.00055660400961611
135934,0.007623566519411063
135935,0.013038757655527979
135936,0.07725708801664405
135937,0.015593564911730824
135938,0.08141294447600275
135939,0.000413970819351383
135940,0.002198703877162563
135941,0.9944113988248049
135942,0.004530431124526895
135943,0.0024259416402584257
135944,0.9952408229088714
135945,0.0005258444449683181
135946,0.0011433711109717724
135947,0.00216047467649435
135948,0.000569585566375977
135949,0.0001647024960378983
135950,0.0005685397501281016
135951,0.0007402002676335786
135952,0.9899876916340593
135953,0.0004351879325946957
135954,0.0006253003648748731
135955,0.0002178636271082802
135956,0.0017272489920571827
135957,0.0002017033404435937
135958,0.0009084206479085836
135959,0.00036306444722694316
135960,0.0022555795366981913
135961,0.9948378320131719
135962,0.0019912149368808856
135963,0.0007511770513357086
135964,0.0006661066765341053
135965,0.001594192611094083
135966,0.0006991120367172305
135967,0.002914810549052716
135968,0.000402316168975024
135969,0.9888482741644333
135970,0.07000100841499829
135971,0.0002645946128875078
135972,0.0022872407194935843
135973,0.0003727496584932302
135974,0.0009587759591933338
135975,0.00988031249660218
135976,0.0013161928104231196
135977,0.0012782994300723338
135978,0.0007579374243865483
135979,0.0002113356041985356
135980,0.006778228230909354
135981,0.011096818329326415
135982,0.0003313492018080694
135983,0.004348016080830865
135984,0.0006196676501303686
135985,0.09180703956046972
135986,0.0005566659789043555
135987,0.01515283021597315
135988,0.005114908319577495
135989,0.0001607167546579354
135990,0.0005521542956516043
135991,0.00024873907077932
135992,0.0018667561939593237
135993,0.9930622631052075
135994,0.0024993876653928745
135995,0.002550837529637089
135996,0.00765857690299061
135997,0.0007595687693220249
135998,0.008865342820013543
135999,0.00040585381239592
136000,0.007215221894178702
136001,0.00034955773127672484
136002,0.010367450775898875
136003,0.00021004331675877303
136004,0.0001630294011425213
136005,0.00042303544078096055
136006,0.0003870814709415954
136007,0.00042411993765477716
136008,0.0002797117112935133
136009,0.027822642067873837
136010,0.026669089480488715
136011,0.0007079071182228393
136012,0.0017405156526750837
136013,0.0005788823335538788
136014,0.00034933272841328314
136015,0.03818160962086258
136016,0.015468361427587993
136017,0.027073748042598083
136018,0.0008080314978069643
136019,0.00018301017427408193
136020,0.819946112264238
136021,0.00018763670742908285
136022,0.016080357116489093
136023,0.0004781427079076121
136024,0.0012008634610901623
136025,0.00034795789731124915
136026,0.0004354575983339768
136027,0.0003544214253328339
136028,0.8304011375104823
136029,0.04313826405690354
136030,0.00037660061909701724
136031,0.00037271005808227407
136032,0.0007413396231883952
136033,0.00040381284643720047
136034,0.018729548110070254
136035,0.00039737313965884435
136036,0.00049550940750855
136037,0.0008258493576504436
136038,0.047237398516245116
136039,0.0005591660252604069
136040,0.0006138001195057207
136041,0.00020493981141140647
136042,0.9833728928650411
136043,0.00024751164869372174
136044,0.00016126810819170785
136045,0.013760908211626604
136046,0.007411710308483616
136047,0.0010975273576692807
136048,0.00024407225855111876
136049,0.00029141476591177995
136050,0.0018641672336692638
136051,0.0008387889614084514
136052,0.00048037295161535337
136053,0.00043461517805542106
136054,0.0038874241512055242
136055,0.08580326988577897
136056,0.0008201783436951861
136057,0.003516592808049547
136058,0.0008991045607678907
136059,0.0010186167612796938
136060,0.002244490205616019
136061,0.9869304435635768
136062,0.0016089503562252815
136063,0.00019542915503129753
136064,0.00020900241664732733
136065,0.9902300407016007
136066,0.00041798603357892726
136067,0.0002602928148636561
136068,0.0006150812634962462
136069,0.011143852136614724
136070,0.00013416981759123306
136071,0.017187753009383994
136072,0.0010773853084215872
136073,0.0009670659748347962
136074,0.00042934254493104103
136075,0.0008722580156894377
136076,0.0016815788631172237
136077,0.03804817785400959
136078,0.0003518224674832278
136079,0.0006260833454108556
136080,0.02452951954758123
136081,0.0003904544423753959
136082,0.00011990685094270821
136083,0.00019311185728846937
136084,0.006616711376408167
136085,0.0035305111239327903
136086,0.0002196590350895913
136087,0.0009337422024697705
136088,0.000491592467414788
136089,0.00025345259663771985
136090,0.0012684656808184425
136091,0.001966925397556318
136092,0.00022740215653804075
136093,0.9894802866074601
136094,0.08602567271124373
136095,0.0005663633989752957
136096,0.00022992228247821687
136097,0.006306642133774004
136098,0.0013106778686110495
136099,0.0018196034431411784
136100,0.9889460005588749
136101,0.00047632737391058557
136102,0.0006468399403869904
136103,0.0012464572610099436
136104,0.0002098134781196474
136105,0.004416117324969646
136106,0.000854701768585263
136107,0.004778324040896761
136108,0.02628276791427254
136109,0.0013595535197538319
136110,0.0027871999412714737
136111,0.006531993339987259
136112,0.002596829431347463
136113,0.992922125005709
136114,0.0005188322136869682
136115,0.007992418822596957
136116,0.03658525403795585
136117,0.996518321198366
136118,0.003860460712711432
136119,0.00036140991520705167
136120,0.0003371219823067058
136121,0.0003017370094708934
136122,0.0004390930712480331
136123,0.0005009709168161318
136124,0.8860541812873772
136125,0.00016829544473714184
136126,0.07420592954485457
136127,0.009870236263071108
136128,0.00021651347350583588
136129,0.002900600981217277
136130,0.006069537492597892
136131,0.000521233819256178
136132,0.0006848597721948667
136133,0.0005227106316229188
136134,0.0003275866382298558
136135,0.00020983890669041568
136136,0.003461740665257481
136137,0.0002812928971142809
136138,0.0026718330652818053
136139,0.0018288358147487305
136140,0.0007332163505701975
136141,0.0006170248978267307
136142,0.0033028546799473905
136143,0.002952170291717498
136144,0.010753681459655282
136145,0.0011429869122500283
136146,0.0007469617356844198
136147,0.0004437075522816273
136148,0.00032365877314952655
136149,0.0005073093452564133
136150,0.08832249288741738
136151,0.0006847163095529645
136152,0.00018635608170653614
136153,0.0051934418567456545
136154,0.07973080981684733
136155,0.0007537373020137
136156,0.0006184710199943744
136157,0.0005582971720629037
136158,0.002099012870161953
136159,0.004724510613122955
136160,0.00034437627502669095
136161,0.004300645642572192
136162,0.013721425484330824
136163,0.0003437132966637902
136164,0.0002248908549681219
136165,0.0005420548119631353
136166,0.0012172800332167168
136167,0.009087993049826415
136168,0.02503475661369521
136169,0.0009427159000359981
136170,0.9927643625719946
136171,0.0001688236458579176
136172,0.0005315754036976021
136173,0.0006397163017875599
136174,0.000714504811225142
136175,0.0024390140160584343
136176,0.0003104266486745785
136177,0.002196480368540864
136178,0.0004075272081434731
136179,0.011846584724474534
136180,0.00015522685640370257
136181,0.0004496818825941976
136182,0.0004882569318331462
136183,0.00045920374444797493
136184,0.02474528854384531
136185,0.0029408930562107812
136186,0.0016515361891082834
136187,0.009055628622277448
136188,0.0007909457845037669
136189,0.04739622589246429
136190,0.0023655617667776127
136191,0.9809441732418059
136192,0.0036187885979757834
136193,0.0021313736618731125
136194,0.00039294117169329186
136195,0.0006062616441005189
136196,0.010213618148422253
136197,0.0006473847986935187
136198,0.0006308523726382753
136199,0.0023918318545430826
136200,0.0014228517865276912
136201,0.0009342308049407222
136202,0.0011018446084943693
136203,0.00584901500187959
136204,0.995814848249632
136205,0.0005831951767107764
136206,0.0017873192689875585
136207,0.00021006119456688793
136208,0.00017216316765701422
136209,0.00022317628313773654
136210,0.0002634628915809209
136211,0.04357246095787486
136212,0.0005758906774213922
136213,0.004032536037336426
136214,0.7138623154211072
136215,0.8716052915553903
136216,0.0004221533042742569
136217,0.0003050428295066762
136218,0.0008065543917545815
136219,0.00042176112068946096
136220,0.0011885063243333171
136221,0.0009318679147287283
136222,0.0072626606843274434
136223,0.002821042784900647
136224,0.0642699001134496
136225,0.0019986848569661093
136226,0.00024321397984090044
136227,0.000510904197734509
136228,0.06323402979205826
136229,0.0009362584221733397
136230,0.0007121814332996076
136231,0.9431591273268309
136232,0.0005990983338424633
136233,0.0023553055419459367
136234,0.017248922833718747
136235,0.000541598569731685
136236,0.056721193169756386
136237,0.0005746455977920909
136238,0.00040267282641846006
136239,0.006878195279201851
136240,0.00680717968237768
136241,0.0003614755397469987
136242,0.00025213601045354176
136243,0.9841639503452576
136244,0.0009485961911254208
136245,0.019952348048062327
136246,0.0003926912817252385
136247,0.9954719460222244
136248,0.0008106266776793389
136249,0.0026112364279287296
136250,0.0007210610836709083
136251,0.0009880603386474298
136252,0.00039268164362097474
136253,0.00034907756241078417
136254,0.000384381400631392
136255,0.0001206805544612401
136256,0.0004679923551936624
136257,0.0007185876825981302
136258,0.0006247442743419542
136259,0.00035781770691462316
136260,0.04760294458235264
136261,0.00023862983552699803
136262,0.0005146596805905598
136263,0.03606078617889928
136264,0.0006079642946716567
136265,0.0012532773510777922
136266,0.0015389796806733655
136267,0.0005557474678992783
136268,0.00042843280656894555
136269,0.0004286753051174481
136270,0.0003256506223369399
136271,0.0035173500270121887
136272,0.0636620317675662
136273,0.18602992307936134
136274,0.0009946568796221852
136275,0.0037923928317626036
136276,0.09706039016944794
136277,0.00026586382871934003
136278,0.00043056835277425836
136279,0.0003308221518599931
136280,0.0026812160462707096
136281,0.9849696461505532
136282,0.0020490387864090147
136283,0.0003103537982733608
136284,0.0028975185172212202
136285,0.00016189784062011221
136286,0.9002853928713068
136287,0.00034259825958962416
136288,0.0075899958595359186
136289,0.9874764567373695
136290,0.00024331667535946032
136291,0.00026191789238203894
136292,0.03979089306366375
136293,0.00020135241242704411
136294,0.0008649672610234878
136295,0.9828623658036415
136296,0.0003887105549500276
136297,0.9591802646617668
136298,0.004584870629765561
136299,0.0033572965640283913
136300,0.0012227396627711752
136301,0.001079210651842527
136302,0.002205739812411786
136303,0.0002570225276802277
136304,0.0011011229434198832
136305,0.00023723671622170718
136306,0.0006440434467612535
136307,0.9935809872051481
136308,0.001949831129237384
136309,0.00022240641034593575
136310,0.0005943423956172022
136311,0.0018133766152438893
136312,0.001810662134894739
136313,0.00032806785954103386
136314,0.0037927324377812544
136315,0.0009269069326050912
136316,0.9933479127395799
136317,0.0008210481888007133
136318,0.00040120751687125705
136319,0.0004492531646845533
136320,0.0006942303152603013
136321,0.00024021686821797033
136322,0.0019073965363626975
136323,0.00834087572626041
136324,0.9950150895589994
136325,0.0006875865800443552
136326,0.0013239927784090763
136327,0.4214812271793649
136328,0.0005860078247309266
136329,0.00022064990424798937
136330,0.01897662745480282
136331,0.03597572527666728
136332,0.9920864926249555
136333,0.008130653179175076
136334,0.0020581401601359028
136335,0.019283076655364398
136336,0.00016244670804803373
136337,0.25262732344777167
136338,0.0034890281689329674
136339,0.003078576848533209
136340,0.0012281320923892508
136341,0.0006281614674145401
136342,0.005988114993236664
136343,0.00044824135657815323
136344,0.001005723704711654
136345,0.0006304397131621798
136346,0.0005712000360387067
136347,0.9950928163623715
136348,0.0001153909417926935
136349,0.004617339100739274
136350,0.002585723336501567
136351,0.0006087883245060495
136352,0.0006936150714530152
136353,0.00022116756092295352
136354,0.0011003095368714313
136355,0.0005935546320918913
136356,0.0008939508762096886
136357,0.0007044789772843306
136358,0.00039704595779889597
136359,0.7793369135561097
136360,0.0009336300747667635
136361,0.00121088472120163
136362,0.018690559083044823
136363,0.016055413079867267
136364,0.0005383406155616499
136365,0.09729076938235748
136366,0.9795064806231111
136367,0.002680522370693366
136368,0.00018669374796831238
136369,0.00047134226027886343
136370,0.0013817335185632123
136371,0.0003778141329208137
136372,0.00029182193392933724
136373,0.0008947554803073772
136374,0.0005548475679228075
136375,0.017394622870889685
136376,0.9951187475455296
136377,0.0007598003080156815
136378,0.8673288374333363
136379,0.00037889612395987333
136380,0.0004950707811543484
136381,0.0001994833493859136
136382,0.018219534089014944
136383,0.0857309857742936
136384,0.0005726052291675903
136385,0.0010248376958971732
136386,0.000294639000469593
136387,0.0002799222933341682
136388,0.0002830986303041707
136389,0.00016448463077022114
136390,0.019064708860309264
136391,0.0003477651873127187
136392,0.0005592760401489568
136393,0.0002843705496829096
136394,0.031371855184031454
136395,0.01015831691598423
136396,0.00032907623500228893
136397,0.0002711698732352664
136398,0.05901529561352424
136399,0.007936130790298906
136400,0.002477773830906041
136401,0.4358339116567801
136402,0.005026048408620513
136403,0.0003884084452880383
136404,0.00022521573590141033
136405,0.98944575223131
136406,0.00130163043292087
136407,0.022244413261442598
136408,0.988567727422143
136409,0.0006478598189550145
136410,0.0005290419851227197
136411,0.06828972382580191
136412,0.0002638294448602993
136413,0.0008800694008112928
136414,0.005740660141762052
136415,0.0002251580441354397
136416,0.00423123503018571
136417,0.036141207265118165
136418,0.002960780828077432
136419,0.002022488425687637
136420,0.0015199290323555858
136421,0.00041705212855059373
136422,0.0001204974676558203
136423,0.9738214501469119
136424,0.0010765149891082727
136425,0.0031341338719584736
136426,0.001526171540601512
136427,0.0004929363323044544
136428,0.013809333453383879
136429,0.00016618469391099336
136430,0.0002476154893057756
136431,0.0008688330498655294
136432,0.9786488948741057
136433,0.9847367592958352
136434,0.0002077700201071159
136435,0.0013239534224094847
136436,0.0002219523223356014
136437,0.986290515008842
136438,0.015592921944578073
136439,0.0016975382788229371
136440,0.0007231268672738374
136441,0.01685273098431135
136442,0.00027427398171308036
136443,0.02446025095341868
136444,0.0025671698782433203
136445,0.9929135245293408
136446,0.000540908832449102
136447,0.0011684251509507
136448,0.9954642309623248
136449,0.015365740483006079
136450,0.9912943287713492
136451,0.0009111717597144098
136452,0.0006315148659197964
136453,0.0007478897031874221
136454,0.0007432707434039209
136455,0.9498938389235723
136456,0.016267304225678604
136457,0.02147718412297583
136458,0.0003367302320998215
136459,0.0001624970925655667
136460,0.0021662681980718444
136461,0.00021649347719066998
136462,0.006985179161091888
136463,0.0003441954890946206
136464,0.0003512700740362109
136465,0.03242911246403363
136466,0.0002746355885063846
136467,0.0003516100028632395
136468,0.0003084518725234061
136469,0.0007525789612245749
136470,0.00016317065653058933
136471,0.00011887613408109053
136472,0.00044113566363621884
136473,0.00028905961748329067
136474,0.0016230836670118169
136475,0.00042453674457527295
136476,0.0003779307731895389
136477,0.0003363272689053753
136478,0.001157615760171925
136479,0.00042627531988072385
136480,0.00022590849049570854
136481,0.0011610696116236396
136482,0.00527061894919062
136483,0.0003169625665098995
136484,0.0010818187481974068
136485,0.004464392467870629
136486,0.00029064059239940465
136487,0.0007366109607297803
136488,0.011806484224563247
136489,0.0003535608862318929
136490,0.0024333134672693446
136491,0.001244528188857157
136492,0.00034796032048887163
136493,0.0029583180541297577
136494,0.00016761109195255342
136495,0.0046027880951506036
136496,0.00024288079537203075
136497,0.0004597177821883305
136498,0.0005374952046496924
136499,0.0014630796706492926
136500,0.0006719201843434566
136501,0.0002877945953336763
136502,0.9873231361864578
136503,0.0006144456956346295
136504,0.9933522133486632
136505,0.9901976673534535
136506,0.00034682112644397376
136507,0.00012333500368244096
136508,0.0006817374938395096
136509,0.0009606930678055233
136510,0.00018516813442753127
136511,0.0005192738906424533
136512,0.00022850746304679768
136513,0.000249895422743728
136514,0.0031024515368256365
136515,0.043629952505023765
136516,0.0008302819560592033
136517,0.005500426428309718
136518,0.015470387716697613
136519,0.0002735392441425704
136520,0.00034863719116221985
136521,0.0013869232601352358
136522,0.9711119760051827
136523,0.0031511298429875963
136524,0.9817316931788784
136525,0.00022808872417754195
136526,0.0010074635330640741
136527,0.9848254493423899
136528,0.0004614621647696052
136529,0.00567101770945025
136530,0.0004237383516298549
136531,0.08593954933791327
136532,0.0003322138292994471
136533,0.00058076022984066
136534,0.005698123998357291
136535,0.0012671415427255974
136536,0.005287538184912871
136537,0.02479450119122349
136538,0.0009248262649054499
136539,0.000513510192294726
136540,0.0005003990761101172
136541,0.00041115162415177064
136542,0.9941679403822992
136543,0.0004279821195175267
136544,0.9864222597200801
136545,0.0015972798827730862
136546,0.002893352780813849
136547,0.01142132645823542
136548,0.02663550601604456
136549,0.0012782655474452775
136550,0.0007526718143593776
136551,0.0003238046955403414
136552,0.0027805571658498797
136553,0.00044108632447431204
136554,0.0006931720062421989
136555,0.00015614776640125957
136556,0.996578541892055
136557,0.000617399745030158
136558,0.012426046513936008
136559,0.9873811870668827
136560,0.0005114248085441833
136561,0.00034347585021179744
136562,0.0027766435397747063
136563,0.003942700140711933
136564,0.0002595694803236631
136565,0.010388580615855746
136566,0.0003513669048312062
136567,0.0013591842049141467
136568,0.8747635724167875
136569,0.00020044856006066334
136570,0.0006663624154454651
136571,0.000653528194647061
136572,0.00020606463872076183
136573,0.0005062346595904215
136574,0.9837507049574116
136575,0.002397063643504317
136576,0.0001521043638305444
136577,0.0005668560834128108
136578,0.0014460308783019863
136579,0.00019481261606210117
136580,0.007082761790504878
136581,0.9951044990906495
136582,0.0015384268560438962
136583,0.0017029362033537155
136584,0.0004893136497529232
136585,0.0043147259338356106
136586,0.000255728735375691
136587,0.009601294571351546
136588,0.0006448023123399456
136589,0.005658905907457516
136590,0.0018265689653304646
136591,0.9956971958176646
136592,0.00023386278876631164
136593,0.0018310820362087642
136594,0.9932137441207177
136595,0.008991934421475013
136596,0.0012513582711919965
136597,0.0006033477694593933
136598,0.0011115199561601665
136599,0.011108942755122489
136600,0.0004557505261074756
136601,0.00026786591533694274
136602,0.989253229566204
136603,0.0004210577667301773
136604,0.005104288696081211
136605,0.0013431411908858537
136606,0.00036015020576997566
136607,0.7989861624143182
136608,0.0003990456370589544
136609,0.00017529727896733153
136610,0.07916145095340836
136611,0.815312090453349
136612,0.011006852643147545
136613,0.0007227846945530298
136614,0.001750616755172811
136615,0.007339195648987662
136616,0.0010429152592952465
136617,0.0005435304034400457
136618,0.0024447963264637466
136619,0.010241189105831352
136620,0.006328904937898199
136621,0.004442456296646547
136622,0.00015727535388291656
136623,0.0007097296275413537
136624,0.006749691355765274
136625,0.047830557867549674
136626,0.0027157497120009425
136627,0.0010950042000967227
136628,0.016891870474453584
136629,0.004659897002538184
136630,0.0003517902605519989
136631,0.0005995277967892444
136632,0.0009530983040062803
136633,0.0010371483101632739
136634,0.00040002999711843154
136635,0.0002976934523963993
136636,0.00627667595378419
136637,0.0005351576719803905
136638,0.0008070525579671889
136639,0.0002287110079079402
136640,0.001461941327852698
136641,0.007484330179658054
136642,0.0006735258330302701
136643,0.0009724359993608918
136644,0.00063746956204622
136645,0.12689587460892943
136646,0.0012089211487910786
136647,0.00024499736216948895
136648,0.00021074038891066488
136649,0.9610787029056894
136650,0.23517095995365528
136651,0.6452566740324636
136652,0.00033529431840557576
136653,0.0010011526262178611
136654,0.0016425750604411912
136655,0.00027920854260067124
136656,0.0007526618606236987
136657,0.0003520094317184576
136658,0.0007026466327028443
136659,0.00033934640123602046
136660,0.0005091890475317075
136661,0.005639756331068518
136662,0.0001780684553164229
136663,0.0003484553471999959
136664,0.9954395335170598
136665,0.00025560982630990056
136666,0.07622633417213391
136667,0.0006043546742025564
136668,0.00025701863676284517
136669,0.0006937293314299914
136670,0.013467081989654196
136671,0.0001327756303656704
136672,0.003478028283286618
136673,0.0014744798806117048
136674,0.00030198493183744227
136675,0.9904393076193159
136676,0.0003949706073213871
136677,0.7935245667712265
136678,0.0005410006280399333
136679,0.407521212032287
136680,0.3687665711156763
136681,0.000751295242277733
136682,0.00017059650205425385
136683,0.0016060284348050125
136684,0.0006331103168532069
136685,0.05303062328952265
136686,0.0048323197568047845
136687,0.0017536321633723503
136688,0.0003572114084155331
136689,0.0003681484503220144
136690,0.9778631613759207
136691,0.01145128830713769
136692,0.0032933720672573496
136693,0.000406707231824658
136694,0.991146152180915
136695,0.07710039886533518
136696,0.00022641870042572029
136697,0.0005786262372749919
136698,0.0019534582236590222
136699,0.000728348513769855
136700,0.0019025865972243843
136701,0.0005306714348688253
136702,0.008053211660700063
136703,0.00020459473714949525
136704,0.009810183953488226
136705,0.0005562277081445373
136706,0.0005462087097363048
136707,0.0008233192364036123
136708,0.0005630413629843261
136709,0.0010512460323272728
136710,0.005156809727615333
136711,0.00027623530514457096
136712,0.005079602636574886
136713,0.0005952782512439201
136714,0.0008992886247083587
136715,0.01714860199780971
136716,0.011232260656159166
136717,0.010740689590152747
136718,0.002783367944899664
136719,0.030090309350601356
136720,0.040533197951807036
136721,0.003421705806609299
136722,0.007735795831302932
136723,0.005633868872244015
136724,0.042593063964518306
136725,0.0004582999290804876
136726,0.001323434455813723
136727,0.9831062939487422
136728,0.003351725826185532
136729,0.002228565640630102
136730,0.0014061595632015615
136731,0.994191076376302
136732,0.001640622228521289
136733,0.0006191863900462322
136734,0.05232386641002038
136735,0.00034080518824085597
136736,0.0015751713839744434
136737,0.00248032745366267
136738,0.0004931825731131216
136739,0.0019160850807614196
136740,0.02434892332919198
136741,0.0001969343667605754
136742,0.0023674751107142906
136743,0.00043308121261270916
136744,0.9200616280522546
136745,0.00023614011196237763
136746,0.34058375265085705
136747,0.007023545823916791
136748,0.0013781334918063334
136749,0.0003458966294372278
136750,0.9906858930287836
136751,0.0030483259385076502
136752,0.0184984192849347
136753,0.00017820819058725294
136754,0.002620456130720114
136755,0.00021208813020635623
136756,0.014385267472661773
136757,0.0008958444628795268
136758,0.00090173366787097
136759,0.06434989871631731
136760,0.9937698172068683
136761,0.0010211659877569633
136762,0.01450766384413161
136763,0.0085980589973787
136764,0.0008248921463122344
136765,0.03591767618406742
136766,0.0009208425034805846
136767,0.0005526859220338601
136768,0.0015155050091901234
136769,0.0005800090315489398
136770,0.00183431539456994
136771,0.014318837832348868
136772,0.0003573243612211687
136773,0.007752716304766357
136774,0.010118042682698029
136775,0.005506435881553754
136776,0.0002442712914754299
136777,0.15451215712059346
136778,0.0002989855505278729
136779,0.0002615054182270233
136780,0.00038649242810188234
136781,0.00018157773907388688
136782,0.0013768542486553006
136783,0.0020440315103506966
136784,0.0006231084411798102
136785,0.00036574012581447514
136786,0.000453062277695179
136787,0.00540150788913699
136788,0.00034027027277695764
136789,0.00018767054781415235
136790,0.0004765138517555544
136791,0.0062896913005221385
136792,0.0007410770400528699
136793,0.00026260299779724047
136794,0.0004086133815598106
136795,0.0019914302238570746
136796,0.00020063934517408757
136797,0.0002988263803688593
136798,0.0006089067463949333
136799,0.07804387697388852
136800,0.004955225023596217
136801,0.9852819476236582
136802,0.00029291078684756254
136803,0.021562063677174
136804,0.039062769450033556
136805,0.0004057813584972731
136806,0.011075070858142709
136807,0.9855692955857394
136808,0.00033325455549963745
136809,0.0004533193862603212
136810,0.0036218328758818056
136811,0.11033975819899017
136812,0.015220981974591296
136813,0.0018730586298685
136814,0.9764058651701689
136815,0.0031812140481202564
136816,0.011394754213495615
136817,0.0027086491003769455
136818,0.0020354693172346156
136819,0.008159045650542188
136820,0.9920834553422437
136821,0.0037113495465803665
136822,0.04533440680038063
136823,0.24947123821951162
136824,0.0017834245690792985
136825,0.986698728685257
136826,0.0003332536778605936
136827,0.001280336464936611
136828,0.0015647775649840884
136829,0.003918427474560421
136830,0.9752850922004294
136831,0.0026254821293643375
136832,0.00035809742201519057
136833,0.006669061155636901
136834,0.0026581408421873657
136835,0.00019679107637595169
136836,0.015351843463601529
136837,0.03726475456959261
136838,0.0013537962066937227
136839,0.0006721150414362892
136840,0.0014817673474364216
136841,0.014696520191789455
136842,0.8395849206084691
136843,0.9925767550831657
136844,0.010219753492977416
136845,0.0017267823205734674
136846,0.00042449445342309825
136847,0.007224989237809661
136848,0.0004941701073247691
136849,0.002226104923008428
136850,0.0003037095463075661
136851,0.00017832190017076787
136852,0.0009197296045282432
136853,0.00014663493704111745
136854,0.00024659995906084237
136855,0.0003285438790423654
136856,0.005373260643676186
136857,0.00037225676537782834
136858,0.00044632124250933543
136859,0.00016781845306007714
136860,0.00288329772332114
136861,0.0008012276851461657
136862,0.022406983957339557
136863,0.001203879596156948
136864,0.00030039098704494636
136865,0.0011196279579003337
136866,0.002556347510065263
136867,0.000587562756649643
136868,0.0006118360905249239
136869,0.0009111954484849141
136870,0.0004296361207467698
136871,0.0002528142585496639
136872,0.00030657139912511973
136873,0.0016748795521312032
136874,0.0004475225221980345
136875,0.0023840513387366714
136876,0.00047208448020166234
136877,0.0003426000295132831
136878,0.0003272392756993022
136879,0.0011165934457835858
136880,0.00296068056999334
136881,0.0006657684319542415
136882,0.019524272095737424
136883,0.0007077714086538765
136884,0.0041521013165278986
136885,0.0026082169966127264
136886,0.0006928538720679855
136887,0.0014267594766701492
136888,0.0005185252686091079
136889,0.028302315374901178
136890,0.00032174668022326664
136891,0.00025981906660694164
136892,0.9931083607949998
136893,0.010428995354581898
136894,0.0019105205112841669
136895,0.007720710385082374
136896,0.0007367294257758739
136897,0.01730946822275642
136898,0.0007466359175882679
136899,0.005690444043125508
136900,0.0007719947879878126
136901,0.0007410142772418297
136902,0.8674249138057368
136903,0.0005979356927590317
136904,0.00024970065043065204
136905,0.0003753651041266637
136906,0.006231679294500917
136907,0.053441879961345695
136908,0.02367709774810347
136909,0.0009136790249312291
136910,0.00764422585407731
136911,0.9819300770043674
136912,0.004594528186789053
136913,0.002673668137099975
136914,0.012632387010664605
136915,0.0033355403582589625
136916,0.21086763290426325
136917,0.0005006929692536355
136918,0.016451298727891688
136919,0.00044671588878839177
136920,0.006208101314839562
136921,0.001955566203358068
136922,0.00034868112111540166
136923,0.0009781371156355192
136924,0.0010732013087649862
136925,0.0016159371002888224
136926,0.0003462477970788244
136927,0.0004458302032886477
136928,0.00039962748861973533
136929,0.0015162057395470131
136930,0.1186194914954414
136931,0.0007152535293690852
136932,0.01992032532199962
136933,0.024463159857757846
136934,0.0003835640868898045
136935,0.00039703859920343275
136936,0.009447149720355963
136937,0.00037379798560206094
136938,0.0003302389065323421
136939,0.9710705914077873
136940,0.0033924523919412215
136941,0.0006622377019114063
136942,0.0031451642876419695
136943,0.0003966798600317114
136944,0.003536329041621356
136945,0.007174174953423616
136946,0.00040979853504854286
136947,0.9850599516713716
136948,0.00025987246551274865
136949,0.0015909184227644814
136950,0.0042509929732534955
136951,0.0007012421775735083
136952,0.001428902327894292
136953,0.028012098256538765
136954,0.001381956643177247
136955,0.0011381352034145725
136956,0.0020020834923049334
136957,0.004173746695502758
136958,0.0004712373865155061
136959,0.0004978394853477538
136960,0.12834064634798073
136961,0.0012169418583169854
136962,0.02348862818672683
136963,0.00023437100146838464
136964,0.00022013922118409635
136965,0.000391234829087148
136966,0.02368211795734325
136967,0.000269751430820767
136968,0.0025839483143687957
136969,0.0009186942810472384
136970,0.00046365259776788873
136971,0.023743802757008645
136972,0.9968938582786478
136973,0.0005455793701758481
136974,0.4285453579351683
136975,0.0026529483049732546
136976,0.005341724454630367
136977,0.0005431422274310804
136978,0.0008253232966317731
136979,0.005729593062706857
136980,0.00016304101266045377
136981,0.0021278496751948425
136982,0.004636843973581152
136983,0.008000449325506507
136984,0.0010720374243350006
136985,0.011374222948809515
136986,0.15136289985979104
136987,0.9827043239414905
136988,0.9788605451258443
136989,0.0052691729573531194
136990,0.0014386160751652028
136991,0.00027182783644415936
136992,0.0467962951324896
136993,0.0003675195566287091
136994,0.0005925988026962366
136995,0.00041567719632339063
136996,0.010493661373350222
136997,0.9305903721238923
136998,0.0004992413537856261
136999,0.0010828014942179873
137000,0.0009841476073684016
137001,0.00031498743658344645
137002,0.005730404795909156
137003,0.0031918419185645638
137004,0.006357924238279297
137005,0.0017446666319360987
137006,0.007661891855467055
137007,0.0008456370257587778
137008,0.0019193455113420688
137009,0.0019802006309046147
137010,0.3837560555567238
137011,0.00033558855929028775
137012,0.9946359362321838
137013,0.0013569895798231607
137014,0.005722286419528085
137015,0.9948569949932614
137016,0.04939523470175257
137017,0.9472747265622659
137018,0.0003272232099731604
137019,0.000528546646438966
137020,0.0002524281183830625
137021,0.000776395716801791
137022,0.00021668127747739827
137023,0.0008187596017647082
137024,0.0009607203399612766
137025,0.0005106519576452907
137026,0.0011851507711562108
137027,0.00017441513180860708
137028,0.0010085186598063896
137029,0.2581375934554532
137030,0.24530859498680596
137031,0.006483665321830194
137032,0.0013423367721145817
137033,0.0004075972114422972
137034,0.011881912784754207
137035,0.00022258918346046268
137036,0.00027245025833044556
137037,0.0003694101275053977
137038,0.004648196918204169
137039,0.9785830903479799
137040,0.9955957645896091
137041,0.0007200334324818816
137042,0.0002410203006366198
137043,0.009949725840136406
137044,0.00024828793258145767
137045,0.0073945624661897955
137046,0.7626006863019684
137047,0.9947211753826263
137048,0.000603918301971595
137049,0.004635193228374267
137050,0.000608753947308771
137051,0.02276525953270458
137052,0.0007642686212429958
137053,0.01908400608680485
137054,0.0028959106639524657
137055,0.0001672938193800448
137056,0.0005617343965408964
137057,0.000609571349514005
137058,0.00042537824065086064
137059,0.0023281991562944327
137060,0.014324084733103468
137061,0.029877911269965224
137062,0.0009028220308279687
137063,0.0026795225469480777
137064,0.9943906901374256
137065,0.011569800372450667
137066,0.0004049194568485561
137067,0.0022872662486287153
137068,0.2820033520408792
137069,0.010415647286906462
137070,0.000756724218192839
137071,0.0005124519159905568
137072,0.0777454247192598
137073,0.0002690359014376204
137074,0.009771514874914634
137075,0.019871213496495625
137076,0.00030911260706489705
137077,0.0006373074133656915
137078,0.005553112029442189
137079,0.0016984379400647495
137080,0.14648241164846665
137081,0.0006465265116489775
137082,0.0007119777729214462
137083,0.0007304736152608184
137084,0.000828099495436852
137085,0.010314725477115162
137086,0.0003342767524890762
137087,0.0003485151653466163
137088,0.03959901702465188
137089,0.0017271054546187418
137090,0.0010760171236405356
137091,0.0003857207053104171
137092,0.0018747461309504578
137093,0.001977353336464734
137094,0.0005316427136838977
137095,0.00037041898757384916
137096,0.9823577862185925
137097,0.003074405989829721
137098,0.002338336339494601
137099,0.00041304550330160033
137100,0.001129222359180498
137101,0.00024283533712456137
137102,0.00035324918328970414
137103,0.011091244454935026
137104,0.9926628581687306
137105,0.0006934107926663305
137106,0.9865713069659483
137107,0.00034921779661005036
137108,0.0021344080332231156
137109,0.0013947961722664112
137110,0.0003761629906426988
137111,0.00014918391791030196
137112,0.0001323852582496651
137113,0.0014648010789523394
137114,0.0009321891733714641
137115,0.987490948574081
137116,0.00026995565737549475
137117,0.0010053465919884642
137118,0.003150534065527455
137119,0.0013300250670564855
137120,0.0002833719170823948
137121,0.000529372821394664
137122,0.0003218910213694346
137123,0.0009748406090771699
137124,0.0006192701461706592
137125,0.0003620036243160436
137126,0.0003571319179024015
137127,0.005808412304324017
137128,0.0007081417856868859
137129,0.9763736439112857
137130,0.0005376554345007946
137131,0.00026421281509439383
137132,0.0007015600440529775
137133,0.9878159006730968
137134,0.0011219135995524337
137135,0.0017918986051926255
137136,0.0030789674503538963
137137,0.9883463107204445
137138,0.00041232992789179683
137139,0.06092636565450601
137140,0.00018085908682725457
137141,0.03326700749817379
137142,0.9935308734096412
137143,0.0009675733037840045
137144,0.0016323884515615247
137145,0.0771942740920048
137146,0.027093913905297102
137147,0.0012082256900896517
137148,0.0001342445332256801
137149,0.8611873977810175
137150,0.9860119077907799
137151,0.9826619701317865
137152,0.0009839945628886987
137153,0.021538286358585172
137154,0.0002943485294939168
137155,0.0008950630098765046
137156,0.9886880581642272
137157,0.009775423914610767
137158,0.0003090711589530242
137159,0.009968782858025797
137160,0.000518779787861727
137161,0.003529767544319435
137162,0.0009889081789363407
137163,0.9937650960153063
137164,0.010960691982249048
137165,0.16487741846833934
137166,0.0003715105353702361
137167,0.0006155342224109015
137168,0.9888607770119411
137169,0.018381626084552398
137170,0.0007816586621590673
137171,0.00018236209404733943
137172,0.0016882052925691136
137173,0.002232647351201608
137174,0.0012008177894346013
137175,0.008009386360166917
137176,0.00451719348711404
137177,0.002649533492505747
137178,0.0006135447901308227
137179,0.0021427989628101675
137180,0.0011633653636134098
137181,0.0002447913315143575
137182,0.00026472822002904386
137183,0.002454557267062574
137184,0.001053309003130436
137185,0.0007934585060863518
137186,0.006226448325060251
137187,0.0007793939928946707
137188,0.00018594269513328189
137189,0.00035003806723262604
137190,0.9939119984245937
137191,0.0003155474601683534
137192,0.00015316658662931676
137193,0.0009816833463598392
137194,0.003686478003810487
137195,0.00017794954004117267
137196,0.0008214117411912204
137197,0.0004146403979507515
137198,0.004339048935307053
137199,0.00011373307407280497
137200,0.0005590864332016179
137201,0.0006157742683582444
137202,0.0020945861129924104
137203,0.058242674594613575
137204,0.0004828702245957446
137205,0.00734476382205034
137206,0.000345784130996124
137207,0.00032761575887372304
137208,0.001074727077865051
137209,0.0017520058072657114
137210,0.9885997525153057
137211,0.00013982581404562512
137212,0.0016082839688483627
137213,0.00877552763622492
137214,0.0006572662044001117
137215,0.0010284360849453593
137216,0.00239411494591188
137217,0.0088006323305553
137218,0.00025296816273880275
137219,0.0005431615021295488
137220,0.004052222476518441
137221,0.0020931249794794663
137222,0.0012073814729870415
137223,0.005297613784720067
137224,0.005339019303680139
137225,0.0012331186338509611
137226,0.0015066046013702142
137227,0.003795843599691785
137228,0.00044770026888413684
137229,0.0025954887560240393
137230,0.041234575609014626
137231,0.0002688498379385641
137232,0.0004550297701918561
137233,0.0005471049560825975
137234,0.9885381628028694
137235,0.006523474267601263
137236,0.03216480444825282
137237,0.0015318003298472225
137238,0.0010856703301309137
137239,0.020921893421243856
137240,0.0017409240278842147
137241,0.00042809390279956015
137242,0.15614850064213429
137243,0.0003606520997039562
137244,0.04611151233797994
137245,0.0013113916580617866
137246,0.0016959352125197346
137247,0.0007017340482325384
137248,0.0008120595821245415
137249,0.0011320456054417876
137250,0.005106250441933797
137251,0.22266662569077503
137252,0.001589718866406127
137253,0.03177211393805784
137254,0.010577284514194053
137255,0.0002293935874486725
137256,0.014335007327807868
137257,0.0003096015476878399
137258,0.004110661660234952
137259,0.0004041612525748498
137260,0.0012199627642596775
137261,0.00877646571169683
137262,0.0011013581078259543
137263,0.0016217623501599578
137264,0.00037856182455320775
137265,0.00024800237121026873
137266,0.006446734111505599
137267,0.0005833503347207569
137268,0.005384930762447691
137269,0.0019501816238813702
137270,0.004890111430003027
137271,0.0005129838688194858
137272,0.018874428375444185
137273,0.005896717145073876
137274,0.0002862642378052934
137275,0.0006139555040886594
137276,0.00021387062080692487
137277,0.0002937565456989174
137278,0.002722844803861718
137279,0.0006602306047086939
137280,0.018999323764826374
137281,0.00021960648923709922
137282,0.013061937758915478
137283,0.0003712929652603096
137284,0.00018358626263465232
137285,0.9728022390309207
137286,0.0032827547507478737
137287,0.003974159736321179
137288,0.004173098234168942
137289,0.014426954006843518
137290,0.9881937030660197
137291,0.0002989006645770395
137292,0.0496201190665669
137293,0.012417082665663728
137294,0.0007255553407700698
137295,0.0002888936524810145
137296,0.010498655431840975
137297,0.0035926654614766348
137298,0.0005993962036959481
137299,0.00032607861575846266
137300,0.008363691899129942
137301,0.0006978632185015014
137302,0.0015444444018364505
137303,0.0020774277980746066
137304,0.0004989520545377023
137305,0.009335047386733488
137306,0.9936453256675524
137307,0.014169209617742005
137308,0.007127086131814722
137309,0.00033019957192568047
137310,0.0008888498555069058
137311,0.0005271474263798913
137312,0.00027982473317610725
137313,0.01505650040688421
137314,0.0006815842033620034
137315,0.990025072289758
137316,0.0002807557481410644
137317,0.0010358739053036342
137318,0.0009904009488462125
137319,0.0002454881641407045
137320,0.0010218346646523179
137321,0.0006537066049806623
137322,0.00020058626090350723
137323,0.00019755841867367399
137324,0.005824049703098753
137325,0.0004131835511848766
137326,0.0004232730330225109
137327,0.0021383023710439143
137328,0.0015169152458799637
137329,0.987381453098847
137330,0.01867357114379456
137331,0.0011579434439903961
137332,0.0002481954223872566
137333,0.00045312653892883514
137334,0.027508037192144067
137335,0.0004252767805213365
137336,0.000643427358482192
137337,0.0017320078693518945
137338,0.000286737453434353
137339,0.006189811586908197
137340,0.0023621985152489366
137341,0.9904331272346668
137342,0.0007805939162096377
137343,0.00012812881762080825
137344,0.001086856598151818
137345,0.008013941533347786
137346,0.0013162454654249791
137347,0.0010946446766450628
137348,0.00017452889636185775
137349,0.000955880088620513
137350,0.011020233339064862
137351,0.0014308407250864098
137352,0.0004455403871317125
137353,0.001353026080128814
137354,0.000306699082977277
137355,0.00048512187550390297
137356,0.0007160491662424568
137357,0.00028909189315199854
137358,0.0005011162947135964
137359,0.07884611285431388
137360,0.0020918575963280056
137361,0.008155619609433494
137362,0.00026817940571011596
137363,0.00028874029460753986
137364,0.00037745876740695374
137365,0.001728593794295545
137366,0.001078591683197632
137367,0.001177643679774859
137368,0.000686471345148683
137369,0.0010958439316291928
137370,0.32721059330801255
137371,0.0003699629235793083
137372,0.00018401891111006707
137373,0.021554317465023367
137374,0.008984510086464222
137375,0.3571984645414666
137376,0.0003608169882645136
137377,0.0002748438168804081
137378,0.0017076929390759804
137379,0.0003903315834362575
137380,0.0006694830490102501
137381,0.001254099672764999
137382,0.0009631082717828431
137383,0.03735985116996035
137384,0.003000954584602353
137385,0.00022746958414472093
137386,0.00030429001567623904
137387,0.031302315723103706
137388,0.0054610941872575884
137389,0.0002924825950330347
137390,0.00028556413193844127
137391,0.0015067118161002124
137392,0.0006843608806499549
137393,0.029195301524159566
137394,0.0023777738187828953
137395,0.007152347744402469
137396,0.00023347765933967834
137397,0.6360639759162376
137398,0.0009703719542478943
137399,0.019736368061265153
137400,0.006658477570633945
137401,0.008655293362664318
137402,0.00043621540730891977
137403,0.00043379213363398393
137404,0.00031405487285215473
137405,0.0020551764311297475
137406,0.012596183636838834
137407,0.5326122388282912
137408,0.000552797398920659
137409,0.0006430929899916746
137410,0.0005019716085177628
137411,0.13403259270176363
137412,0.0002600759808478974
137413,0.0007107933570279783
137414,0.04126180891835336
137415,0.010312595173199804
137416,0.000784712433764908
137417,0.009328300900068396
137418,0.000654928441741196
137419,0.02899957955085255
137420,0.008120817417139995
137421,0.0008160312646685003
137422,0.0008716612987440514
137423,0.06418207467897374
137424,0.029588536789219657
137425,0.00043501711308915967
137426,0.9771310504802398
137427,0.026305750456432218
137428,0.0003412046736285516
137429,0.01039454034230055
137430,0.9823859123835283
137431,0.015279862464485452
137432,0.16479909480482552
137433,0.0020100176707857098
137434,0.002798766113359663
137435,0.0005643574505429902
137436,0.00020778543679414357
137437,0.07018203462144677
137438,0.005112832944216209
137439,0.016535986886226706
137440,0.0007026103263560106
137441,0.957351707387708
137442,0.0008766127445643093
137443,0.00274290291498734
137444,0.00016695417140776242
137445,0.0057754173527437315
137446,0.9894331241568309
137447,0.0010950414713394093
137448,0.0009644135784465756
137449,0.5485710433821565
137450,0.0002505821413389932
137451,0.25747383095289267
137452,0.9961557234796075
137453,0.0009698596740514934
137454,0.7587813936394119
137455,0.0328506127803607
137456,0.001749604952195947
137457,0.0011927969413932371
137458,0.0012956273115843654
137459,0.02588093066117723
137460,0.0017412926301210894
137461,0.0007851270148616365
137462,0.000953423412386899
137463,0.0018810245300819497
137464,0.0010850052723435058
137465,0.054522234492610074
137466,0.0007742440439347627
137467,0.0005878094093553387
137468,0.000529327384143503
137469,0.0008539945371246292
137470,0.9948778918887274
137471,0.0006775616558059872
137472,0.0002684239556131807
137473,0.9893488723132402
137474,0.0027978505214283833
137475,0.0019169144668139942
137476,0.0005353696045766889
137477,0.00038096052983781605
137478,0.9676711009934179
137479,0.00018881247723871126
137480,0.001448973008675432
137481,0.00025322571375427323
137482,0.0005027526046928103
137483,0.0006825009496474805
137484,0.9894739010219302
137485,0.0010150525438203325
137486,0.0008035400328946328
137487,0.861640372704301
137488,0.010236619525795049
137489,0.0005212577680337421
137490,0.0020281889815876772
137491,0.0006067017052631822
137492,0.00022142081800089814
137493,0.0005835804948795924
137494,0.0015828465591087469
137495,0.000280143210837965
137496,0.007409736103650651
137497,0.00014001251141002776
137498,0.025443423708374494
137499,0.00018273962100139314
137500,0.0020525039189061953
137501,0.007441842068977926
137502,0.0033369377323310464
137503,0.0014439271986742268
137504,0.017868313967708455
137505,0.0001837155517559253
137506,0.00022453002788761335
137507,0.00019265836549999568
137508,0.8510314188826964
137509,0.0005823541857056167
137510,0.03095045609957519
137511,0.0011952210795199037
137512,0.00029200869970810825
137513,0.00024442088142145825
137514,0.02139055236422096
137515,0.002436258625490493
137516,0.022101435199313065
137517,0.0036966650188797103
137518,0.564710443185478
137519,0.0016498621096403007
137520,0.008940092202339728
137521,0.9885875018067093
137522,0.006297238877773611
137523,0.03315266619818186
137524,0.9876650007241367
137525,0.005761987633797855
137526,0.9846500653062382
137527,0.0002981404969028581
137528,0.0003805783323296436
137529,0.010814003177351903
137530,0.009272194165744246
137531,0.0003809960752319988
137532,0.0007771564815431152
137533,0.0008774666809191491
137534,0.0014522465835042026
137535,0.00037360042910726543
137536,0.0014356256960860712
137537,0.9868852824346216
137538,0.662825571838602
137539,0.9935208889796012
137540,0.0424959584152539
137541,0.0008835782732425572
137542,0.0004648860646490381
137543,0.0003223585783040568
137544,0.00028464950737482536
137545,0.0014399059156545173
137546,0.005298675151862786
137547,0.9865223898556407
137548,0.0029000595778534226
137549,0.009766393745938061
137550,0.01757183171151984
137551,0.0035337494371974255
137552,0.0013204301764577725
137553,0.00036065388146148665
137554,0.000945813060247409
137555,0.0003046247241821366
137556,0.004051143908603143
137557,0.003636630869859694
137558,0.004725921939426261
137559,0.001486628917096398
137560,0.9929194568556362
137561,0.0011533016271941103
137562,0.0013911053513794359
137563,0.0005513587004648111
137564,0.0010053273763987816
137565,0.0002486221933137114
137566,0.0030038658078711026
137567,0.9830136444525389
137568,0.004085583168872545
137569,0.0018577162537910022
137570,0.0016706257106045138
137571,0.00015916339481115703
137572,0.9968152198369883
137573,0.0004391258246838018
137574,0.0009835369812340436
137575,0.00039907570266691964
137576,0.0009428033241165335
137577,0.00029945034926505464
137578,0.0003451832576024098
137579,0.9902026471828734
137580,0.012046422594262364
137581,0.00010714568083581847
137582,0.0009310970287305143
137583,0.00018310501487211252
137584,0.0006665763508812327
137585,0.0005055328097342996
137586,0.0031060550017462637
137587,0.002781949926728997
137588,0.006052528202701137
137589,0.00026470170721096584
137590,0.008158174673888763
137591,0.00834680359562845
137592,0.001801102263611297
137593,0.004758205302623356
137594,0.0003366545384730952
137595,0.00020533902290760988
137596,0.027396509049335337
137597,0.0010365323883340157
137598,0.00016957122943760225
137599,0.00024528142842511014
137600,0.003800078079785657
137601,0.0001214784894688311
137602,0.003708611790313807
137603,0.00035828747591719757
137604,0.0007183388141483418
137605,0.0014737663182476366
137606,0.001093694691671547
137607,0.0035255449043829767
137608,0.0009449017568770505
137609,0.0005620343159766123
137610,0.022686366184555534
137611,0.0007321671140524972
137612,0.0022265987435239917
137613,0.0013318760834624454
137614,0.0011490652707296441
137615,0.004836425351941158
137616,0.0004735751953038701
137617,0.0017926763441683704
137618,0.0010594667643836176
137619,0.0002686032507483081
137620,0.003451326978931883
137621,0.030214419582672267
137622,0.00029440101255648706
137623,0.0005571290011164262
137624,0.007416638396019607
137625,0.02130461766479362
137626,0.010281176089231589
137627,0.0003756954775305721
137628,0.04961113487795481
137629,0.013599289877029823
137630,0.002328195903067197
137631,0.024237953462938448
137632,0.0003724407753329762
137633,0.0037257105945847444
137634,0.00013873532644251613
137635,0.00014806845026089777
137636,0.9941592734018505
137637,0.0015277334682489425
137638,0.009541187955582963
137639,0.00034366561853665267
137640,0.0016293691921513982
137641,0.0017470382295158404
137642,0.001344511357365031
137643,0.0006662944074912249
137644,0.0006133306104382379
137645,0.007499678496824415
137646,0.006777317320658559
137647,0.0001809726110507175
137648,0.14261354665014267
137649,0.00016933630904954785
137650,0.0006502636137521395
137651,0.0008185544364346113
137652,0.0046434877113636155
137653,0.000938910000255855
137654,0.0014589566997565905
137655,0.003348519143960296
137656,0.9144934407955055
137657,0.03940434535527783
137658,0.00018196617045585848
137659,0.0030338618108481665
137660,0.0003494161255616631
137661,0.9968497487667299
137662,0.0012430899368292907
137663,0.9925779512544953
137664,0.00087445480171427
137665,0.0034165642213474143
137666,0.00026890136617165224
137667,0.002384577778456402
137668,0.000955655186085595
137669,0.051343844735895136
137670,0.00020112279431217265
137671,0.12480498302293291
137672,0.992652852715936
137673,0.0003575325901399723
137674,0.006706145265843549
137675,0.00035915024182543893
137676,0.0003701876970970253
137677,0.009079509731399085
137678,0.0019194616824460104
137679,0.011087410294573875
137680,0.01671627177876276
137681,0.00034814564868765097
137682,0.0010661888501763614
137683,0.005420691998410519
137684,0.0019026157897436965
137685,0.002658266548425152
137686,0.0013538753797805423
137687,0.007430614867683857
137688,0.025693123809279402
137689,0.00043051132965881794
137690,0.0073282205952681515
137691,0.05051882400510031
137692,0.0004291782047542079
137693,0.055468360188890814
137694,0.003517976627764825
137695,0.00015267233471511396
137696,0.0008098150931871673
137697,0.0068217316070525065
137698,0.9927209578517839
137699,0.00032976928406352253
137700,0.0011729693551326852
137701,0.0009172830884861723
137702,0.004222306242260193
137703,0.00045210387752145375
137704,0.9741366009655855
137705,0.0022715503458973266
137706,0.012377141636924048
137707,0.006750457244364954
137708,0.000314622540426178
137709,0.002742476584258138
137710,0.008735749407936264
137711,0.0112004207679509
137712,0.012296913073902613
137713,0.0006756922974258072
137714,0.0008727156434116878
137715,0.0010366456551921192
137716,0.0004286536683753786
137717,0.008747356650614053
137718,0.0006004770367074138
137719,0.01830112617644754
137720,0.0008026470297201427
137721,0.0022227482567195567
137722,0.015458930343437389
137723,0.00013881631220247077
137724,0.003414255049202704
137725,0.0011541715857155176
137726,0.012667425926364568
137727,0.025451628462102915
137728,0.0002457332081435258
137729,0.0009867261402183203
137730,0.00030245907233887034
137731,0.01132950305141519
137732,0.9966313678987652
137733,0.0003429726323224352
137734,0.972897093164699
137735,0.0008256602054237368
137736,0.0003330261732022645
137737,0.026173672517707025
137738,0.00024480772428112996
137739,0.0008123159151423017
137740,0.0008315910963400086
137741,0.021553152926468446
137742,0.911120725033509
137743,0.00027115302325537473
137744,0.002005458403586273
137745,0.005602462162828098
137746,0.9914861931605237
137747,0.00022273431266505375
137748,0.24217448571473826
137749,0.9821024402420645
137750,0.00011928879427138946
137751,0.0014834933636576012
137752,0.0005824781214444031
137753,0.09031748622514237
137754,0.001082938897363224
137755,0.0055363826921224915
137756,0.054422666754491034
137757,0.0005355598204611665
137758,0.00020971409984763554
137759,0.0021223253319835856
137760,0.007105140753282078
137761,0.028265026065831242
137762,0.006722890212865215
137763,0.000266137446805578
137764,0.00047045631364762665
137765,0.0022770640359863785
137766,0.00036611140437142113
137767,0.00043095846969546455
137768,0.0005134017643394447
137769,0.00030960731886148864
137770,0.0001688119899658479
137771,0.000509845721976552
137772,0.022264428084811272
137773,0.0004336528603007648
137774,0.00038481615885412984
137775,0.024940447764777173
137776,0.004661864999347235
137777,0.0013315658612956642
137778,0.00030979045700528664
137779,0.9813097772716012
137780,0.010402596034326314
137781,0.9942983808803251
137782,0.0008583069698018288
137783,0.0005406775757248896
137784,0.04310322531675908
137785,0.0008875289236226918
137786,0.0006892993938118083
137787,0.0023813600747519827
137788,0.005154454029682421
137789,0.0002697225830717283
137790,0.9926091129018518
137791,0.10175827333570278
137792,0.001618823010873478
137793,0.01015950195384452
137794,0.00017217444729506954
137795,0.00020812139621577267
137796,0.00026161600663752907
137797,0.1021536810270722
137798,0.8260794778899124
137799,0.0030402983217332974
137800,0.8779838607919204
137801,0.0007659382967957652
137802,0.007650936192896271
137803,0.0011408271491497915
137804,0.9921614786546392
137805,0.020468468643753183
137806,0.0001690499154602487
137807,0.9940401059481707
137808,0.0002859219497794342
137809,0.9795407858902179
137810,0.0019087337587375996
137811,0.005157092298452642
137812,0.0003701547577159898
137813,0.007577261372318027
137814,0.0003138923782761187
137815,0.0007563416577351615
137816,0.00031555784860615036
137817,0.0009533409556515119
137818,0.0006803622679292604
137819,0.0011095250908188777
137820,0.004884751247313838
137821,0.00020342005245997788
137822,0.0018848098809050786
137823,0.01602837314396718
137824,0.0020118446875692694
137825,0.000905779501833051
137826,0.0024516873975918975
137827,0.0025674047838225127
137828,0.026049851443203844
137829,0.04513250907597763
137830,0.002539669414302667
137831,0.9934063859270652
137832,0.00048788413550017755
137833,0.03879753858023137
137834,0.23390149771104865
137835,0.9933167514513537
137836,0.04970059142372116
137837,0.9606906120375438
137838,0.0005088828490094662
137839,0.001579608292815632
137840,0.0005531391694762821
137841,0.00024251491133084926
137842,0.0007727326391321314
137843,0.004478236729034748
137844,0.0013638179361321024
137845,0.0062048750416498055
137846,0.0005236260666465182
137847,0.00339699897208763
137848,0.014425003969976927
137849,0.0004093304168908688
137850,0.017630742643375902
137851,0.0019452927468162394
137852,0.003849372859189761
137853,0.000736550288872991
137854,0.0001764763102343344
137855,0.0007354879991039647
137856,0.004625118673226827
137857,0.002093105340062592
137858,0.0003524031898157762
137859,0.000572388728277005
137860,0.019988456988750437
137861,0.00026104999650315984
137862,0.06720920980560505
137863,0.44917078857307774
137864,0.01002099701919017
137865,0.0018055554795037229
137866,0.0022229119402415723
137867,0.0027828627605984016
137868,0.00240392170992969
137869,0.0005483879555486371
137870,0.00046273465100138216
137871,0.002551937484363898
137872,0.00038282868517231335
137873,0.0825023298069058
137874,0.0005674292577264076
137875,0.0002950907762139807
137876,0.000307911726770572
137877,0.991964552080978
137878,0.0064643228658192615
137879,0.0013976107165549197
137880,0.00024556716002619106
137881,0.0017103598418706494
137882,0.0001985844318714407
137883,0.01902633595377301
137884,0.0016082046498452653
137885,0.014491725339415066
137886,0.00018909101474378964
137887,0.007232035177128771
137888,0.0018584817710006571
137889,0.000796697796501481
137890,0.0005907273045292152
137891,0.9956805897679999
137892,0.0018145331536659941
137893,0.0002900618436995766
137894,0.027496408244697065
137895,0.00021911994367155042
137896,0.00016004446041131194
137897,0.020074834524152374
137898,0.002003934400590627
137899,0.00036465976845369193
137900,0.019930680623527722
137901,0.00025998738726801604
137902,0.0003184846910452144
137903,0.00023336355294102743
137904,0.00020314679385890515
137905,0.9857398154452665
137906,0.0005153132499603118
137907,0.0400382589736339
137908,0.002166492194061926
137909,0.0003699226420627917
137910,0.0014211954150000464
137911,0.0016887653422632415
137912,0.0005524274683228961
137913,0.0015695811044836253
137914,0.005434855325839175
137915,0.0007568516251558945
137916,0.01825115389014896
137917,0.9925437551657235
137918,0.000695588639311041
137919,0.002449078236799836
137920,0.0012123580264172562
137921,0.008532465338568994
137922,0.0011819784657488579
137923,0.0061408065128997855
137924,0.00025087732503300864
137925,0.00033632903561136597
137926,0.0011406839658762435
137927,0.023707284707681592
137928,0.00044967036736057924
137929,0.033774876904708886
137930,0.003175423179735541
137931,0.0006861256913064387
137932,0.0015330185686589942
137933,0.00214007526838596
137934,0.9854197171678443
137935,0.16587212091598566
137936,0.0014646591934945254
137937,0.00028297408762091125
137938,0.0002133217137199421
137939,0.7370889134358912
137940,0.0004598122103673296
137941,0.9961946643140255
137942,0.0004222180903251244
137943,0.010402023042198326
137944,0.004155320207335822
137945,0.030505952978863382
137946,0.000804727543070828
137947,0.0003453156921335675
137948,0.9893809196704509
137949,0.0011049395019865215
137950,0.004718572187518788
137951,0.0008064504378612394
137952,0.0004942461490421345
137953,0.36669693241647405
137954,0.0008369840070521828
137955,0.03239937694137623
137956,0.016372574166148356
137957,0.0005287065082456742
137958,0.000531936300334486
137959,0.20169815579596473
137960,0.00021831782809058985
137961,0.000663627886708883
137962,0.03007359114869514
137963,0.987694520835401
137964,0.9791462207115055
137965,0.000511541254323205
137966,0.0003882998936331274
137967,0.8832044054456364
137968,0.0013832651239629144
137969,0.9333826333045185
137970,0.9849022009642452
137971,0.0010300385951268725
137972,0.0003271599270970378
137973,0.0006822458148242332
137974,0.000507080310682586
137975,0.00030741683372624974
137976,0.11345291878568636
137977,0.0010568145729251486
137978,0.015825030831197705
137979,0.8045697740621093
137980,0.0006946011389129083
137981,0.9854112183742424
137982,0.0003291439925811527
137983,0.0005728629900430707
137984,0.0003763224712852699
137985,0.0005966575565201354
137986,0.0003740585528464549
137987,0.9938091008973937
137988,0.013089420491767902
137989,0.00033072393978800794
137990,0.0005628391547871243
137991,0.0012051899388403947
137992,0.9804694049930476
137993,0.009330972346359778
137994,0.03097936778399858
137995,0.0006690508483917549
137996,0.0017969097295868638
137997,0.008823457840562992
137998,0.02812814125657597
137999,0.0001480943119969434
138000,0.005499600943398999
138001,0.00044178062215167937
138002,0.0006493054443162489
138003,0.38266729817193573
138004,0.00027472480174620443
138005,0.00039363313741567005
138006,0.0009527338045437256
138007,0.0031019744112505783
138008,0.0009461723210027524
138009,0.00017450954806130683
138010,0.0001410685564515115
138011,0.001268766842269162
138012,0.0007262510865148541
138013,0.00025745009326410954
138014,0.9873423924322755
138015,0.000782866945683531
138016,0.0006069156639575377
138017,0.02114339967422492
138018,0.00046226053645316063
138019,0.005378179905876036
138020,0.004730785625607386
138021,0.0004753824975939873
138022,0.0010936087743695867
138023,0.03700149405489751
138024,0.000508511143625671
138025,0.006072704454948677
138026,0.6879419741850058
138027,0.8126417902743405
138028,0.016514793197625624
138029,0.00017639402775010768
138030,0.0005016020514723625
138031,0.007961275643247256
138032,0.0004975256352579252
138033,0.0021931775936484474
138034,0.00016173765976396293
138035,0.04393791983013095
138036,0.1643992720844129
138037,0.9931491271008567
138038,0.0002688636274274016
138039,0.01518209383987623
138040,0.0024390867796364206
138041,0.00042055347217446863
138042,0.0011944807764308733
138043,0.0363007844463056
138044,0.0001534193504171433
138045,0.004880772092184035
138046,0.010807581828389536
138047,0.015868475166928162
138048,0.04283264194252895
138049,0.07110210926506118
138050,0.0004492115909633029
138051,0.00044631307895614977
138052,0.009508285246822741
138053,0.0006144395856245682
138054,0.9889296802529325
138055,0.002062168108769903
138056,0.0003970620835458863
138057,0.030107776350576963
138058,0.0006254733590708616
138059,0.00030576295658410647
138060,0.001903767106578021
138061,0.9912885691652338
138062,0.004270643625375837
138063,0.0017313616698030315
138064,0.0022681501863838034
138065,0.00016077660958850284
138066,0.0016694624937580876
138067,0.19387666071112314
138068,0.0021004962427013463
138069,0.0005609382058723286
138070,0.00015996473677459494
138071,0.0012972945611270474
138072,0.00021440045876878154
138073,0.0005023587666001522
138074,0.00023222493040373963
138075,0.00047719883911759
138076,0.00047297383995316704
138077,0.0037867926420501654
138078,0.0004953180337213018
138079,0.0011311772759732303
138080,0.0009520913559393086
138081,0.02954633145134968
138082,0.0021641549183997397
138083,0.08975848245781864
138084,0.08959388853593223
138085,0.00027406675956459856
138086,0.0023695787278234627
138087,0.00015882152889282926
138088,0.00034252361539666403
138089,0.0012834600086403553
138090,0.994811166700408
138091,0.003224241031413871
138092,0.0004142835805266171
138093,0.00027231522796691604
138094,0.0003806027096542535
138095,0.0006315332734526983
138096,0.0007597224384904575
138097,0.0006555135066074188
138098,0.03351587073645252
138099,0.00027783400594478326
138100,0.0003635337420811514
138101,0.0002486599998604143
138102,0.001446492275330782
138103,0.00032576362052092595
138104,0.0003119033336921778
138105,0.022718668446372315
138106,0.0011974355620451742
138107,0.015980985983533598
138108,0.0044951723006404565
138109,0.001411658032376993
138110,0.0006506668669629396
138111,0.0018554928566469331
138112,0.001704983215274271
138113,0.003209473385029679
138114,0.0007840769100603715
138115,0.0009404528439641572
138116,0.00122914303399287
138117,0.0012305006752949673
138118,0.0016916181140444195
138119,0.001291592991197518
138120,0.017425686774614913
138121,0.0007698281241809938
138122,0.0002616611440637214
138123,0.00016322776288188755
138124,0.0019142448784746358
138125,0.0004368490280909456
138126,0.004884109858549944
138127,0.0004524551765366848
138128,0.0002332211251770937
138129,0.0030570013461948212
138130,0.0005051784699562787
138131,0.001324827058271553
138132,0.001050570717586997
138133,0.0022085338745711953
138134,0.2770138663503368
138135,0.9894161825768131
138136,0.0006708031671110824
138137,0.0008551522854981924
138138,0.0003469827470494443
138139,0.004503360027241109
138140,0.0007257322744744468
138141,0.03463298707614815
138142,0.0003820331953261683
138143,0.0007151350688358627
138144,0.000713868785767538
138145,0.018666296515179925
138146,0.012673878710036127
138147,0.0022065838216014967
138148,0.0009325119713318172
138149,0.00015428431470266156
138150,0.0013853144685214258
138151,0.001361047029647985
138152,0.017931797771015747
138153,0.03162279153328151
138154,0.0020111657393060743
138155,0.6374140386497211
138156,0.7836168451461386
138157,0.9877929653010531
138158,0.0029170802676879853
138159,0.00017812158742166038
138160,0.013978037757845126
138161,0.00027093458638587
138162,0.000581690049398784
138163,0.02254077964712288
138164,0.9826756662030152
138165,0.00012890117216202387
138166,0.0020635252342944845
138167,0.0017341685135085216
138168,0.001892544571637653
138169,0.004930653676296811
138170,0.010905485275375021
138171,0.03975845150740097
138172,0.0006283376548632539
138173,0.009426491090154993
138174,0.001067730100750252
138175,0.00018550789362006955
138176,0.006712850426738357
138177,0.0002195913010262193
138178,0.008264798492748622
138179,0.0005349757226234027
138180,0.0014371634904837124
138181,0.0006032144734318186
138182,0.03905806946525121
138183,0.9664365688754358
138184,0.00019092541281821849
138185,0.0005936660996896493
138186,0.0007683686501722672
138187,0.00023174306765777044
138188,0.0046491877621181515
138189,0.0030268512983267857
138190,0.0024276398976986213
138191,0.00042696871793464946
138192,0.00011651919560374159
138193,0.011176612198804992
138194,0.01899448745558773
138195,0.0006536729816695568
138196,0.03252931938793802
138197,0.006014052046356473
138198,0.16751426047399387
138199,0.00022318580822282947
138200,0.07106260932675179
138201,0.0005331067162272344
138202,0.0007335015075997073
138203,0.0003063243106323094
138204,0.0035471344639572723
138205,0.0012779186290776082
138206,0.00026887713748834086
138207,0.004545379118408515
138208,0.000883589726478577
138209,0.009584675098640772
138210,0.005948206265760995
138211,0.9689682211620549
138212,0.001168369413772098
138213,0.0021755928976151754
138214,0.00014813103318647876
138215,0.12897184938340336
138216,0.00027555346355679933
138217,0.007269539842705206
138218,0.1888199655354026
138219,0.00012140082757287641
138220,0.00015302886705720353
138221,0.0001238095362707357
138222,0.004005013771733258
138223,0.0001564215719500793
138224,0.000315935977597097
138225,0.0004008462582001188
138226,0.00448535700067123
138227,0.00040763554861747913
138228,0.0001824876237914408
138229,0.001307966990210884
138230,0.0005678376493477676
138231,0.009262401067123335
138232,0.00034755547995590265
138233,0.0075877820900279854
138234,0.5926028497564831
138235,0.0068288594198294555
138236,0.0005717985329985152
138237,0.00019950956657833568
138238,0.0006173341782622951
138239,0.00032255789829805005
138240,0.012325987994892148
138241,0.0002861059214682369
138242,0.00036475717187681953
138243,0.0014176025121506763
138244,0.0006979612656271349
138245,0.0002691809530740864
138246,0.0014491423806587416
138247,0.0004514546142800998
138248,0.0022562950284412842
138249,0.0057243249338139205
138250,0.0013908253222661181
138251,0.0001325134864785209
138252,0.0005725808925212056
138253,0.0009179390651048525
138254,0.002682275025275461
138255,0.000614786852981512
138256,0.000248234396258951
138257,0.00027167041966717623
138258,0.0009160978907922451
138259,0.006998759310600131
138260,0.0029759632505355774
138261,0.00034259814974145155
138262,0.00028932587020625184
138263,0.0021043435197581058
138264,0.00047611971740519005
138265,0.06854074481350786
138266,0.00044846722507519056
138267,0.0003608282472093212
138268,0.004452749022925062
138269,0.0014899865232289498
138270,0.027811312650317447
138271,0.0801337355957248
138272,0.0003367332592098175
138273,0.00016023047873033795
138274,0.001697580821261516
138275,0.9851458942657987
138276,0.00018047804652291698
138277,0.011816616198924051
138278,0.00029332539041186136
138279,0.0021514983634337596
138280,0.0015692223063557015
138281,0.9922095969185136
138282,0.0006586923211021516
138283,0.000532203158514929
138284,0.001519049728192571
138285,0.000501925148044141
138286,0.0034183407514561375
138287,0.0005076952607463098
138288,0.9866762282415525
138289,0.0008206422372045851
138290,0.97411435056544
138291,0.0014639568092417647
138292,0.00974364622736863
138293,0.9638148768909901
138294,0.01207114256152699
138295,0.9681356432201043
138296,0.011942769663222991
138297,0.0006168172845127701
138298,0.0005796160418827857
138299,0.9955897123707109
138300,0.00036646358371489655
138301,0.00043661261938948595
138302,0.0004910476003993364
138303,0.005627040233644001
138304,0.7242051548844284
138305,0.0010764339262931903
138306,0.986162387202014
138307,0.924826587067749
138308,0.0026810278672551886
138309,0.00034662509469690156
138310,0.0028253883345359973
138311,0.0005393402168017061
138312,0.0007554388410370757
138313,0.009631320001261403
138314,0.0021034731784588152
138315,0.016784330910992153
138316,0.0007903818227906536
138317,0.12550833297685152
138318,0.9951594524307985
138319,0.0012827711204088604
138320,0.005283232172025544
138321,0.0027124184162837395
138322,0.004112408050430858
138323,0.0007896878241855783
138324,0.0009255300700832461
138325,0.0008712280491101526
138326,0.01940989077522133
138327,0.00020063860633914412
138328,0.9900254815926073
138329,0.04076501814191152
138330,0.0016000065716218503
138331,0.0003566479580983988
138332,0.00044936161241156906
138333,0.000173409879371459
138334,0.6523336601119273
138335,0.0009630415332398096
138336,0.0010995197764222375
138337,0.008230682800801335
138338,0.0004152660030408752
138339,0.9874778785194025
138340,0.00023196676974754856
138341,0.002037475538467631
138342,0.00018247628101328102
138343,0.000601116386314507
138344,0.5748184801287719
138345,0.0056938862172570045
138346,0.9928486309745328
138347,0.0007851346135734693
138348,0.0008744833577328409
138349,0.0004035994682458662
138350,0.00021570905722869324
138351,0.0006134631519858352
138352,0.01935514189614819
138353,0.022158700125842253
138354,0.8754801107720811
138355,0.004411727315919473
138356,0.0004398296073709528
138357,0.0008282306817448824
138358,0.0015649938930132256
138359,0.0011014541206818427
138360,0.000677479581717283
138361,0.000348827706905258
138362,0.0015343353318641663
138363,0.0006583229107431389
138364,0.001748353851737937
138365,0.00030991648655760636
138366,0.0003561095508129094
138367,0.023180678306424677
138368,0.00027859768201360347
138369,0.00034978543320258575
138370,0.0004071615711292208
138371,0.0014775269451740062
138372,0.9783715170255144
138373,0.0050194044581349665
138374,0.008878834460540757
138375,0.016541034232680586
138376,0.00039631184336191193
138377,0.0002316708342977099
138378,0.0005730488356991991
138379,0.0016583350355815186
138380,0.00038119610967718415
138381,0.00019600964397157073
138382,0.01721238770253102
138383,0.0077415873538566465
138384,0.002084140495417352
138385,0.04499093179031409
138386,0.1305589253351709
138387,0.009870696817712006
138388,0.010668154566411946
138389,0.00041595619751756105
138390,0.00023818661698502653
138391,0.0020290147439287953
138392,0.0004148821962148888
138393,0.0007653201606461802
138394,0.0016453870703590618
138395,0.0032567673611035913
138396,0.0001888656037719678
138397,0.014782483051254207
138398,0.048966447032118283
138399,0.0004989161560695457
138400,0.0003839393008261578
138401,0.0020859755402983884
138402,0.00023012812804281972
138403,0.014912610359479174
138404,0.0002979080726402492
138405,0.03194817981324006
138406,0.0034952266083500038
138407,0.0031669502911386522
138408,0.01914962319299907
138409,0.002276873296593139
138410,0.003291081140911146
138411,0.018865095524691036
138412,0.0019288116443529986
138413,0.0026672725893281063
138414,0.0001655862658437271
138415,0.0022216880249866545
138416,0.0007582112420758252
138417,0.0007185549610040878
138418,0.021460340673697002
138419,0.007837845656318088
138420,0.0069190960937762745
138421,0.0004242098299421459
138422,0.9937460926946918
138423,0.00048268841358556927
138424,0.0007192935557839408
138425,0.002152961468170246
138426,0.001185456999268374
138427,0.9903374132763123
138428,0.001884014252664372
138429,0.000703302655547804
138430,0.002290459637604129
138431,0.0008101564512766764
138432,0.0112943971655328
138433,0.0006039535704545725
138434,0.007823837848560514
138435,0.0018090362102737181
138436,0.0002670519498921106
138437,0.9362808125908757
138438,0.00029914897446059403
138439,0.0012980863650153193
138440,0.0016297423621962816
138441,0.0021182202660831157
138442,0.0008354167020344748
138443,0.00037423799823317703
138444,0.04279812153728117
138445,0.0006483389074648937
138446,0.0030623301150089085
138447,0.003602210892410835
138448,0.000328051005879295
138449,0.00022006596867738055
138450,0.0003142139277968575
138451,0.0001973454820620739
138452,0.00027889598498857045
138453,0.04552715467161544
138454,0.00021561056942285718
138455,0.001054249173666737
138456,0.01371327421880803
138457,0.00041218687745422493
138458,0.23199338643342524
138459,0.00022882184801999769
138460,0.00031488243133779464
138461,0.0005659409936405728
138462,0.0004022031691238603
138463,0.002205814342542773
138464,0.9875584987057849
138465,0.0056760805978154135
138466,0.0003919416850702926
138467,0.0006371391844190289
138468,0.0009394683617630336
138469,0.0016929400512415997
138470,0.0005683793941587533
138471,0.0023852184111193327
138472,0.00018210540280436184
138473,0.0005523399764083793
138474,0.0025995306122390447
138475,0.0003255191949872452
138476,0.0001542508519564978
138477,0.0011983298112339582
138478,0.0009226786872510865
138479,0.005514641189938963
138480,0.2464025947929961
138481,0.018947912750503948
138482,0.0004930611514519386
138483,0.0002198625084835404
138484,0.9944449129362568
138485,0.0005386591776443026
138486,0.0005947474485115365
138487,0.9933525326743458
138488,0.0013990568294546223
138489,0.007237738024357832
138490,0.038364052311972624
138491,0.44813008772298935
138492,0.0008289689734692608
138493,0.00370155645510602
138494,0.0006645628600627618
138495,0.9556633698874522
138496,0.0009440589173970946
138497,0.0008231885274065793
138498,0.01182273811660736
138499,0.02168126353982126
138500,0.008026573209198208
138501,0.00022879554846841623
138502,0.006304152462548633
138503,0.001807308500988049
138504,0.0011950886512556913
138505,0.007390343833346512
138506,0.0005520027684648692
138507,0.9938346580608312
138508,0.0013221066476828086
138509,0.0006769723702868919
138510,0.0005584673323298882
138511,0.08322204006684011
138512,0.00027307010862650475
138513,0.0008327663767975571
138514,0.6341755162991093
138515,0.0009654989055320363
138516,0.0006465784367685522
138517,0.010018920235315698
138518,0.001919056447980172
138519,0.0007512871220398951
138520,0.0002856557015580679
138521,0.00026757114767854835
138522,0.000239340934325332
138523,0.006076329895470453
138524,0.00039715621420980106
138525,0.00039320736288484643
138526,0.0015435393515133842
138527,0.0007071630619994944
138528,0.0017511926983774229
138529,0.0011768535552348829
138530,0.00019563374602991497
138531,0.0014950400922209574
138532,0.0005827964880415311
138533,0.001151419561833631
138534,0.0005074934902388009
138535,0.000568932745011678
138536,0.0034886093210003163
138537,0.0007855157348460922
138538,0.9965070627414176
138539,0.01208180757758599
138540,0.9836706832487433
138541,0.0043569090409437275
138542,0.0006950034250807386
138543,0.00033695771385725156
138544,0.001069906961879701
138545,0.0002323420287745098
138546,0.9901034090692488
138547,0.0030297602931558835
138548,0.00014377071706701933
138549,0.0030008652803341857
138550,0.0008218651586062362
138551,0.008363709896387786
138552,0.00038579345760651805
138553,0.004921169136633304
138554,0.0015120372808166468
138555,0.0005922623387026118
138556,0.0004948094448936118
138557,0.0007325155846282051
138558,0.015270875783143036
138559,0.0003230851738570393
138560,0.030699464091613865
138561,0.0006333360137381043
138562,0.9917042707630498
138563,0.0016674233422821355
138564,0.02152253237273714
138565,0.0002967524710898588
138566,0.00019947544646608002
138567,0.0002478583586228464
138568,0.0012957946872895162
138569,0.2840167392884926
138570,0.0029633504229792627
138571,0.03526366371753538
138572,0.010880874096984657
138573,0.00031089929142686556
138574,0.08447682441914876
138575,0.0009677090718871772
138576,0.00038823727370209277
138577,0.0003406087352081486
138578,0.0011447195396494167
138579,0.003439765129628148
138580,0.007613072344858251
138581,0.00027929231978007037
138582,0.003393813624355237
138583,0.07303370748888044
138584,0.0010521778776996767
138585,0.00039187999702261007
138586,0.0003760601890025037
138587,0.0002180243015769266
138588,0.0012271698435489349
138589,0.0014489205606394158
138590,0.0008189865212847605
138591,0.011469360237856349
138592,0.046980703016451714
138593,0.00042973012040549245
138594,0.10047982771784034
138595,0.17997342866339106
138596,0.0002730142262950822
138597,0.00020178081394311962
138598,0.0009668380876615186
138599,0.0006369032380103432
138600,0.0013378164439735263
138601,0.00025927191863435586
138602,0.002854986157842447
138603,0.00045764974158145414
138604,0.0006567267652186198
138605,0.15684736330109605
138606,0.0009445699250229945
138607,0.0001779340881486368
138608,0.0003729212853905764
138609,0.001459312845813792
138610,0.9978662417096352
138611,0.0003090025707833208
138612,0.0010208808466919137
138613,0.992811807240155
138614,0.0007692197190330463
138615,0.5799023493480532
138616,0.0004357338773468796
138617,0.013748794108685245
138618,0.060933673735839224
138619,0.0014112802220891025
138620,0.00026960928266273824
138621,0.00042448743829791487
138622,0.00020504118225068258
138623,0.00029271485584823876
138624,0.0025688368529228588
138625,0.00026203124220694653
138626,0.00044858327095943524
138627,0.0007708430888815838
138628,0.00013985419149913897
138629,0.0007158955550491889
138630,0.0007862151971918811
138631,0.0029045144799723374
138632,0.00457742221072718
138633,0.009085902312959408
138634,0.0002479981218188995
138635,0.0005987394029404576
138636,0.0033625819680976237
138637,0.015288657633011463
138638,0.000561722772586324
138639,0.9766510903573336
138640,0.00037364081560555895
138641,0.004695914039997957
138642,0.0008591383707984671
138643,0.001961912098339386
138644,0.0008671469540242205
138645,0.0003786857092745068
138646,0.003958562665032098
138647,0.2641210691894754
138648,0.9519328818379531
138649,0.0024799406235878636
138650,0.002389558217400455
138651,9.460077028771706e-05
138652,0.9930503650604112
138653,0.0006889565423146862
138654,0.011672189759202962
138655,0.9838838365689313
138656,0.001324672107370146
138657,0.0003879037103285284
138658,0.000338005049073454
138659,0.0020928511718506467
138660,0.00058050206975495
138661,0.0008832230635901594
138662,0.0010329904678895874
138663,0.05171312139586897
138664,0.00028324193111858067
138665,0.0003075312931314429
138666,0.0007222695563606472
138667,0.0006672471416035305
138668,0.005599458931286147
138669,0.00044934235472427766
138670,0.000266683631974646
138671,0.0021251287369722085
138672,0.0003505386004038694
138673,0.31651581249089883
138674,0.002014002232179705
138675,0.06661414541923424
138676,0.0010757619753456692
138677,0.0002194764261255896
138678,0.0010398822388527408
138679,0.00028758117598610673
138680,0.00040935727511637023
138681,0.9941121712248612
138682,0.0003208684190144452
138683,0.00896493911296783
138684,0.001900971431960086
138685,0.001129625823537455
138686,0.0005693355900879741
138687,0.0004184668085663786
138688,0.0017254653708647803
138689,0.0002958431293275582
138690,0.001508614529486628
138691,0.001315642429146865
138692,0.0006064851100545097
138693,0.005292368899227322
138694,0.0007177926684021925
138695,0.004957329005057709
138696,0.00833756606221941
138697,0.012241667955335035
138698,0.0003754051385640004
138699,0.00045955280918511074
138700,0.005832926680557987
138701,0.0002856445865884492
138702,0.01792300416325049
138703,0.0015780717060909872
138704,0.0005669289018629699
138705,0.0029926763578750105
138706,0.00021964996475901032
138707,0.020279780329424017
138708,0.001789650466011568
138709,0.001092494735075029
138710,0.8449464023066382
138711,0.0003269235182898539
138712,0.00062704823636194
138713,0.00024600177533748685
138714,0.0005594832187900365
138715,0.0028468186426166826
138716,0.0012383976090270018
138717,0.004897182100851549
138718,0.0011633334847271205
138719,0.012359959700121659
138720,0.015029853369259504
138721,0.00042606827902158176
138722,0.0006647828057574667
138723,0.0010371659544292668
138724,0.000206882440393378
138725,0.0004360503986323143
138726,0.0015813852081262578
138727,0.0069002626158125
138728,0.9805072514063713
138729,0.002881475642645474
138730,0.00034335683419949703
138731,0.25378905090661563
138732,0.0002494245495964484
138733,0.0006892496228689315
138734,0.0014728744840894824
138735,0.8240520271241502
138736,0.02898726476800394
138737,0.0006651734502888364
138738,0.002570598084332435
138739,0.9936773224611058
138740,0.013308648953242217
138741,0.0021565831191153865
138742,0.03216714963969399
138743,0.0016877337931041861
138744,0.5944525867584218
138745,0.002569450389426212
138746,0.9320582340793614
138747,0.000864968288721753
138748,0.00028057777264897345
138749,0.004019148866500973
138750,0.0002172756727141525
138751,0.9872275991126848
138752,0.002320856163435372
138753,0.00017659086978625963
138754,0.00035281249612726035
138755,0.0035344588330481815
138756,0.0008802483553594043
138757,0.02038919956125334
138758,0.005713604084053543
138759,0.001774684666716491
138760,0.006590848610472044
138761,0.001198464529329353
138762,0.9886810600203254
138763,0.037619768673013566
138764,0.0011221363703683848
138765,0.0009268195735996587
138766,0.0017815713815725034
138767,0.017802927780565584
138768,0.9948430094662565
138769,0.013223085169868013
138770,0.0034053393538986476
138771,0.981017821179123
138772,0.0002684277557379747
138773,0.9913315755055684
138774,0.09995464722115929
138775,0.004911849043269735
138776,0.0004640882309036447
138777,0.006764707630142299
138778,0.009527019304804707
138779,0.8819758421212357
138780,0.0986974115715802
138781,0.0019656438514089668
138782,0.00019572482321978443
138783,0.0010784936896731227
138784,0.007112005042501201
138785,0.004188275721500252
138786,0.0002481257617218807
138787,0.0002367871429088579
138788,0.0002882303044850088
138789,0.0013797241675356357
138790,0.0007626802645314887
138791,0.008968245352093628
138792,0.004515340462743885
138793,0.0003917363754169585
138794,0.0007426325440075569
138795,0.0001756363664728391
138796,0.0019691275228741804
138797,0.0014226549050320937
138798,0.00027939095109760385
138799,0.000281237472838015
138800,0.0004272155681121234
138801,0.9857720916343073
138802,0.00012964182770452474
138803,0.0017216997634733517
138804,0.008023779894143953
138805,0.0031164157030810387
138806,0.0009844859708260706
138807,0.0008904194312775026
138808,0.015399641697116453
138809,0.0013795948966391705
138810,0.0045605703648273375
138811,0.0016317291511684783
138812,0.03931116013833424
138813,0.0003105507956018296
138814,0.0003654459707695048
138815,0.9935204429714527
138816,0.0014013416986991538
138817,0.00024044307872651325
138818,0.000646267835624898
138819,0.000547770268469855
138820,0.0014921145417291313
138821,0.2005319556266349
138822,0.0005252156304441769
138823,0.00025611063401826734
138824,0.004144568668438585
138825,0.003313143060700509
138826,0.007613879290851566
138827,0.0019066494277957821
138828,0.019140773697922657
138829,0.9930235983182198
138830,0.0002170118083180666
138831,0.0006185994134462751
138832,0.9425772919558226
138833,0.05037910865241981
138834,0.00275883687748528
138835,0.0003055686996555698
138836,0.00017896031270748635
138837,0.003633546009744858
138838,0.014054049192897704
138839,0.0005156995312266521
138840,0.11443546420185133
138841,0.000888423697680342
138842,0.0014005064148474215
138843,0.00019285491662392632
138844,0.0003957828607390975
138845,0.00029332444563125035
138846,0.004074405140572722
138847,0.005798979487799258
138848,0.0003241258063728149
138849,0.002286057780208854
138850,0.00815577600599369
138851,0.17654899023527648
138852,0.003058029166792523
138853,0.0007803441269157363
138854,0.010909327219150177
138855,0.9923035998483891
138856,0.007384150823858229
138857,0.9408499081748322
138858,0.005978938513212429
138859,0.00034204531088116323
138860,0.00035703106569270643
138861,0.0011171451584111216
138862,0.000684146823225237
138863,0.0002519633710610505
138864,0.0006818232184710096
138865,0.002285051774491478
138866,0.004861276506068719
138867,0.0008642462297898149
138868,0.0005908724389406064
138869,0.830736281498204
138870,0.027639495083159417
138871,0.9899810111120744
138872,0.0009183932575552047
138873,0.0003805138829978988
138874,0.020730140297873758
138875,0.0006847013837654963
138876,0.001540505225983466
138877,0.0004321208073157867
138878,0.0006529613557837785
138879,0.0037715942518355924
138880,0.0007678474446886573
138881,0.0004871087516460922
138882,0.001013020322390411
138883,0.0001532187805565197
138884,0.0029958351279494497
138885,0.003598899137971192
138886,0.00033872766423001115
138887,0.0009092164066132844
138888,0.00018196876657094395
138889,0.0003762395045851535
138890,0.0016334175083387624
138891,0.9015135214918854
138892,0.0009296553145697111
138893,0.00018101077811983756
138894,0.00038715894801186847
138895,0.0013095222013951161
138896,0.000314155205157806
138897,0.000297279498941
138898,0.9863261437494865
138899,0.0893657525754565
138900,0.0010524107673044892
138901,0.0012623406659433175
138902,0.006412643806738678
138903,0.0005577135752438846
138904,0.005254672701368549
138905,0.0038572859343689423
138906,0.0031433559342342646
138907,0.0007913644624714837
138908,0.0010467877452364242
138909,0.0022193084853130082
138910,0.0004698352400928447
138911,0.0003894134437437914
138912,0.0003261960133767019
138913,0.05596588287997504
138914,0.0030429741727156646
138915,0.0023984252426340557
138916,0.0002843827224360626
138917,0.00014989758792255931
138918,0.004106405052811321
138919,0.0011213240466194788
138920,0.020154156754660067
138921,0.00887303605577869
138922,0.7388499879520837
138923,0.00036295001326290603
138924,0.0002426455980002369
138925,0.0001261079875362959
138926,0.9967130989549631
138927,0.0012940991018925978
138928,0.013095849182672092
138929,0.9955777940163361
138930,0.9793812112438746
138931,0.0002921454870943344
138932,0.007279022859486831
138933,0.005399078336362439
138934,0.0016114633603914461
138935,0.9935676884279008
138936,0.04241893953349388
138937,0.00045409218273579564
138938,0.9934008705821474
138939,0.00039544806809091275
138940,0.9961843660531104
138941,0.001072010169300831
138942,0.0003984743247862651
138943,0.0003751959912390596
138944,0.005477867476514099
138945,0.0020117577608604227
138946,0.9265194001523616
138947,0.0008835775350425915
138948,0.0005625232665441846
138949,0.0002722052954274046
138950,0.0008800318305254625
138951,0.037542495780234685
138952,0.0009476743123602702
138953,0.00043972384393382277
138954,0.0013187522998882586
138955,0.00041366021258345403
138956,0.0005208380282638372
138957,0.0006642139838095363
138958,0.00021121461161329247
138959,0.00016958703516390606
138960,0.0006354068992338006
138961,0.0007525680494654899
138962,0.1602341252555706
138963,0.08602811544676726
138964,0.0006021608989700199
138965,0.0003851767025148243
138966,0.002195323057958359
138967,0.0003328476567124806
138968,0.015357948551980182
138969,0.0023355638704413593
138970,0.0036006793786643888
138971,0.0014120960065816146
138972,0.18503510037496027
138973,0.000270407641977075
138974,0.00019302560875187783
138975,0.0009942438909809866
138976,0.007189400944359557
138977,0.0007318214442180548
138978,0.001128430610054909
138979,0.032734472091033834
138980,0.00028533175743362976
138981,0.001506805087483021
138982,0.0016230640104951716
138983,0.0012299218054104145
138984,0.00037923297375944224
138985,0.0002632499810864498
138986,0.0011282107135210408
138987,0.03076690577481032
138988,0.9902460179923124
138989,0.0004269498598912542
138990,0.006379514541253488
138991,0.00022194723440776225
138992,0.004906885126178741
138993,0.0006381403308365211
138994,0.0008071357894636359
138995,0.00016741732482013756
138996,0.0005932729771934715
138997,0.0008558036584862687
138998,0.0006406898910352896
138999,0.003688329440193334
139000,0.00043391497097110683
139001,0.0005040848765891797
139002,0.0017382648609159214
139003,0.0005026409189296117
139004,0.0002602548325719624
139005,0.0003469089937762077
139006,0.9854056588318243
139007,0.9914287987615769
139008,0.0003956247648251293
139009,0.00020439828181023504
139010,0.001673566592950134
139011,0.0035316918622273997
139012,0.001712424249364751
139013,0.9776572336490692
139014,0.008456683692957594
139015,0.000452946031321364
139016,0.0009917743519112458
139017,0.953143706207697
139018,0.9951665201464288
139019,0.0008098281139312764
139020,0.01614397883250434
139021,0.0008117237738957762
139022,0.007121436532362633
139023,0.0038127786147344653
139024,0.0002382268042852036
139025,0.0004968976163896693
139026,0.00022062489466176372
139027,0.33423909787633455
139028,0.0003718532533715368
139029,0.002289489725327786
139030,0.00417383022054075
139031,0.000318619309984615
139032,0.005331156683792825
139033,0.0018189161207879528
139034,0.0009321242616782596
139035,0.0003210461029579357
139036,0.9828869235090703
139037,0.0007302182566251522
139038,0.0005878313881813543
139039,0.001488327526483701
139040,0.0002646048094415183
139041,0.00018425528387286272
139042,0.0001997575669427386
139043,0.1407317837764937
139044,0.0005623540655660315
139045,0.0002604602363648884
139046,0.00020445211775537271
139047,0.0009055210490056599
139048,0.033630905103212004
139049,0.00024284068472743792
139050,0.03863269515847562
139051,0.0003364056667511433
139052,0.004082194634419717
139053,0.20052988897567642
139054,0.0019114667773761922
139055,0.00011707190765582802
139056,0.001325706267892302
139057,0.0002861796312845993
139058,0.003454395511588804
139059,0.0007108236931553278
139060,0.0003050968446301856
139061,0.00039538792999115963
139062,0.07943446812797683
139063,0.00041544758131178175
139064,0.001513263769995734
139065,0.00017212819561114974
139066,0.0009402693323207514
139067,0.000992170144201042
139068,0.00027143792470615076
139069,0.00034845517054864
139070,0.00037449560785504237
139071,0.07467952808574338
139072,0.000692732993299056
139073,0.0007248323386238842
139074,0.00019675149779013572
139075,0.00055249150274244
139076,0.0003230393897286694
139077,0.9471732265126078
139078,0.0012664958693124314
139079,0.00031310403965806175
139080,0.0009782282391416703
139081,0.01916631993858495
139082,0.9916282049764054
139083,0.00018632826259565243
139084,0.0015514872578192708
139085,0.015296749340306011
139086,0.0005218942128163437
139087,0.011383543723565745
139088,0.0002348047683345205
139089,0.013356977140776726
139090,0.00020514693161622214
139091,0.0025841997488033532
139092,0.00014278691757676928
139093,0.009402163836249195
139094,0.00035233302719793247
139095,0.0006020952213167755
139096,0.00024098312447088215
139097,0.04126348555162243
139098,0.0008041924988585134
139099,0.0005068445680675484
139100,0.0015500479749995981
139101,0.00035899752480841234
139102,0.00018874710499555225
139103,0.005917837872566942
139104,0.0005923548830575001
139105,0.0007540631221696411
139106,0.9772268083035306
139107,0.00032211752305726327
139108,0.003533596213840261
139109,0.8665529433283685
139110,0.0003758597591226835
139111,0.020448829626670075
139112,0.0008663753235984917
139113,0.01589047652956514
139114,0.9937877175161646
139115,0.0006612377248928436
139116,0.14249730581952474
139117,0.000267213620691721
139118,0.009177612429352453
139119,0.0001618132253640587
139120,0.03317147331373764
139121,0.0006155731009393973
139122,0.001280226702303038
139123,0.11713247313633707
139124,0.9924717750809813
139125,0.004043852785336276
139126,0.0007626659287814557
139127,0.00304609877602308
139128,0.009094044135769483
139129,0.00025473821542085814
139130,0.00027302911522251425
139131,0.009815997625396979
139132,0.0010328550263358374
139133,0.0007197794412755432
139134,0.0003689520318829119
139135,0.05433695382068255
139136,0.0015157115894970158
139137,0.8620911856770243
139138,0.0005702695064750691
139139,0.0005141021808673461
139140,0.0009337864038806854
139141,0.03139756817265167
139142,0.00028835247652180977
139143,0.010378388052411008
139144,0.02114865846039056
139145,0.00016575392307820706
139146,0.000870488930225207
139147,0.0009350180157561432
139148,0.0005123540502383306
139149,0.0003162716424442884
139150,0.0014624932427200752
139151,0.007906024356147043
139152,0.0004340039460456641
139153,0.0007554354760361999
139154,0.03467025384440427
139155,0.8631511646083466
139156,0.0006490175289288441
139157,0.00409702505342695
139158,0.0020369193849095976
139159,0.00029206027227532237
139160,0.015315115363951233
139161,0.07138726183655678
139162,0.011668505536244761
139163,0.9950715078274849
139164,0.962085554768214
139165,0.0006046829498412374
139166,0.9881087693998285
139167,0.023698877599830238
139168,0.0006691199140134422
139169,0.04585333337631887
139170,0.006045488689483426
139171,0.9831064873801131
139172,0.9773907261211741
139173,0.00021971400843069546
139174,0.0003842696697080548
139175,0.00017096710719213159
139176,0.0005963409150850703
139177,0.0002105462702182854
139178,0.0007218069060441413
139179,0.00016693464878847012
139180,0.0903440725393215
139181,0.0006341544046039347
139182,0.5876784231335448
139183,0.0036324620726229328
139184,0.0007298450645710915
139185,0.0006313620734384562
139186,0.006846870697092275
139187,0.0008376144680152301
139188,0.00028256614718588516
139189,0.0006644811166020918
139190,0.0012923248615527912
139191,0.0023812270388270155
139192,0.023880546234505428
139193,0.0028533403011643185
139194,0.0001496862672457308
139195,0.0007929063830626933
139196,0.0047244521839480205
139197,0.994069957132786
139198,0.0002790632961049789
139199,0.02813553796815926
139200,0.004394159090708026
139201,0.014356250893025387
139202,0.9830057287244172
139203,0.004150352162603694
139204,0.00044864436599467396
139205,0.0013248804191811744
139206,0.007218803504373901
139207,0.00024238980382267758
139208,0.0015414969383522293
139209,0.0042637548242663095
139210,0.0017595496359565999
139211,0.0008822785656587089
139212,0.0008265674572886745
139213,0.0001453587297127507
139214,0.9617775198849619
139215,0.0002135477801753663
139216,0.021368989118433917
139217,0.002599987487700713
139218,0.0002188357374325644
139219,0.003911477082825752
139220,0.003272025701588149
139221,0.011639949124903688
139222,0.007039212630454637
139223,0.9837724063823688
139224,0.00031655797843017664
139225,0.00036197472356289866
139226,0.00203406539792962
139227,0.00016216135018380475
139228,0.0016151182595928128
139229,0.0007826681557870928
139230,0.0008049426688814154
139231,0.0016301671187231074
139232,0.0012468391364417728
139233,0.0002891382716792572
139234,0.0004642091482810749
139235,0.04262824372078914
139236,0.0014074568861104071
139237,0.0026076176952770412
139238,0.00043176926446445064
139239,0.0005288698325942801
139240,0.0014948293185364937
139241,0.005417547724676725
139242,0.0006335223675539604
139243,0.019970297504119106
139244,0.9899685067898999
139245,0.002542884872422659
139246,0.876045276623479
139247,0.004182966696973884
139248,0.0011782858736485338
139249,0.0014654137394976227
139250,0.006937366225875142
139251,0.00037964398117621193
139252,0.00019218590609861784
139253,0.0009249064156911654
139254,0.00911681594871006
139255,0.0008415689821623451
139256,0.004461879777671017
139257,0.026612990695474095
139258,0.0004393261763851135
139259,0.0002965907944080827
139260,0.00025449049039766617
139261,0.0006312378820220207
139262,0.002748182459267187
139263,0.0003919412811254444
139264,0.0009504486877985048
139265,0.00040829996403698527
139266,0.020469595725293194
139267,0.9867422943908922
139268,0.0016636998054923
139269,0.0005598890343100401
139270,0.00810626312495028
139271,0.0019777289240857465
139272,0.0007162315937476062
139273,0.002375702046418965
139274,0.47785026846697437
139275,0.001166670720632538
139276,0.978760519396811
139277,0.12755876362533655
139278,0.00031257229774625934
139279,0.005797719763650124
139280,0.00017376789411385565
139281,0.009275415005830843
139282,0.0007081131023762724
139283,0.00036195571866503483
139284,0.713544135637407
139285,0.0005440316611108101
139286,0.0019515775698741287
139287,0.005907361432887935
139288,0.060110953980545404
139289,0.007924647752261779
139290,0.003490094880962829
139291,0.0004464431717707308
139292,0.0012868695048793503
139293,0.0007195471820260281
139294,0.00023727296246379767
139295,0.00019962762089193147
139296,0.000728941148856417
139297,0.0005214959075773778
139298,0.004960534861593414
139299,0.0008603172836025158
139300,0.09431996551316853
139301,0.0005073671800325759
139302,0.00029152681726502943
139303,0.00047768282384797665
139304,0.015235937236844528
139305,0.007776099179195222
139306,0.004021911407609331
139307,0.0009053039194297049
139308,0.0015232983184601538
139309,0.0004657840171241146
139310,0.00018769860378159558
139311,0.005629758996840751
139312,0.0020908306895978217
139313,0.0003132216495309668
139314,0.0012523461421571158
139315,0.00025375055235091237
139316,0.0017151813532467535
139317,0.0007441950270874324
139318,0.2907493156243592
139319,0.0007551012089154151
139320,0.0034896017934561803
139321,0.00122025471633541
139322,0.9951112829462585
139323,0.0012889644325527311
139324,0.0007069061427522412
139325,0.7956661581613836
139326,0.0003586738790277926
139327,0.0004278637319580197
139328,0.0002761615803704128
139329,0.2644745022473133
139330,0.007552242176973182
139331,0.006048395399173549
139332,0.004770964173104805
139333,0.018791779856068766
139334,0.0003747643676376898
139335,0.0017960106825045594
139336,0.0013345597205392417
139337,0.0001543776201312583
139338,0.00018209921672876045
139339,0.0005452511870107246
139340,0.009589043896815079
139341,0.00022982481336112335
139342,0.0005369796214277785
139343,0.01339040332170629
139344,0.0005823775193142598
139345,0.0014388814030052053
139346,0.0004659883590874912
139347,0.018211173487163654
139348,0.0002558869202928734
139349,0.0016670361927290922
139350,0.007956658224825466
139351,0.00045848923775222467
139352,0.024144215771697217
139353,0.000417301938412401
139354,0.9897274174374391
139355,0.0008861268635478516
139356,0.004694152339290318
139357,0.0006466237745411052
139358,0.0006099616179632164
139359,0.0003177215392061001
139360,0.0062714570558131165
139361,0.0011027387214597865
139362,0.003393613726789319
139363,0.0003397461803203372
139364,0.0011316044793626817
139365,0.0007731783378191234
139366,0.005179768375375535
139367,0.008000044288018203
139368,0.9977016877234071
139369,0.0016944877028777549
139370,0.9901013878136952
139371,0.0009096905697494919
139372,0.019952607658374838
139373,0.005059102301794748
139374,0.00017952601607937283
139375,0.0003829504860499845
139376,0.000292525505868212
139377,0.00046652545910245497
139378,0.0006471366413404023
139379,0.005981646659910407
139380,0.9876112729998466
139381,0.2505752922923918
139382,0.00028637392275656086
139383,0.0006389696533584496
139384,0.0012544886802679737
139385,0.010336118093053097
139386,0.0009187061314184305
139387,0.0026903339243969327
139388,0.0011118637727883741
139389,0.00857763798927846
139390,0.0003731527596181552
139391,0.0009244435920185282
139392,0.010541922722745446
139393,0.9923990505633808
139394,0.052314473884019025
139395,0.000407499850443415
139396,0.0007492362727630329
139397,0.0036777428560699865
139398,0.006046735691495635
139399,0.0003087856820188074
139400,0.0006836044316942235
139401,0.00018823016830303563
139402,0.0005026466955221482
139403,0.000707125982297931
139404,0.0012231911046151674
139405,0.22685870390208068
139406,0.9614245929465886
139407,0.0009402238497784703
139408,0.011819427417953256
139409,0.0020621106022093213
139410,0.0008428121188503342
139411,0.00031651169691703635
139412,0.0009505544021106862
139413,0.0017618349747556394
139414,0.0010403768242591776
139415,0.03452266011744341
139416,0.00034040143354164626
139417,0.00044804811782820893
139418,0.0009622153257718497
139419,0.028058499109494376
139420,0.036455919031551806
139421,0.0009001893970591248
139422,0.00040949607677971943
139423,0.010013339804871759
139424,0.004624383053053988
139425,0.0006064370115476985
139426,0.010554552046562938
139427,0.18125726258185826
139428,0.00033550071155262717
139429,0.0032046816441607057
139430,0.009318661040742608
139431,0.0009004872392941977
139432,0.0005593359849716018
139433,0.00030969480233627875
139434,0.00020678868500001994
139435,0.0018736598827443242
139436,0.0008409379105268888
139437,0.00038509269563246387
139438,0.02774137931438156
139439,0.011620440081693932
139440,0.0011107766853117795
139441,0.9594722274482247
139442,0.00029244694727101166
139443,0.00022964104447815872
139444,0.017255956082300655
139445,0.0010103463782769675
139446,0.03163040208931343
139447,0.00044033462934047884
139448,0.0025922707424400966
139449,0.5079081735254095
139450,0.000412961582360435
139451,0.0002270811143196284
139452,0.9135388146006915
139453,0.0006955082463711706
139454,0.0026015894155524345
139455,0.0001490066809336032
139456,0.0006929810138236744
139457,0.005424473784502018
139458,0.009116580925645554
139459,0.0002983672028522439
139460,0.992903610381353
139461,0.0020214063652894136
139462,0.0013650855394321546
139463,0.0005352694983199932
139464,0.016729840150878934
139465,0.0052497931493207676
139466,0.012152087966761387
139467,0.0012734187893820663
139468,0.024128968953750645
139469,0.0004906423083579146
139470,0.0011199235858878197
139471,0.000970332118998255
139472,0.0021376335339004125
139473,0.00046330351432964076
139474,0.9929472490933653
139475,0.018465461998289714
139476,0.0010877030101101555
139477,0.8566540774253382
139478,0.7128209657983913
139479,0.00025619762841679397
139480,0.0018246943141863104
139481,0.0004221799748693745
139482,0.0007246812411935067
139483,0.0007174936842117192
139484,0.002056947863705765
139485,0.00021399274051989717
139486,0.00019214727215545403
139487,0.8879660761237358
139488,0.0003039849711688512
139489,0.932423217998785
139490,0.00030492963609667073
139491,0.012619383291748784
139492,0.00020320298581982213
139493,0.030828624526354653
139494,0.0010583703633811072
139495,0.00432287173666755
139496,0.00032341330443850906
139497,0.006909008973031536
139498,0.009699985298368186
139499,0.0004973360428675482
139500,0.6173224240357553
139501,0.0004361483950692996
139502,0.0006558879255605009
139503,0.007250057343123329
139504,0.007301961720955512
139505,0.0029333011905109353
139506,0.0071873925183011216
139507,0.0014270658510718004
139508,0.9943423642877247
139509,0.016720688642142677
139510,0.04941950695141105
139511,0.00048504984213400076
139512,0.0005097440478170498
139513,0.0014388883840887993
139514,0.010706696715059307
139515,0.0006433647796625038
139516,0.0016646263448957983
139517,0.0007302042893249525
139518,0.03634038888167818
139519,0.014684601502289403
139520,0.00806532707629709
139521,0.328652437302393
139522,0.03473850319269837
139523,0.004147926313525258
139524,0.006366278540420775
139525,0.00012489569670068117
139526,0.0011479616037546286
139527,0.018428306089457044
139528,0.003805856808284113
139529,0.0006096731831472838
139530,0.0009164823008208676
139531,0.0016490783619425352
139532,0.0034693978526858958
139533,0.029601916291215894
139534,0.0002696546287818474
139535,0.0008488632906979831
139536,0.0008560112760819874
139537,0.0003324699673090406
139538,0.0003101157223117152
139539,0.0002746273064422267
139540,0.00410796619279149
139541,0.0013051089180840642
139542,0.00022870124037177456
139543,0.0011643899168714451
139544,0.9917865123080258
139545,0.991078603324007
139546,0.00024009552972463258
139547,0.011111967617376102
139548,0.00020037655616964373
139549,0.001640057198539941
139550,0.00028792652221180666
139551,0.9932940659546254
139552,0.9824247733238961
139553,0.0003816130565327739
139554,0.005505992984298444
139555,0.005081308073187545
139556,0.0010628391275478806
139557,0.007166812697406179
139558,0.9921594678027501
139559,0.005618543871586184
139560,0.0005731160392615189
139561,0.0007215155925825009
139562,0.003155364442589369
139563,0.12755280261367594
139564,0.0009387148508237619
139565,0.9830714732199172
139566,0.00042467159646734546
139567,0.00012690610238948056
139568,0.0003594383941639923
139569,0.00021679897578763546
139570,0.0002869287892994759
139571,0.010461440100374936
139572,0.008893952244613151
139573,0.009737751958566328
139574,0.07377108545225917
139575,0.00024435083146454506
139576,0.014218087974937127
139577,0.00020323035178918027
139578,0.0002609592124882354
139579,0.004266339147393164
139580,0.00033692608339229625
139581,0.005187218005593815
139582,0.0002138496968751598
139583,0.00016800372964927696
139584,0.0006076625976714629
139585,0.00023342680214294032
139586,0.0022575887402013326
139587,0.00018880884175561627
139588,0.0007613153458351311
139589,0.007664010665571717
139590,0.0037557907994438264
139591,0.0015404832685799801
139592,0.0003225610754891216
139593,0.00679681498956705
139594,0.000661080393750618
139595,0.006153858760747654
139596,0.0005433514547223469
139597,0.0013405134418283747
139598,0.9955165915743548
139599,0.00039361883977245555
139600,0.0006416656871237101
139601,0.0005239548740364038
139602,0.0001497183073096239
139603,0.00111606317520189
139604,0.00025576519863409873
139605,0.9578625981851038
139606,0.0002746676837231113
139607,0.0015176562831754968
139608,0.00025472683460827636
139609,0.0018275638124899817
139610,0.0008884312899941757
139611,0.8598380566935283
139612,0.001086374252708191
139613,0.0014223254338491666
139614,0.0002906232409392458
139615,0.00025874171551011735
139616,0.001267279681505058
139617,0.0418079291297097
139618,0.138032043713814
139619,0.0032307701682870262
139620,0.0005954314810318053
139621,0.000525000470238679
139622,0.028309478330125003
139623,0.0003237384794197417
139624,0.0011228995044230796
139625,0.00013095481415861723
139626,0.0032802751706502717
139627,0.0008247936733461509
139628,0.006386562972700091
139629,0.0008008154505632195
139630,0.0002675646190927599
139631,0.0009141437466886443
139632,0.04048007378025541
139633,0.0002743168899080283
139634,0.0017888880983069188
139635,0.0004270378270922974
139636,0.0008779675381449159
139637,0.006587403579139193
139638,0.0019370894828700967
139639,0.0014939151443428176
139640,0.00032615336724817467
139641,0.00039573731582476235
139642,0.0009359652011898294
139643,0.00011481453694031421
139644,0.008333918705927621
139645,0.049733184111289165
139646,0.0001388512884882117
139647,0.0015721160392674306
139648,0.013960334231675179
139649,0.00024693827091492573
139650,0.9928421512767379
139651,0.994976202165956
139652,0.0025983296208630254
139653,0.9324825349940868
139654,0.01728228613092623
139655,0.04844927277163001
139656,0.9833526344870703
139657,0.9911198101354337
139658,0.00032027706091522685
139659,0.9860110542816453
139660,0.9936190605015287
139661,0.0026064562598305803
139662,0.0005963739563129634
139663,0.9943228551794471
139664,0.00014522378167950887
139665,0.0011974357290929958
139666,0.0007260398374639637
139667,0.0005670633904427027
139668,0.00013211891488444896
139669,0.0004637906876747215
139670,0.0005936123779487449
139671,0.010852952964764873
139672,0.0024638557390022735
139673,0.028583567339725773
139674,0.005654658667609688
139675,0.001249792895926093
139676,0.00034634510652972495
139677,0.001109332678376613
139678,0.000783738960519744
139679,0.0001685034296637966
139680,0.00043811595497926157
139681,0.005760499865039222
139682,0.00035713482772717787
139683,0.00043418320314839073
139684,0.08157586863284473
139685,0.003392397065433216
139686,0.006214380267330979
139687,0.0003119230797027137
139688,0.010011515740408167
139689,0.0009427671983618952
139690,0.02173384778515026
139691,0.00017282579991068775
139692,0.06733465671010352
139693,0.000438520148434521
139694,0.00022395530651488402
139695,0.00012311217563081543
139696,0.003740976655666644
139697,0.0007888062385877755
139698,0.016848043259572978
139699,0.00021751294060820369
139700,0.0007054642559432719
139701,0.0009102866629825599
139702,0.0006371879890383888
139703,0.0011229694757400115
139704,0.0042116466843715545
139705,0.0010435111445201344
139706,0.00014378983868868072
139707,0.0006304119021860555
139708,0.006651847538025724
139709,0.0006185813905867075
139710,0.00023656345170395827
139711,0.000547765757232325
139712,0.10460767223128982
139713,0.0003772494549441136
139714,0.00028909976465904357
139715,0.000609605044654481
139716,0.00363300842757845
139717,0.03820188337939932
139718,0.0002902423693652295
139719,0.994372490676546
139720,0.0004443502743292547
139721,0.00010624967108723631
139722,0.0006707483934189217
139723,0.0001779271398004667
139724,0.0004304820785981966
139725,0.00029622548346198914
139726,0.0007629145449296955
139727,0.0017407436461345253
139728,0.00047687147913288503
139729,0.9760497280961475
139730,0.00038978378165964
139731,0.9908482505954251
139732,0.0004777629350637204
139733,0.0006461266528414554
139734,0.002635200631623839
139735,0.01050987597788981
139736,0.01350148746602014
139737,0.9914077870310795
139738,0.0003785356276055732
139739,0.00017375012449898864
139740,0.00038284119791436255
139741,0.00016294309042075208
139742,0.002165148376477437
139743,0.9946697450167881
139744,0.0002869329767749423
139745,0.0025846359679575865
139746,0.0004912968447686258
139747,0.03275214424338239
139748,0.0007813305874405902
139749,0.001382835671072041
139750,0.005362722872863402
139751,0.0005602955801300253
139752,0.9917482382200212
139753,0.7579968566079225
139754,0.029256447560023977
139755,0.0004610054420041778
139756,0.018567301057108465
139757,0.000841350760801081
139758,0.000959650759265515
139759,0.09965864635899144
139760,0.000562225872655425
139761,0.0003183543403948183
139762,0.000687898720820821
139763,0.0009853282742043111
139764,0.0006338685126150056
139765,0.0009579770478429504
139766,0.006358519034416171
139767,0.9488192427970338
139768,0.00032488106779375597
139769,0.011787422000528272
139770,0.0006085940494872937
139771,0.003356933811400407
139772,0.00027050248821180843
139773,0.0013744282589862897
139774,0.9947702693774612
139775,0.0028360439592995034
139776,0.0023170996998767546
139777,0.9955118894077098
139778,0.000737469132993742
139779,0.005846135199183451
139780,0.0001153074086654098
139781,0.00048615356752354955
139782,0.000447724235842158
139783,0.000573022373147168
139784,0.0006271419669928856
139785,0.9933082458467143
139786,0.0014402770076589822
139787,0.01253124085362476
139788,0.012912574221846334
139789,0.0012828526778850264
139790,0.001974317262421017
139791,0.042020579887333175
139792,0.02867955607828919
139793,0.0007789472750096098
139794,0.0017575748663975611
139795,0.07098552948708328
139796,0.0004989419531810288
139797,0.02010063456848557
139798,0.01588517910413504
139799,0.0020205701218415015
139800,0.012730494781954434
139801,0.030013644714009982
139802,0.0006279148751231138
139803,0.01655903534694388
139804,0.0013449269127631827
139805,0.0013761216833144835
139806,0.0006744407716509818
139807,0.0015000357851513739
139808,0.000916568191727045
139809,0.9945891660354828
139810,0.00031330465576163134
139811,0.0010469313324546526
139812,0.0002889681364063668
139813,0.0006823912746090759
139814,0.0005231263577664932
139815,0.0006760230687303276
139816,0.029492099139135346
139817,0.0007232016928050154
139818,0.00029424040960797197
139819,0.0004309684162805871
139820,0.0009731384253465569
139821,0.000290411101907332
139822,0.00017333354601136648
139823,0.0012046601137349845
139824,0.0008900010198422695
139825,0.00014015522434804312
139826,0.005709989047614038
139827,0.0006135717220450063
139828,0.0018314139546880862
139829,0.001881479054483614
139830,0.001739245617304639
139831,0.0009152475893907056
139832,0.02326300683130212
139833,0.04413465960850904
139834,0.9907467499553934
139835,0.002886375136356774
139836,0.0001890524029070918
139837,0.0007018365385611484
139838,0.09598474020946153
139839,0.0017171966436320162
139840,0.0010468515248283816
139841,0.0003008688300613198
139842,0.0005034112308100232
139843,0.00026153379428700725
139844,0.0024839057307651053
139845,0.0002217329294990246
139846,0.00028900563748810836
139847,0.023970250367143467
139848,0.0008677658933772161
139849,0.0001352112797429609
139850,0.0003830627056068415
139851,0.007686453711940194
139852,0.008463073167658751
139853,0.0004682348217474205
139854,0.010750853467168777
139855,0.01916982569404279
139856,0.0003408261309218969
139857,0.0016562335030715512
139858,0.0013652661050993517
139859,0.0005526604848324258
139860,0.000394115063708284
139861,0.003990731507904013
139862,0.00021284887378022923
139863,0.004569751888757651
139864,0.0006820392720276685
139865,0.00037332799564926335
139866,0.00010523088103721614
139867,0.001328546784639321
139868,0.0007417790885897907
139869,0.9897245884136225
139870,0.02100341753307595
139871,0.0008631037173065615
139872,0.0013454245602772736
139873,0.012127890932907961
139874,0.002280095325150211
139875,0.00036149038360411804
139876,0.003721648885530668
139877,0.001375871574046476
139878,0.0002578831329540552
139879,0.0002434300062622515
139880,0.0015057232717042134
139881,0.007861933178308697
139882,0.007453882413691252
139883,0.00033808920952618337
139884,0.0069729207639073155
139885,0.0006627881722047159
139886,0.0003047224726202645
139887,0.00031605297131732506
139888,0.017203675840479472
139889,0.0002293761956290023
139890,0.0008822985940360591
139891,0.004369649216772271
139892,0.0030990614231026295
139893,0.00015910451839293912
139894,0.011424470757973133
139895,0.0007864497723770785
139896,0.0004234299210020016
139897,0.00039927126964153553
139898,0.0036861954941168245
139899,0.01474957184949874
139900,0.0016955317994258676
139901,0.0002722971583128884
139902,0.0003374763507145201
139903,0.0008353367273705301
139904,0.02880816435826796
139905,0.00019676021302962772
139906,0.00028330012914149904
139907,0.04307490432555524
139908,0.00028933154558245696
139909,0.0022232627512674967
139910,0.0006395583244644673
139911,0.0024694010316831994
139912,0.003134878941316025
139913,0.0018525245686938285
139914,0.00012814835235629992
139915,0.00020331765119865991
139916,0.007524839439117489
139917,0.005145715144124718
139918,0.0002387349001235344
139919,0.9836973072668704
139920,0.00044917395758351143
139921,0.0005391140272409816
139922,0.00042584042822516564
139923,0.0003177953661485874
139924,0.0006716030590061173
139925,0.9879950474542315
139926,0.001209806647612971
139927,0.0008503875376820562
139928,0.1296247605296055
139929,0.010047475519783883
139930,0.02838767736325897
139931,0.000883241851197168
139932,0.0002449142043982094
139933,0.0002693266986466544
139934,0.00018004231258376009
139935,0.0015460402176168176
139936,0.008315791657588606
139937,0.0005767003247998987
139938,0.0010859547780683295
139939,0.014546571490249812
139940,0.003799588488014563
139941,0.0030946361290153965
139942,0.9978749374579943
139943,0.0005554010302302495
139944,0.047373881726319685
139945,0.00023444273949880002
139946,0.024521386564594357
139947,0.01682674315989618
139948,0.0002056448196841101
139949,0.0024441391600826647
139950,0.003664335683871487
139951,0.0005061326987160555
139952,0.008393554687132475
139953,0.0006374131469986885
139954,0.0001444997801882068
139955,0.00033202010440469386
139956,0.0023057002812805925
139957,0.00042897860697300224
139958,0.0013904841083581157
139959,0.0004965803754502524
139960,0.9951113416981575
139961,0.0014967416393274224
139962,0.0064209159152661035
139963,0.0005087129280166658
139964,0.0005363908474609121
139965,0.005406616748848011
139966,0.9863115131383373
139967,0.000597225718978764
139968,0.0002412904379214464
139969,0.9924674578429176
139970,0.008700834808401675
139971,0.003328774629463989
139972,0.0015041392850519133
139973,0.0008278376805844413
139974,0.00022320134298678204
139975,0.9880025835150595
139976,0.0006809115850665787
139977,0.00028539160590043114
139978,0.6888327715028424
139979,0.010156819080816924
139980,0.00040573401930951947
139981,0.000543497630340372
139982,0.0009178074569073068
139983,0.004104019030639291
139984,0.005389376304173058
139985,0.0012556807546729673
139986,0.0017097876653076086
139987,0.0002634424976314708
139988,0.0005451984897281882
139989,0.007687750472330681
139990,0.002072600307993101
139991,0.00023238829415312537
139992,0.00030318507319090937
139993,0.0026614298477539394
139994,0.0008844009203133493
139995,0.0017792348909595346
139996,0.00031957749031160597
139997,0.006500994824931482
139998,0.0015081764000153745
139999,0.0007287019735233148
140000,0.0003036639028558265
140001,0.0021314706294913353
140002,0.00025308852724030724
140003,0.00039578460876970494
140004,0.005985466080364701
140005,0.00021323448654682564
140006,0.00016958264594955794
140007,0.0022068201449277893
140008,0.9920513330448458
140009,0.0013028447504506773
140010,0.0002631671755561323
140011,0.10478840300253763
140012,0.00142082095886516
140013,0.004420947266542699
140014,0.003560524728232991
140015,0.0003714299453271621
140016,0.011898471539298178
140017,0.0021181902123573503
140018,0.0014053839302262331
140019,0.00013553906721522208
140020,0.9507579916735607
140021,0.0017198445334981498
140022,0.005015023665121019
140023,0.6840322471780736
140024,0.0001657850797015466
140025,0.00023972687863880925
140026,0.00029347295348546764
140027,0.0003408893696877142
140028,0.001373599539949855
140029,0.00046844203748217205
140030,0.01632552555942127
140031,0.005135431665812169
140032,0.0005684612175087597
140033,0.00028835275906994527
140034,0.14436535667226796
140035,0.992224959378647
140036,0.01060475392527231
140037,0.00019043614820043008
140038,0.0004503255482109085
140039,0.0009416785129170591
140040,0.00526093101914608
140041,0.0002294516721498244
140042,0.019563649368560074
140043,0.00039848354373223224
140044,0.00033528958248348035
140045,0.00036049484382178826
140046,0.0003008954570076163
140047,0.0003255555093997782
140048,0.0002573721744445418
140049,0.0006058635731123178
140050,0.9742777567468873
140051,0.012303196624585164
140052,0.007920066605027051
140053,0.05928165597404329
140054,0.0006547318126628358
140055,0.00021529091147177504
140056,0.0019244107077364453
140057,0.0006340210641260204
140058,0.0036422341916480354
140059,0.055220745407039466
140060,0.00045101210098731105
140061,0.0003718809592976921
140062,9.107452899911336e-05
140063,0.012502840969234428
140064,0.0014715801483637624
140065,0.0007519112443286014
140066,0.00022232480236694657
140067,0.0004404943086752091
140068,0.0033411873878114815
140069,0.0002596442574914475
140070,0.0017739885954765552
140071,0.0001675642849077811
140072,0.005219709842751349
140073,0.00037655874112527094
140074,0.0007104185831304859
140075,0.001275924907573129
140076,0.0003580711984089583
140077,0.0016748703396276966
140078,0.0007013951122897212
140079,0.0078080027440525805
140080,0.0016267355373447716
140081,0.0018192913943371161
140082,0.004483627004880455
140083,0.0008152314574557984
140084,0.0005319844477306738
140085,0.0010617398092718233
140086,0.9207571402369047
140087,0.001608700391371467
140088,0.00028057741895431005
140089,0.001053322269284767
140090,0.006956549534106635
140091,0.7454758151051579
140092,0.001703273270114386
140093,0.0015251526983829727
140094,0.00037313928222971305
140095,0.0002045717510483265
140096,0.00038763621899742275
140097,0.0002704837542337352
140098,0.009381256084668013
140099,0.0020064349737286056
140100,0.0011934233956715612
140101,0.04870111070939821
140102,0.0008523342434291012
140103,0.025620490325614535
140104,0.0012606196569525509
140105,0.00033294409927831024
140106,0.0003041839672775932
140107,0.0008750071222876887
140108,0.9934255497340674
140109,0.000500289902195529
140110,0.013242557118660864
140111,0.0002514049669667454
140112,0.00017642945334185153
140113,0.008943773948125506
140114,0.0032568383406527002
140115,0.0010484664397470323
140116,0.0003628065161147323
140117,0.9932900241469943
140118,0.00021752874740833228
140119,0.0014418894837496133
140120,0.004580277750630613
140121,0.0006334908180320901
140122,0.00011595713327170524
140123,0.01696553301185818
140124,0.003188156776039007
140125,0.0005046152895704069
140126,0.012407179617056898
140127,0.00040046936719969733
140128,0.00033736676928808475
140129,0.0003408164014091036
140130,0.0013632498449154997
140131,0.0005522237569976918
140132,0.00019361345792874958
140133,0.00036201006191061147
140134,0.0003479994771564549
140135,0.00031173538425604067
140136,0.00030514745711504815
140137,0.0011823587648547647
140138,0.9111696953013344
140139,0.0009148959019793005
140140,0.0002781256467268925
140141,0.9893283926455978
140142,0.0613308818516478
140143,0.0006551069407313646
140144,0.002320835554880949
140145,0.05496616917554536
140146,0.11204564184528881
140147,0.004869519189177118
140148,0.00028942965251607
140149,0.9905398912568601
140150,0.00025664917398993033
140151,0.0015010148236859395
140152,0.13243211884860795
140153,0.0003956635598621807
140154,0.00018645345549441505
140155,0.015004569646231675
140156,0.03407023079321589
140157,0.0012276980012578393
140158,0.9866524672157599
140159,0.0018957348916527627
140160,0.0015598951789218744
140161,0.9329946050936054
140162,0.01618375959608633
140163,0.0002799313933927784
140164,0.00028127206697696786
140165,0.0003717845116654104
140166,0.015896192718525198
140167,0.00022462557688405861
140168,0.0015815291490157838
140169,0.00018658415725154683
140170,0.00032486691693383267
140171,0.0007973395024651798
140172,0.00022197614707364567
140173,0.0001806466706897517
140174,0.0015163471636249473
140175,0.00035852503413848913
140176,0.9329638865285279
140177,0.00334604558543201
140178,0.024263290675921954
140179,0.00019500251031847566
140180,0.41740729851997493
140181,0.050215840481370594
140182,0.01208412530228386
140183,0.8407133800183094
140184,0.000293167479762872
140185,0.013018194037833091
140186,0.00012066448646719096
140187,0.0049245132797787845
140188,0.0008660065535542607
140189,0.0017968122501925076
140190,0.0003621636449901905
140191,0.032200971417349726
140192,0.0003126717459341932
140193,0.010800224557308221
140194,0.0007045983006164877
140195,0.00935151960386468
140196,0.0013720207744142834
140197,0.0012533022984599974
140198,0.0019916394338022124
140199,0.002657312130314593
140200,0.0020432442544657194
140201,0.0005322003836975005
140202,0.0008165672497962885
140203,0.000883161994027241
140204,0.00806304376769774
140205,0.0014040732463568987
140206,0.006039906521371041
140207,0.001632502132366137
140208,0.0002136085301703013
140209,0.0016239073675328325
140210,0.0021041088606886917
140211,0.0005000734973497947
140212,0.028648306623190196
140213,0.001366052515909211
140214,0.016263189291711812
140215,0.00018064810867869223
140216,0.009624346444524976
140217,0.09577289568121236
140218,0.0008694440010321304
140219,0.0005476468717086605
140220,0.0007888530295564501
140221,0.001122324075376731
140222,0.01953260205755355
140223,0.0004546274633329195
140224,0.0009826914731941598
140225,0.6390122585521981
140226,0.0025351750863227846
140227,0.0006061333644754262
140228,0.0001675551621337149
140229,0.0003817050148254369
140230,0.0003561714189228404
140231,0.0005718347556318924
140232,0.9845803210208
140233,0.005322477809586072
140234,0.03250615895148139
140235,0.9893152723054872
140236,0.000351289241933055
140237,0.0027127647148764184
140238,0.9886098395344416
140239,0.0005244025282105546
140240,0.0009121910755607574
140241,0.0011728866771277431
140242,0.013255885680841224
140243,0.00023382642586101398
140244,0.001915391337724888
140245,0.0003544114737050852
140246,0.0024633807010554704
140247,0.006975168735064584
140248,0.0007388850318992382
140249,0.0006512393617933776
140250,0.0033824775611361593
140251,0.0003636822436837355
140252,0.00174807968855699
140253,0.0013561810463311856
140254,0.003238699698611273
140255,0.000636142242554712
140256,0.0003143691291339952
140257,0.7198005005192053
140258,0.00019745331971451782
140259,0.0008568313970166254
140260,0.0009675248279253923
140261,0.2612353752249629
140262,0.00014413441213366885
140263,0.0002688364617929092
140264,0.00021595843558437937
140265,0.00040225341696525674
140266,0.0009006696815710155
140267,0.0036735569210688845
140268,0.0022843938068051583
140269,0.000511970434118231
140270,0.0031273490995477856
140271,0.00032169045018890516
140272,0.001418243728155484
140273,0.0003330261344715212
140274,0.0003139496373806639
140275,0.01426819629534531
140276,0.005156516538046392
140277,0.0005196499039145101
140278,0.0003629655483707987
140279,0.0005974440965011192
140280,0.0004302664986472376
140281,0.0010565657636416711
140282,0.0015842046184859056
140283,0.03161417694886299
140284,0.00028689159100469934
140285,0.00012344592825246659
140286,0.0002334490970625059
140287,0.00038336261401178526
140288,0.0011865230892312729
140289,0.0379000038623798
140290,0.006464518666691486
140291,0.00042323736119488344
140292,0.002427852126149961
140293,0.0003386084770830951
140294,0.0033638116670175553
140295,0.0013419204962463046
140296,0.002350826261096222
140297,0.0014266740403215436
140298,0.4134056746829503
140299,0.0006546733446983151
140300,0.0003988901102605964
140301,0.13307225595963665
140302,0.028007949531627604
140303,0.1496256693466672
140304,0.0003043445683476958
140305,0.001291533439067777
140306,0.00194949928839389
140307,0.00029487346644979434
140308,0.0007293660855546226
140309,0.03825197926911115
140310,0.00024325677531812707
140311,0.09166593423773224
140312,0.9919820802352691
140313,0.0025965688789524885
140314,0.0011748019529269997
140315,0.118270350214215
140316,0.00039519053856987675
140317,0.0014890802316617421
140318,0.0006082610915814081
140319,0.00018488274929282493
140320,0.00023481137130724496
140321,0.0002590812256825285
140322,0.0015943628408571179
140323,0.0010872177799115892
140324,0.001487235323848915
140325,0.0003810508807608775
140326,0.008004917213816421
140327,0.0008200477839229408
140328,0.010562565188658442
140329,0.00013491061928029005
140330,0.00023042556021285376
140331,0.0026363938269403308
140332,0.020295256661947605
140333,0.0007368311561122705
140334,0.0006876638478104253
140335,0.00031367402547445203
140336,0.00017247121337242403
140337,0.010715175259153909
140338,0.0034490005653039736
140339,0.0016244499412687845
140340,0.016226265450003077
140341,0.015239031957661919
140342,0.02803892638340856
140343,0.00027243030907359283
140344,0.008618420437268985
140345,0.00030791829997449404
140346,0.0004435914817319815
140347,0.0002880459966051968
140348,0.00336934438351554
140349,0.0006337168346108643
140350,0.0005022171083639274
140351,0.0011027937515214394
140352,0.0010328960055160147
140353,0.0002524912169550734
140354,0.03048340656806215
140355,0.0010494222380989218
140356,0.00036783753202360414
140357,0.0002124685476458422
140358,0.0006273752997661715
140359,0.99223181009363
140360,0.004030263552920626
140361,0.007941378724580029
140362,0.00024187382637486606
140363,0.0006116143511266103
140364,0.0003565976110886012
140365,0.003016264528780944
140366,0.0016849321653744805
140367,0.009305095722021761
140368,0.00037731558749651327
140369,0.0009641673483406814
140370,0.0004443625883191944
140371,0.006462978713896349
140372,0.9937463574226685
140373,0.00023249770146098518
140374,0.0005148749735017246
140375,0.00967749166274756
140376,0.0011717769676417918
140377,0.07894978823407993
140378,0.001106582294723161
140379,0.01529408743298522
140380,0.07137662248405104
140381,0.00012325673718689624
140382,0.011135277217600737
140383,0.0010394635698474865
140384,0.0003719428062605897
140385,0.0012940007746205344
140386,0.02101809216622337
140387,0.9375599868173234
140388,0.00013755363395980292
140389,0.0021257971719372843
140390,0.9762731997072168
140391,0.0014565420423881955
140392,0.019152398628559695
140393,0.0005609264286113392
140394,0.0024646169817066532
140395,0.00018474913224189555
140396,0.0005841757633233733
140397,0.003757624679310407
140398,0.06849136591787805
140399,0.0002714198794506075
140400,0.0021302852579858935
140401,0.00034851290697991244
140402,0.0002670392320640784
140403,0.0023384427386329543
140404,0.0020318644485353534
140405,0.0008888767363627765
140406,0.0004564288578761202
140407,0.004853783975449071
140408,0.004143730406168332
140409,0.0003871019135383033
140410,0.00047449394272924556
140411,0.0009593809170486792
140412,0.9912967811895939
140413,0.000673528178951599
140414,0.00012750392958345327
140415,0.005490082116189491
140416,0.011747442515352924
140417,0.9885693761066134
140418,0.0002131099303803614
140419,0.0009938544993066281
140420,0.022833263628192303
140421,0.08296263064084926
140422,0.000456544086681829
140423,0.0003614612298559817
140424,0.0003444893681858405
140425,0.0003503228649188138
140426,0.0002045706996509562
140427,0.0010555060226313515
140428,0.0009504573404676772
140429,0.0004933567652005584
140430,0.002269293773977855
140431,0.9918768354258909
140432,0.0003586847093252657
140433,0.0004146596583125123
140434,0.9888777459031096
140435,0.021757298383841998
140436,0.0014904677203157943
140437,0.002307047891319303
140438,0.02106913999891589
140439,0.0002374335204348254
140440,0.0003210217651999089
140441,0.00033791379589048184
140442,0.0003669179500142588
140443,0.0021634196387422663
140444,0.0006904266396979935
140445,0.0006523944250761613
140446,0.0005314297995540145
140447,0.002445730719384021
140448,0.011667584293620194
140449,0.00647861792161088
140450,0.0006918445614064661
140451,0.004587710694931657
140452,0.0012896782271005225
140453,0.0011619982648863709
140454,0.0011554203162852724
140455,0.0019190800942509567
140456,0.0015470816631822605
140457,0.0005391759345061098
140458,0.11883203774680007
140459,0.0016352594219602367
140460,0.00023040772817438593
140461,0.003435121433561586
140462,0.0003202266792680647
140463,0.0014116563852422832
140464,0.00307499467892921
140465,0.0015923286074732495
140466,0.002333913154350729
140467,0.8859991579261876
140468,0.2112374813737506
140469,0.014502612477379525
140470,0.0002509232692717421
140471,0.051718507656087966
140472,0.0025390492452891716
140473,0.002209195865794022
140474,0.00022120016143011275
140475,0.0012760326153023296
140476,0.9935873942430062
140477,0.0029309402690357762
140478,0.0019826869404008297
140479,0.0002344597970777383
140480,0.0006370957919347957
140481,0.000489464196068518
140482,0.002003423849532218
140483,0.002330262390232019
140484,0.9883260040170465
140485,0.4506432847665453
140486,0.016065314179895294
140487,0.0003152139631269212
140488,0.00011115997338009786
140489,0.00035782849412062655
140490,0.0009584717264344506
140491,0.19446758807134262
140492,0.00037305206131710246
140493,0.00042798525792187947
140494,0.414128994115224
140495,0.0005423301382962238
140496,0.000365634415750142
140497,0.00044937984318591255
140498,0.0005297764636723449
140499,0.0005517728443036191
140500,0.0007607402078682589
140501,0.00044584409821714675
140502,0.002485070825219159
140503,0.000333100734739208
140504,0.0003965004607489933
140505,0.0007983762087223733
140506,0.000564920262458492
140507,0.0028464867621779124
140508,0.007768262460079872
140509,0.0002980293434269252
140510,0.00021868426268332797
140511,0.005445247068055602
140512,0.00024876205517298286
140513,0.000249358358333243
140514,0.0002654973574845714
140515,0.0021784240857117675
140516,0.00041120434577513566
140517,0.0005361048733843752
140518,0.0005023843498389003
140519,0.000296767559093385
140520,0.003588777942368868
140521,0.0003499168057376998
140522,0.001280814203874374
140523,0.00048460275826308735
140524,0.988124267433933
140525,0.022379665234821256
140526,0.012054212613115317
140527,0.0006513567868026087
140528,0.00018851060237691617
140529,0.0009432504489717046
140530,0.0012266061122134027
140531,0.9792996959318135
140532,0.0023018834645994516
140533,0.047979638569417525
140534,0.006865421626339237
140535,0.0003506137845204421
140536,0.00019560299289257734
140537,0.005359657325018864
140538,0.0002637314537423201
140539,0.00046379738163476655
140540,0.000668139046444306
140541,0.00035362304933654983
140542,0.002703143408172283
140543,0.002114063799290488
140544,0.012644084956389837
140545,0.00048229645179100706
140546,0.0003036457030960421
140547,0.9939618124392214
140548,0.30169652900278654
140549,0.0029515283839753586
140550,0.017502830995548835
140551,0.00017056623727893013
140552,0.00030012428066233157
140553,0.005885984880533855
140554,0.0009731482423309897
140555,0.0014999719205942427
140556,0.008342375396204312
140557,0.0005125009244150387
140558,0.00019635080172780895
140559,0.0007108203384958868
140560,0.0004971916340114001
140561,0.0006721703691002833
140562,0.0017057923471428221
140563,0.001137233634154335
140564,0.0013983810493179392
140565,0.0009666755365494791
140566,0.009086443545622012
140567,0.0006551155732124384
140568,0.012217865974677162
140569,0.0013817905793474764
140570,0.03251168766432245
140571,0.00043860360317579
140572,0.00037628340688908643
140573,0.0023106589945362257
140574,0.00039321854897846954
140575,0.0008398888420726257
140576,0.00021637807085299584
140577,0.00039789309429739023
140578,0.0004265383756015607
140579,0.04114966983879603
140580,0.00036402130568153994
140581,0.00037611589527334943
140582,0.008296038064666571
140583,0.39661493279304394
140584,0.014286143733726053
140585,0.0009031419863209075
140586,0.023167921981705225
140587,0.0005671240935149824
140588,0.000963968135716859
140589,0.9526822667426212
140590,0.2487793962508758
140591,0.0014044865938835321
140592,0.0006605379230523479
140593,0.0013605076351678597
140594,0.006106160022365571
140595,0.0005968337357801051
140596,0.0005574570558790937
140597,0.004946043316539687
140598,0.0006678973116560957
140599,0.004731549638109563
140600,0.0001973905724207203
140601,0.000429420851851386
140602,0.01958917058731677
140603,0.0003296743937659458
140604,0.0008829054294645722
140605,0.0015305855127777717
140606,0.005570801856187746
140607,0.0010793202396111234
140608,0.003191460929225598
140609,0.00034015443607722816
140610,0.002956283938003223
140611,0.0008186973436202686
140612,0.0003263266932933226
140613,0.00013817599258501758
140614,0.0041240867780178115
140615,0.027423695629938457
140616,0.0006203785524385684
140617,0.22026354487495242
140618,0.0003579569625553215
140619,0.015598434055918556
140620,0.9863709447861406
140621,0.9904532567420486
140622,0.9783626500478233
140623,0.014485686439179565
140624,0.00012633564400533405
140625,0.00030428603650380933
140626,0.001604204753143122
140627,0.0005048289053119034
140628,0.0009013507031294232
140629,0.27019239786655924
140630,0.0003893844572597973
140631,0.001457947385565652
140632,0.00021300188886112684
140633,0.9838248418367717
140634,0.0005565794319424401
140635,0.0250492182651954
140636,0.0010420874442786199
140637,0.004948306892833381
140638,0.0021733321698045676
140639,0.0003715787996274614
140640,0.0003466598536854369
140641,0.00384662562716125
140642,0.00041510851877762727
140643,0.011772440858773
140644,0.00026507129400176567
140645,0.00773099784020456
140646,0.02964437672419909
140647,0.07488950040461922
140648,0.006088914443880695
140649,0.0007995367863550113
140650,0.00019828921384489666
140651,0.00046232804676380336
140652,0.0004172018166879589
140653,0.0019224502187238657
140654,0.00046499896749959714
140655,0.0020386999587588563
140656,0.00019952856628992338
140657,0.0002883025006405367
140658,0.0002941861403806324
140659,0.0002499404433173281
140660,0.00324531181858261
140661,0.00019420719694871133
140662,0.00027936739365721944
140663,0.0002859859619649621
140664,0.9955425641212758
140665,0.1230708090389084
140666,0.0014476223827392357
140667,0.9955359573188648
140668,0.003771179358637197
140669,0.0005782994809851169
140670,0.0021337547156638293
140671,0.001620200752614116
140672,0.0006298676677800537
140673,0.0002861636685639565
140674,0.00029092682730404526
140675,0.5680235565100227
140676,0.0001057886322827405
140677,0.0005229729018196547
140678,0.0001630620412436634
140679,0.0014292813701386059
140680,0.02577380818444131
140681,0.009743060663486245
140682,0.007041202838820313
140683,0.0016506585142704042
140684,0.00040538571190492907
140685,0.4440395835189719
140686,0.00037341160747042355
140687,0.02008248985756449
140688,0.0005177098345089674
140689,0.00024296381803821235
140690,0.0010111702440463717
140691,0.00018133337112191032
140692,0.045664455981064125
140693,0.0009486473904011383
140694,0.004513881987676477
140695,0.0007721390629746259
140696,0.07411287140695026
140697,0.03173829083279342
140698,0.0005319579044217024
140699,0.004571848575766801
140700,0.007155508164235517
140701,0.00023573365730737028
140702,0.0007526799471992787
140703,0.004268745558754666
140704,0.986967347910568
140705,0.03768914058193994
140706,0.0010628472060125952
140707,0.0003214968531265045
140708,0.0023917004877607654
140709,0.00035178004709153775
140710,0.061669250307845466
140711,0.006255021225088744
140712,0.0006996685974958036
140713,0.0003327991486840455
140714,0.0015012595029566624
140715,0.0010005637661921131
140716,0.0006844582306744256
140717,0.03791015552466322
140718,0.003550715977245974
140719,0.0004895313418262222
140720,0.0008725777990478079
140721,0.0008576284060221082
140722,0.9935221251967372
140723,0.0006880126695773724
140724,0.005266015094980889
140725,0.0007593279305175971
140726,0.00029298474337433294
140727,0.005630028158703074
140728,0.000422498606495107
140729,0.0022527636595480243
140730,0.001856383567963609
140731,0.0004726665387146628
140732,0.15798194264621035
140733,0.00030981704217737443
140734,0.0005971381913573583
140735,0.0006666699776349735
140736,0.004464446997026246
140737,0.0019357996503476707
140738,0.0005787023522739023
140739,0.005924316271674078
140740,0.011937922772302557
140741,0.022575328585171035
140742,0.004758464806104686
140743,0.0003814427726194654
140744,0.0008136190201837559
140745,0.8880305327969367
140746,0.0006681353366965217
140747,0.00023056059881926936
140748,0.0047092802287774195
140749,0.0004995248586299021
140750,0.0004291152676198207
140751,0.0006445903055009425
140752,0.020758465978913992
140753,0.00039389867577596367
140754,0.0002918892678875429
140755,0.9803140440281514
140756,0.0009270885332654938
140757,0.01920959574946953
140758,0.0014781049021513324
140759,0.0007709542944480367
140760,0.0010432578428604931
140761,0.007009300583360429
140762,0.0024645183561341566
140763,0.007434515665246767
140764,0.0008270762281435051
140765,0.0004405403806004463
140766,0.00046739426008272824
140767,0.0016692506307237856
140768,0.00021397107630247465
140769,0.00046133422701318655
140770,0.0051695968354356
140771,0.0026593928336045465
140772,0.06750875320784797
140773,0.006977309074191423
140774,0.012428566307232922
140775,0.0016411816747957332
140776,0.002034006230028376
140777,0.00030754000063906256
140778,0.0006358022390042921
140779,0.992565901551199
140780,0.0011150883021108918
140781,0.0018825759106637537
140782,0.011089667097962492
140783,0.0004203754019425534
140784,0.0007655273028310765
140785,0.0013525790683858068
140786,0.0003307543904771706
140787,0.001171331069702907
140788,0.010553990517182902
140789,0.00035931492058184275
140790,0.002554066489494166
140791,0.003434082898929904
140792,0.00031250570098574377
140793,0.004704152580406038
140794,0.001616261527626712
140795,0.00031155245759168155
140796,0.00045378500862565076
140797,0.267039885591428
140798,0.0006709703301179257
140799,0.00048430785498406647
140800,0.15406263029331546
140801,0.0001195982367485232
140802,0.0012372508363654787
140803,0.9932994978126113
140804,0.011424174980972306
140805,0.0003439292480552888
140806,0.00022328657151859404
140807,0.0053832537476029944
140808,0.00024899028709083877
140809,0.0006608842972618619
140810,0.003292083733129305
140811,0.0004573689631570322
140812,0.0002745795666618031
140813,0.0062337188007122275
140814,0.0002964640387492584
140815,0.00032286696811793065
140816,0.003548183422185789
140817,0.9975912167844233
140818,0.01010377778145247
140819,0.0007782748751351572
140820,0.0020479195267926937
140821,0.0002993708321510621
140822,0.0003196229157275549
140823,0.0017947384826267055
140824,0.9912961119053375
140825,0.9549990442470194
140826,0.026745785801314773
140827,0.0001794428457068638
140828,0.00030478391511849724
140829,0.05620880748834123
140830,0.0006446378333471523
140831,0.002195816002814213
140832,0.000273359750796159
140833,0.00038953522468081854
140834,0.0005107923034397637
140835,0.006567925910370367
140836,0.0021221222096287685
140837,0.000308425580981821
140838,0.011100196932722768
140839,0.0002701822047348005
140840,0.0002868437802075636
140841,0.0003324996424440763
140842,0.0005308109298957979
140843,0.0002446045897164701
140844,0.003018531635359959
140845,0.041464141376307405
140846,0.9886109824674062
140847,0.0001990517951948547
140848,0.0015465560930806447
140849,0.0013505474360674442
140850,0.00047823205530871414
140851,0.004202225806472254
140852,0.00395628987335405
140853,0.00034364278018552097
140854,0.0009882623448520726
140855,0.0009865996006135501
140856,0.002445777155163079
140857,0.002061554277902888
140858,0.0006720200644632317
140859,0.9951650591768691
140860,0.01762281307787244
140861,0.00025261237363852635
140862,0.00029345255485288107
140863,0.00011578902003284398
140864,0.05813465461825745
140865,0.0015053774054691698
140866,0.995851278684986
140867,0.0003154861979684015
140868,0.001942798051706343
140869,0.0004040780916184714
140870,0.00027421907555727124
140871,0.005327568239217726
140872,0.01034478911150905
140873,0.0014894503609217337
140874,0.0021368701186598445
140875,0.12211521148376826
140876,0.004963188513332794
140877,0.0008847561764307718
140878,0.0005654631162959128
140879,0.9850905517749258
140880,0.004357143098640705
140881,0.002367885269298717
140882,0.0009760542045335675
140883,0.0005599725198979557
140884,0.00030113122850515534
140885,0.9839071663668078
140886,0.008345982589866416
140887,0.00018634538000092404
140888,0.3997375584710079
140889,0.018772591949425037
140890,0.9838013103863871
140891,0.002191459246327487
140892,0.00029833417796773797
140893,0.003300687623528362
140894,0.0018974959285177491
140895,0.0011434403377979154
140896,0.00185074024768965
140897,0.00010729274512759269
140898,0.00017608327734970128
140899,0.00022187003923522544
140900,0.983199984177534
140901,0.00018906326996185165
140902,0.02410519380877515
140903,0.005122305947586673
140904,0.0010399969041328492
140905,0.0002525993950921359
140906,0.00135695168551616
140907,0.0003428430855031409
140908,0.007689113021380495
140909,0.0014996506352218566
140910,0.000683756499395733
140911,0.00760385759843492
140912,0.00026631253809187693
140913,0.0006208244876033464
140914,0.0004840920829477666
140915,0.00012080673672630845
140916,0.0018466968329244589
140917,0.00025736960032662903
140918,0.00042848134714685584
140919,0.013736380915933375
140920,0.00021546057985721755
140921,0.00018013768858069547
140922,0.0044900915696310505
140923,0.0004949196639764454
140924,0.0020541395189761576
140925,0.0007636195837346994
140926,0.002503496312810919
140927,0.00011466561191135294
140928,0.00884607519992814
140929,0.0008412112863654367
140930,0.028961369839824874
140931,0.0024788672843627626
140932,0.03821864946807081
140933,0.000537984022840645
140934,0.00129628495607337
140935,0.0011344272769686495
140936,0.0006924390912145318
140937,0.9909619567176069
140938,0.01779162646656165
140939,0.9898226098092149
140940,0.00022713548414969063
140941,0.006762561894399262
140942,0.006543374345966245
140943,0.0003117279739574992
140944,0.048790295813780665
140945,0.00031840998052852845
140946,0.0017889297931271652
140947,0.0002816397186023949
140948,0.0005973417006923733
140949,0.0007410697913185735
140950,0.11909592725383851
140951,0.9372809925222331
140952,0.0013574200646822927
140953,0.0011162383702886152
140954,0.00030356174500711274
140955,0.00043957241076023735
140956,0.005690580886608233
140957,0.0006499309268202929
140958,0.029148833874060327
140959,0.0015332414688600218
140960,0.005046841958942137
140961,0.10624843866529866
140962,0.0011270936979825914
140963,0.00804779668083249
140964,0.0021845049424362444
140965,0.031855145473286696
140966,0.04098543893522688
140967,0.0026604694676664563
140968,0.00010616308158331857
140969,0.979571102658779
140970,0.020645967857109235
140971,0.002282848536303307
140972,0.5153592436429274
140973,0.0011501776368384243
140974,0.022021413155127782
140975,0.0002400532456738516
140976,0.000395603182643101
140977,0.0012919854889465977
140978,0.0017702612238502645
140979,0.000626028240560723
140980,0.0016433179546615007
140981,0.03032854921951026
140982,0.0005983911679169656
140983,0.008479461983209811
140984,0.0007227598592684508
140985,0.015954529901349924
140986,0.00023453784537669488
140987,0.023860817638222245
140988,0.29932724890798146
140989,0.0002458567801524879
140990,0.008174702680546545
140991,0.000575262766490273
140992,0.9880098690248272
140993,0.002333543745296272
140994,0.0009498810175209831
140995,0.007642468075357273
140996,0.007804941831658629
140997,0.0012526561505382448
140998,0.3777677722650783
140999,0.06416578067906402
141000,0.0005805954598681134
141001,0.9882339847112466
141002,0.0012053582267974945
141003,0.0005041304736091267
141004,0.9949650718934547
141005,0.0018774630192217024
141006,0.0019424815658084264
141007,0.9902816293642995
141008,0.011275142997178132
141009,0.9786046713373442
141010,0.007573769772105686
141011,0.0005217882466166909
141012,0.015036951823611672
141013,0.0002526772349639484
141014,0.000617910071572292
141015,0.984302846060855
141016,0.0011044861505079087
141017,0.0005283135068631204
141018,0.0038486894126987634
141019,0.0010900793454837634
141020,0.0002409055286711056
141021,0.01182579098025139
141022,0.00362345826427581
141023,0.004749334295808011
141024,0.008357015998937315
141025,0.00020580410948237504
141026,0.004856459575667716
141027,0.001254096525738844
141028,0.19139080705367595
141029,0.003785924301835933
141030,0.0018338828689935416
141031,0.8202861580367976
141032,0.000182570156874911
141033,0.0011550420000067357
141034,0.9558954371306461
141035,0.5867014683331163
141036,0.0017960564349185834
141037,0.0020915774918292785
141038,0.0005447653520397502
141039,0.0015564992471014283
141040,0.07026725421696016
141041,0.0005435379100576505
141042,0.0005949972612704258
141043,0.005193602692042673
141044,0.0002742091657606381
141045,0.017360626193074106
141046,0.0008875083255542096
141047,0.0009434134206718725
141048,0.9876758837751441
141049,0.001059067038669725
141050,0.0004997071023284518
141051,0.001765769763574621
141052,0.005280608683961988
141053,0.0001598931568203609
141054,0.0006179224898224658
141055,0.0004540398535088994
141056,0.0006879078127802536
141057,0.00025044683953510916
141058,0.03508845763271239
141059,0.9723227112043764
141060,0.00350560510925274
141061,0.0005500484287626137
141062,0.0006811471028615573
141063,0.010453513647767481
141064,0.005195464048636926
141065,0.00081354881484158
141066,0.00031075873841445047
141067,0.00031769605143831966
141068,0.004232863845634653
141069,0.996274488562595
141070,0.00019801416771797088
141071,0.00012774042965912492
141072,0.0032526108446762885
141073,0.000839208977259028
141074,0.00027428227320570387
141075,0.0003859514119194095
141076,0.0014951679057190546
141077,0.00023837708096030455
141078,0.004864090239079431
141079,0.002046060729333163
141080,0.0013753393287256014
141081,0.0002668635246495181
141082,0.001533216587762185
141083,0.001568326639814517
141084,0.0002327744095098227
141085,0.9815035320950335
141086,0.0012304229073078579
141087,0.007905436071683737
141088,0.0005278918799443011
141089,0.004758707781091053
141090,0.00019283686617327004
141091,0.11876461320897816
141092,0.09818583777425709
141093,0.0018524257355261233
141094,0.0009259794271529489
141095,0.9971230922947047
141096,0.00047865049307221246
141097,0.0003725591366125152
141098,0.0003383967038175147
141099,0.0010766449561687712
141100,0.9939750171611146
141101,0.0029667209753329047
141102,0.000632614844202498
141103,0.0003508594039661483
141104,0.0001829855833033611
141105,0.0003716179201704157
141106,0.00550297710218148
141107,0.0005845093826019245
141108,0.009924965269984386
141109,0.9896575467287934
141110,0.0003463447823389172
141111,0.006044059500357701
141112,0.000610763965788904
141113,0.0002313683748839571
141114,0.007305999287316091
141115,0.001166842808276623
141116,0.005703025529770417
141117,0.03845181056351688
141118,0.0021898675247982217
141119,0.9937057471885758
141120,0.0005725889985865976
141121,0.00023699955999336299
141122,0.0006344698557119611
141123,0.0023394424642913603
141124,0.0003914762347976486
141125,0.005926140880563576
141126,0.00444168481940692
141127,0.000470573570677849
141128,0.04752034517544584
141129,0.32486551420072407
141130,0.0007505814105723612
141131,0.0006583389379054455
141132,0.00014887431818885757
141133,0.003933078189943015
141134,0.002419810953639518
141135,0.00024487769295140395
141136,0.0018193551123857916
141137,0.0006286002362117662
141138,0.004938419240830671
141139,0.0004949164521813549
141140,0.9838271809029748
141141,0.0002362805521075201
141142,0.0002601867208446643
141143,0.019260555836249728
141144,0.9891106209194227
141145,0.007326839274008827
141146,0.002035684991300711
141147,0.000303944960336779
141148,0.0006186603344394019
141149,0.00085133648296579
141150,0.0007463836716279429
141151,0.0002521573441303815
141152,0.0006392393100851152
141153,0.0008288767200612977
141154,0.008138915831959947
141155,0.9900814777655658
141156,0.0007097159550162338
141157,0.006902399290420969
141158,0.003197803815335736
141159,0.003317538910391077
141160,0.0013800139099025643
141161,0.00016519395893770832
141162,0.0008618760970894848
141163,0.0013443464506351101
141164,0.0008961362393873914
141165,0.00011782518894633317
141166,0.022861308545304316
141167,0.002410245470348596
141168,0.0003154724009850084
141169,0.0028045347174927376
141170,0.00037053754764877636
141171,0.0005240052411375406
141172,0.00019526378153056294
141173,0.0031320227605671244
141174,0.00034927497031826227
141175,0.6833247788867918
141176,0.0007415256711070643
141177,0.00017183547558832972
141178,0.0013831653722802568
141179,0.0004386927827726502
141180,0.0019674968236310956
141181,0.007702341167751277
141182,0.0188514463730807
141183,0.005116923734065827
141184,0.0026482475799713048
141185,0.011839607873173178
141186,0.9850306777415738
141187,0.0024449660586000105
141188,0.003972014594197137
141189,0.0003479966066637477
141190,0.0015879562567150444
141191,0.002258118935789145
141192,0.05240490969447302
141193,0.08377580681243757
141194,0.06128850123858954
141195,0.00123495649368724
141196,0.008656872081610506
141197,0.015898013562287122
141198,0.9853639428320409
141199,0.0032631997471631756
141200,0.02529823421064051
141201,0.0014283875476347394
141202,0.0017642559167199607
141203,0.0252457792163331
141204,0.14806037009078887
141205,0.0031108235446771423
141206,0.02143551096714491
141207,0.9943432162224252
141208,0.0003705926374446806
141209,0.0010965443433782781
141210,0.000810312801801072
141211,0.014595298785445234
141212,0.9925722002941139
141213,0.008429593981851589
141214,0.002962469190341764
141215,0.004493766385873764
141216,0.0005062592356965526
141217,0.00047441091755045796
141218,0.9848753201649224
141219,0.0014797670392106203
141220,0.0004508187366459337
141221,0.0002956077009973879
141222,0.0003214159478235285
141223,0.34951269260458506
141224,0.0005453555231346785
141225,0.007225340765855971
141226,0.002001722858785383
141227,0.0006046096079261199
141228,0.00024962520374104304
141229,0.0031198934805207407
141230,0.00024501519876257856
141231,0.0006868670159641955
141232,0.0009727913168376578
141233,0.0057405678194390655
141234,0.0013113097131293183
141235,0.0007770861326496795
141236,0.0015169843518403614
141237,0.0037183330106976536
141238,0.0002668968237312702
141239,0.995083393758847
141240,0.002635230647001626
141241,0.0012591905593273044
141242,0.9424131789374728
141243,0.007367024208615665
141244,0.991539964673828
141245,0.0020033259283449376
141246,0.0007258501101499956
141247,0.0005803004650294391
141248,0.0025081571775821595
141249,0.02639064969442648
141250,0.000877784377352077
141251,0.020896476102114193
141252,0.0010323777353535338
141253,0.00023386110564469124
141254,0.002628788342942757
141255,0.05997125251404541
141256,0.0007223686580759966
141257,0.0004157077051770199
141258,0.0001895077061598908
141259,0.9397196630799939
141260,0.000453709585364012
141261,0.027740395240436713
141262,0.0008376792319449376
141263,0.0006127686203370886
141264,0.030750468339138172
141265,0.05017699250218993
141266,0.00029592694080268533
141267,0.990829783579651
141268,0.017591406706489537
141269,0.0010405848029124548
141270,0.9952357865612789
141271,0.5220882826207355
141272,0.028233577027231286
141273,0.0006775411450059835
141274,0.0001311147548464287
141275,0.00023889870178860168
141276,0.0013147137138161214
141277,0.000272073746195208
141278,0.028629278822939124
141279,0.00025623774224845696
141280,0.0010968688447644212
141281,0.0016241335451226324
141282,0.8991004555648353
141283,0.010652745297680186
141284,0.00032891826791225346
141285,0.001797536496621065
141286,0.00028491073937301733
141287,0.0023766737592123294
141288,0.0003538137236629518
141289,0.00028961368163995854
141290,0.0002481693672917929
141291,0.00019226401612934465
141292,0.0003804993536534868
141293,0.00018002158611588325
141294,0.0005155015143612094
141295,0.02821175622553502
141296,0.9791474438935802
141297,0.0026974835484383317
141298,0.0003478464672501515
141299,0.003329040050026962
141300,0.9936038419534959
141301,0.00031573712137041585
141302,0.9863008375388891
141303,0.047755297903690964
141304,0.00811092030302506
141305,0.025932131836837367
141306,0.00024099013083558332
141307,0.00031837673889461177
141308,0.004199253362822388
141309,0.9808144634098732
141310,0.00025414722648983554
141311,0.0003985330316964181
141312,0.0030617728142935084
141313,0.00032417978574063544
141314,0.00029742197882127384
141315,0.013016145013016345
141316,0.0011736900584873695
141317,0.0146085232426295
141318,0.0007746590806935281
141319,0.0005708339538022002
141320,0.022760151263963514
141321,0.9862207215511468
141322,0.005250604655475639
141323,0.0008829479939912076
141324,0.00027467125508163657
141325,0.00027739616708888376
141326,0.0030507753646794237
141327,0.005529935913191788
141328,0.5556801939505429
141329,0.00181481831545522
141330,0.0002786260294859356
141331,0.06851917559680894
141332,0.0018807806752847564
141333,0.00015475080777766138
141334,0.0020266706366791534
141335,0.07603375209693401
141336,0.014174888927318371
141337,0.00011273790451029108
141338,0.00026098036246363496
141339,0.0016042891257776182
141340,0.035300038879634905
141341,0.07283116152914484
141342,0.00048204986028414516
141343,0.003513637662440615
141344,0.9926962507201967
141345,0.01624616013755913
141346,0.043205796128351466
141347,0.0027065008259797023
141348,0.002486775008879965
141349,0.00038753310847131615
141350,0.0003657475252434732
141351,0.00024284241312586986
141352,0.00036535027634475894
141353,0.026523300708390072
141354,0.000153212261094088
141355,0.0013636559438808772
141356,0.8592148709295662
141357,0.0025607474773723213
141358,0.00023747538675512937
141359,0.0013328539699837022
141360,0.00044755628124785367
141361,0.009140317469541442
141362,0.00023546993811523461
141363,0.9936946565020249
141364,0.9728676561061114
141365,0.0024182307362518455
141366,0.0039008161161774237
141367,0.004249844010733632
141368,0.9965213040505095
141369,0.00016515980155334034
141370,0.0007676681352973733
141371,0.0006667029337322833
141372,0.001055735056517673
141373,0.990329150105987
141374,0.00045866943772893256
141375,0.01465775621236883
141376,0.0010299676204440285
141377,0.0008230200456305519
141378,0.0008397586002250849
141379,0.00036049112299976305
141380,0.009462216459896096
141381,0.0001752470234218864
141382,0.000500165090646925
141383,0.0018429079038157293
141384,0.9869784945769724
141385,0.0014067532573652888
141386,0.0001953525900905174
141387,0.00035515399552795877
141388,0.002609804842268338
141389,0.002453550481357681
141390,0.0003353945621161305
141391,0.005267198462830101
141392,0.023913509484087075
141393,0.0036159693970198034
141394,0.0012923283241638838
141395,0.0019435213488142068
141396,0.007475396459866431
141397,0.00903017861324421
141398,0.00025764266696327577
141399,0.00024109411178365437
141400,0.0010124679641863186
141401,0.0007354714775329258
141402,0.0005328249536036242
141403,0.0013594567327101267
141404,0.0009825494480291952
141405,0.0004080535855298083
141406,0.00015047347484607786
141407,0.6340162085375086
141408,0.0005250774185988846
141409,0.002032684723464279
141410,0.05693358395077131
141411,0.006459616804150099
141412,0.00019875419762023662
141413,0.0010881035741532614
141414,0.0020535519090184714
141415,0.0035568722584645297
141416,0.0008772249122329883
141417,0.0006649743030101283
141418,0.0019350156812958617
141419,0.0018932881511174375
141420,0.0009725148331770191
141421,0.007170576697521171
141422,0.003899990844535465
141423,0.9895023944001855
141424,0.00024281017999907181
141425,0.0011094037433703313
141426,0.009648219637607309
141427,0.009063980685443255
141428,0.002211204843842189
141429,0.9930618149846772
141430,0.0003811064949044458
141431,0.0052373086210167116
141432,0.0017290368491177524
141433,0.0034749164604230597
141434,0.005495664159065986
141435,0.000673386634049623
141436,0.0007912167646969615
141437,0.00031474623965066024
141438,0.0032304555190869953
141439,0.16087579453583556
141440,0.0042845012685680086
141441,0.0019044653288610236
141442,0.0008760963155807332
141443,0.0007857160183260081
141444,0.00017901719772304533
141445,0.00034572745567789135
141446,0.9699896052864959
141447,0.0009609974851252683
141448,0.001814162956365752
141449,0.007674191966123366
141450,0.0005344160869945693
141451,0.22440717081185935
141452,0.0005365278427686912
141453,0.9954852403790359
141454,0.000588338496753469
141455,0.02879989769762129
141456,0.0013314702522295527
141457,0.0001912012610366753
141458,0.0002580935284589308
141459,0.5938513890709218
141460,0.00029241914861008895
141461,0.0012960431943262892
141462,0.9809075027513611
141463,0.00874628375470908
141464,0.05146976532046713
141465,0.045302452391924784
141466,0.9921757835945252
141467,0.0025090006796373273
141468,0.00032428587430547676
141469,0.006541778069083966
141470,0.0003863916384226137
141471,0.0006756660388999419
141472,0.0003163384992844413
141473,0.001270094738154727
141474,0.0011261908298542452
141475,0.00027183360399713
141476,0.0009769312443184556
141477,0.0005925264983304386
141478,0.003531678047404162
141479,0.002215640387113743
141480,0.03860754333203391
141481,0.00840930342830599
141482,0.017436065188222667
141483,0.0007090396790644171
141484,0.00037578573831728357
141485,0.0006939402272389823
141486,0.0012758521262209908
141487,0.0010716652424012025
141488,0.0003962824407455429
141489,0.0003327033399002719
141490,0.038348813119110974
141491,0.021564880190092207
141492,0.0005439200440094862
141493,0.0015922761656705859
141494,0.0013910927251136347
141495,0.00034442787387332924
141496,0.002073051815543113
141497,0.035681347836842195
141498,0.4113306984194437
141499,0.002010469304325862
141500,0.0005221093337117513
141501,0.0006535676905288786
141502,0.00041015376336845326
141503,0.00010383329963683045
141504,0.00022573433237166687
141505,0.03535698245556698
141506,0.002117450730037776
141507,0.012919946083934942
141508,0.001505313754868232
141509,0.0006840744897813122
141510,0.0027596788949010324
141511,0.0011764000218754695
141512,0.00030018250549716606
141513,0.0012111199507330824
141514,0.0007839344521903652
141515,0.0009141940054730453
141516,0.0011176963174536743
141517,0.004317774568394062
141518,0.0034708727185174476
141519,0.0010497729094545972
141520,0.00028926502601865324
141521,0.002076952599869747
141522,0.015558066950436251
141523,0.0017943888849726156
141524,0.0013846776996595223
141525,0.0009563662143404459
141526,0.0020009959692071817
141527,0.00033459884684900826
141528,0.0011262166481537596
141529,0.0010753047296643778
141530,0.0002418699364136921
141531,0.0005313387100750888
141532,0.0013163899142518958
141533,0.005949845152031134
141534,0.04834455605280623
141535,0.003345456780849951
141536,0.03903651611860704
141537,0.00018199349017427715
141538,0.007246883102514424
141539,0.020244143023723887
141540,0.00047890504182619204
141541,0.0012516094235538418
141542,0.0018945251999799874
141543,0.00035792097307816873
141544,0.0156913343586216
141545,0.004852973365819155
141546,0.0002897885480780578
141547,0.0027395201644114316
141548,0.00025940006690627275
141549,0.005870711431261606
141550,0.0002797784028720181
141551,0.0581455083862137
141552,0.0009729320667469302
141553,0.9916386920783739
141554,0.0005301949476346977
141555,0.0001080692787836746
141556,0.0032365810341441633
141557,0.0003768939129888207
141558,0.0011072809792725933
141559,0.00041785556386200805
141560,0.9965311747102915
141561,0.984086838061503
141562,0.008287977885705795
141563,0.0004531941327736384
141564,0.0004695917434282831
141565,0.0009680617411130931
141566,0.003243980034813128
141567,0.9901833166847506
141568,0.0013169890402885242
141569,0.0036134178690515172
141570,0.0003283976737985544
141571,0.000320864262168534
141572,0.9933742062594598
141573,0.0032230473309494464
141574,0.0014313125751927213
141575,0.12058641478522551
141576,0.0008601713331313301
141577,0.008230429037418824
141578,0.0012716689033102576
141579,0.00217626370539479
141580,0.04091986340523197
141581,0.0003176334901058359
141582,0.00025570294484347013
141583,0.0003026641177336105
141584,0.004305725783200141
141585,0.005352060812578673
141586,0.00022437840314281382
141587,0.0007259424621492539
141588,0.006406089600432192
141589,0.01244918302075778
141590,0.002163205158496048
141591,0.00039211234718542496
141592,0.0007323112560925037
141593,0.0033604962382160217
141594,0.9755349546550517
141595,0.0023575746887402583
141596,0.00208317107834473
141597,0.0008656045080856773
141598,0.004088079133425887
141599,0.0018154385375938567
141600,0.0006054530440549074
141601,0.0014674141956495484
141602,0.00029378316954110174
141603,0.0006311697093189474
141604,0.002543632242252185
141605,0.0007329099236763198
141606,0.0003381056126162082
141607,0.0002356405390784898
141608,0.0018096766777363884
141609,0.02466552223756914
141610,0.00017614071068165584
141611,0.00037356032551632087
141612,0.0002545921797709493
141613,0.004558715819580747
141614,0.0009052925896540575
141615,0.9894410166135831
141616,0.000289122968414416
141617,0.9871633901454109
141618,0.000282229130977186
141619,0.09550490716539894
141620,0.00045155808720576677
141621,0.00020542734698112344
141622,0.9936778573228587
141623,0.0035535715191453306
141624,0.00029091779748841533
141625,0.0006104492557481873
141626,0.0009865343015167582
141627,0.0006559412484406407
141628,0.0012175724036140201
141629,0.0006060235940106378
141630,0.012771452013988528
141631,0.003734663063139889
141632,0.000207438573905801
141633,0.0009576421231023951
141634,0.002451273023295708
141635,0.0001965052730856516
141636,0.003765926615536997
141637,0.0008712869230162795
141638,0.04369437765160619
141639,0.0011734235064006576
141640,0.0025241468846173352
141641,0.0004695887095618654
141642,0.991594504792284
141643,0.0010312068327046715
141644,0.001012597635758315
141645,0.0005899064918494516
141646,0.0017193250763360452
141647,0.00382577683520719
141648,0.022917755146487518
141649,0.053809436331608375
141650,0.0009300565266549057
141651,0.027524957039037484
141652,0.9956233229353082
141653,0.009985392289165194
141654,0.007051034580282109
141655,0.1501711661143581
141656,0.005878851261403825
141657,0.023303336459914996
141658,0.9906808087632841
141659,0.0001710875228075648
141660,0.0066588574710312225
141661,0.9849854277610886
141662,0.003790259849185761
141663,0.00021344436398423934
141664,0.005492122207450581
141665,0.0003306804615957692
141666,0.0011130122600900912
141667,0.002490092710026289
141668,0.0017372257500338983
141669,0.0005815485782402579
141670,0.001752954191229822
141671,0.9884296117378728
141672,0.0002073682322603756
141673,0.988440756813129
141674,0.0005485082485191
141675,0.9956646516474863
141676,0.0010725416938376635
141677,0.00015123539763658956
141678,0.018175096765714948
141679,0.0010080779853078722
141680,0.00043823159904700257
141681,0.11336647598277398
141682,0.002795373239237979
141683,0.994160497822079
141684,0.00047159327494744293
141685,0.00020291929566890415
141686,0.9834875452484476
141687,0.000732678407410969
141688,0.0008032507194930197
141689,0.00021346472147678434
141690,0.0008298221579493997
141691,0.00981266963704158
141692,0.011657241871873508
141693,0.00024522603479951074
141694,0.00028503499702487936
141695,0.0009975372864432263
141696,0.010219251292834027
141697,0.0003992169114166795
141698,0.00022346937754700813
141699,0.00010089657391522663
141700,0.00043445037771436425
141701,0.0024175713828364295
141702,0.0003404961895132568
141703,0.006789419595301777
141704,0.0007904940813240235
141705,0.0004309544537548791
141706,0.00038729556772645787
141707,0.00016723488411852244
141708,0.000889154857472318
141709,0.00029078648073595996
141710,0.9743600523474317
141711,0.000730071738943523
141712,0.00020871142687428209
141713,0.9874769002628847
141714,0.0007312923234755758
141715,0.0005400477240212083
141716,0.005957463435769228
141717,0.00024820039183136175
141718,0.01028613601126871
141719,0.0002423452654247419
141720,0.0006842825162999991
141721,0.0032082602464130502
141722,0.00040396968138511555
141723,0.0002102304004164325
141724,0.0006345786086012023
141725,0.0009806693946775556
141726,0.18906825041366604
141727,0.0006407239127029968
141728,0.001291701229987051
141729,0.0007253616907757404
141730,0.9791912597766669
141731,0.004801048439725931
141732,0.0003882218795901225
141733,0.044869310622195735
141734,0.003043954034414254
141735,0.0011100992767703044
141736,0.00041596810435397914
141737,0.0009225690282907401
141738,0.0008162256386913087
141739,0.0004725972758989186
141740,0.009177579336146905
141741,0.00023012938206432403
141742,0.00037276573515713303
141743,0.0005994083194517274
141744,0.00021138989237032518
141745,0.004014053024477594
141746,0.002211266261787697
141747,0.0001935234572916054
141748,0.00048756081691847286
141749,0.00042712651182377255
141750,0.00024476025007800394
141751,0.0007450753805762051
141752,0.0001712356778965044
141753,0.00043371919818190166
141754,0.0033311476637743185
141755,0.0008072486107702469
141756,0.00014821242933200807
141757,0.0001704270331173725
141758,0.0009594224486032238
141759,0.0021198724778976495
141760,0.05403142119752669
141761,0.015151997012001511
141762,0.00028159210456065896
141763,0.00031000587637599664
141764,0.44654835998356923
141765,0.0003417499187889065
141766,0.029081437795838556
141767,0.003227360525060893
141768,0.9956258355922791
141769,0.037712181837118906
141770,0.00021080931758035205
141771,0.0002657095983513506
141772,0.00024044555933681492
141773,0.9194225198319178
141774,0.0007148187342523715
141775,0.00031541666611671865
141776,0.007895662803719684
141777,0.0004669603053488244
141778,0.015148507113679634
141779,0.0005288923115713852
141780,0.00010174136640670317
141781,0.0004597001874890332
141782,0.0007408824884431128
141783,0.0051279939917227855
141784,0.004375749238684817
141785,0.18807942865635632
141786,0.0006984649099063065
141787,0.008136118737817251
141788,0.00029309674402194644
141789,0.0006887112835769979
141790,0.0010282792711179198
141791,0.00011800554415678119
141792,0.00014676238005244003
141793,0.17818178641380691
141794,0.7707865446350857
141795,0.0006095423512859233
141796,0.0004032367158473744
141797,0.0003418329718001982
141798,0.0007206425238074791
141799,0.0020836144978026495
141800,0.0065775982900121155
141801,0.00016930261402017132
141802,0.0003755008187778974
141803,0.0009914792154229258
141804,0.9684366853350115
141805,0.0002446963156138842
141806,0.9855680914243907
141807,0.03233062965365481
141808,0.0002911078626078235
141809,0.0010984007001770383
141810,0.0016040436839940585
141811,0.0031559504559681172
141812,0.454003566080056
141813,0.005536023493597691
141814,0.0006048467937034145
141815,0.0002779861907004448
141816,0.0003000329097560615
141817,0.0006395960350257048
141818,0.0019070288136631486
141819,0.0005058974278304561
141820,0.00015702612963502222
141821,0.0003600956119463171
141822,0.001107150820516845
141823,0.00012967683489602743
141824,0.0002653767627436106
141825,0.0017605220441371916
141826,0.974837132881685
141827,0.009380827755526332
141828,0.001400671210659386
141829,0.0005240647250327681
141830,0.00657686189291825
141831,0.00023369532559012194
141832,0.00016866905757901323
141833,0.000971903125066337
141834,0.0028455829726685908
141835,0.0007128552670796647
141836,0.0030124435174905223
141837,0.9780885657403022
141838,0.014499570019029923
141839,0.0007596984584339626
141840,0.9412673369860649
141841,0.0005767549593123786
141842,0.0003957355733438097
141843,0.0013144710669107916
141844,0.0011019469614281382
141845,0.0016936519987829299
141846,0.000788118780158862
141847,0.000259244524789226
141848,0.004546398707385814
141849,0.0008888305697854319
141850,0.0019097451481580438
141851,0.0002270028124011119
141852,0.0003278006518946951
141853,0.0010027131543059726
141854,0.0014653994926216742
141855,0.000289387797128187
141856,0.013566875608728924
141857,0.00026439112435189
141858,0.011444791565308572
141859,0.0002615045158408315
141860,0.00019955213362899042
141861,0.0018941287524752673
141862,0.0007132915485413096
141863,0.0006746675007351327
141864,0.00024179670401566192
141865,0.9087146142854788
141866,0.0015995776067240848
141867,0.003368934181354139
141868,0.001128854358905933
141869,0.0003584771221261708
141870,0.0010387268339309794
141871,0.0005442656176457302
141872,0.00041458910085053684
141873,0.0016963122307639355
141874,0.0015924489119608558
141875,0.0005055894287008607
141876,0.010856046384322967
141877,0.0005122820002394665
141878,0.0004044656904623652
141879,0.0016052905442658525
141880,0.0026461668371839902
141881,0.02976312667948761
141882,0.006462323998879502
141883,0.07571162634480537
141884,0.0023461305509760713
141885,0.003497827230350621
141886,0.0015198454741926035
141887,0.00035268705486136807
141888,0.0005266944510815034
141889,0.00030312570455090374
141890,0.0003328407541110914
141891,0.0022431435973717466
141892,0.11869945024956552
141893,0.0004171059717110837
141894,0.00039620585387965406
141895,0.0004901323377439531
141896,0.0018621288826288465
141897,0.003992046306873426
141898,0.0008672396875693435
141899,0.0011228590526331508
141900,0.01670004965790706
141901,0.0003791462287137091
141902,0.00044123848998343755
141903,0.0004935525949204173
141904,0.000334716041335679
141905,0.0004422496222467189
141906,0.00018821832605282147
141907,0.0007049420760493563
141908,0.00032000098797134316
141909,0.0011298851098094699
141910,0.0006605888355248545
141911,0.002763361437668198
141912,0.005788982634064678
141913,0.04392580823793388
141914,0.018782182662327392
141915,0.00024419386521009245
141916,0.00024458111944622457
141917,0.11379872550035765
141918,0.06027241791657752
141919,0.0018106795247976497
141920,0.017242166382957225
141921,0.004574673858105629
141922,0.03209121300097302
141923,0.0008181059642975118
141924,0.0006265796896420244
141925,0.00027738633512216625
141926,0.0004855299509878428
141927,0.0002471668144090641
141928,0.0011805858081568056
141929,0.9827116712559204
141930,0.010295718940259789
141931,0.0008162356303547878
141932,0.0005445493245486268
141933,0.0007984572545045006
141934,0.001443945100817839
141935,0.00021348816445276294
141936,0.0015544508133548342
141937,0.00012711545733130392
141938,0.00015886027036325902
141939,0.003014901085151908
141940,0.006561065732750632
141941,0.00030108061466195665
141942,0.0002887421277386686
141943,0.004380454650719521
141944,0.0008587639414004604
141945,0.0003959811881116245
141946,0.004077142659279388
141947,0.0013215908811054858
141948,0.0009282889749772449
141949,0.006593052924825408
141950,0.0022842998222551538
141951,0.002873069781536976
141952,0.9920725412835818
141953,0.00027383352772947076
141954,0.009005898137072161
141955,0.0043309022475063975
141956,0.00036726241524718596
141957,0.2607792920149494
141958,0.010131384429895895
141959,0.9957305281116916
141960,0.0014743644582728697
141961,0.0005114054291367971
141962,0.0006953565966492721
141963,0.00023764659188745227
141964,0.001215724528862382
141965,0.001393551522621314
141966,0.016165204870116048
141967,0.7382222131226094
141968,0.0033888344269759033
141969,0.9970056545282717
141970,0.029477460086259566
141971,0.0014827938435130494
141972,0.9871737630553272
141973,0.0015552960263405708
141974,0.00027803781563710085
141975,0.0009274225124194797
141976,0.0008182255361363157
141977,0.0018359217980147499
141978,0.00035377304997891
141979,0.0022985099339062156
141980,0.0010604489565111976
141981,0.00024683246882505717
141982,0.0006022871807963688
141983,0.00012031664222563355
141984,0.001342079216801448
141985,0.013505519247505022
141986,0.0019593720310984095
141987,0.0006047288783315459
141988,0.0009381286533450494
141989,0.0013827447222237367
141990,0.0024238669769888516
141991,0.0007766255324397621
141992,0.0005346570273645394
141993,0.038325714100423534
141994,0.006748975280003316
141995,0.0003361772451915073
141996,0.008628596175372882
141997,0.04808433140645741
141998,0.00023093007391763643
141999,0.00131250074661306
142000,0.0009076439719754835
142001,0.00022234482452220415
142002,0.0007305431597204292
142003,0.0015080612896290217
142004,0.0018335594560750105
142005,0.014355580793314804
142006,0.0026511226658214844
142007,0.000811777939668442
142008,0.0007031426810080206
142009,0.0004113784434055364
142010,0.0009064912989879882
142011,0.0009284713661321741
142012,0.0013931705744286346
142013,0.00029839198443872553
142014,0.0005676735991275494
142015,0.0002668949043614545
142016,0.9935063596386658
142017,0.010301424382293995
142018,0.0013744192937680793
142019,8.322856438051769e-05
142020,0.002364566179309904
142021,0.0003735854499984884
142022,0.0005332086206957309
142023,0.004856281830995218
142024,0.00012475165777558854
142025,0.004244556841296218
142026,0.0016177998657882038
142027,0.49128230043493476
142028,0.9970697400626227
142029,0.04311158789352894
142030,0.0003128965213632034
142031,0.052259753908654505
142032,0.037008010439800024
142033,0.10696440158268455
142034,0.006761857715690648
142035,0.0013780014906383403
142036,0.004758478089877016
142037,0.09363855967520252
142038,0.007014419556216765
142039,0.0002202754499704811
142040,0.026217207263665263
142041,0.0007617344682795368
142042,0.0003535773770057655
142043,0.9962978007048151
142044,0.001401991701198856
142045,0.00012954460524784185
142046,0.003356671669442531
142047,0.0037550238849634056
142048,0.00020151981819669455
142049,0.00022517705780058698
142050,0.021448343867462593
142051,0.0007588194765431481
142052,0.0038409938865141707
142053,0.0005610151169641804
142054,0.0043561882854179
142055,0.001249500324421882
142056,0.0036731686636733174
142057,0.07835107744504832
142058,0.2684725254083705
142059,0.9919313649675644
142060,0.0027983329840946805
142061,0.992940722048425
142062,0.007647830830956087
142063,0.0006021109760994192
142064,0.0018713068929239003
142065,0.5998026091944934
142066,0.0002805412455677302
142067,0.0006712875248105153
142068,0.0004850757678865111
142069,0.0012007388366003825
142070,0.03132012683494977
142071,0.000512787929356383
142072,0.00816527558409129
142073,0.00247865272185681
142074,0.0015383579618519978
142075,0.002420724265339065
142076,0.00024373031246439862
142077,0.00016859967397961514
142078,0.0004894560243903209
142079,0.0019756733923969334
142080,0.0024728994823025726
142081,0.0005263972339897004
142082,0.0009625643445673559
142083,0.0013934911177260743
142084,0.004333735373924772
142085,0.0006720346892989588
142086,0.01898407404095353
142087,0.009919542042367788
142088,0.042882054650391105
142089,0.0007788192104503307
142090,0.0014025042203455423
142091,0.0005723988600401997
142092,0.011848762666736613
142093,0.00032054875909423916
142094,0.006942429685826428
142095,0.0008467831256791435
142096,0.00904433229012723
142097,0.0005505367702741186
142098,0.00029638221044652477
142099,0.0005493249847668708
142100,0.0002525613948323163
142101,0.04356245022290166
142102,0.0012927918139539777
142103,0.0004862164000222912
142104,0.025999546842142132
142105,0.0002949006202992786
142106,0.00021198786482266993
142107,0.0026866497160551854
142108,0.000558293173432123
142109,0.0024421595955281565
142110,0.000982386749666283
142111,0.9891090010614059
142112,0.0014538539314904915
142113,0.0007239753951117508
142114,0.0006727222285169167
142115,0.000273273584878393
142116,0.02673113014892318
142117,0.0005420022286429305
142118,0.000534805319212623
142119,0.0003202237742531509
142120,0.9007664890893601
142121,0.8096428739196398
142122,0.0012885626876708099
142123,0.0006806439574714081
142124,0.0004631155527304124
142125,0.0012649439018580116
142126,0.008614800155571554
142127,0.004268659679814697
142128,0.0004010522284711578
142129,0.0003394336547226217
142130,0.0024052222935750517
142131,0.014402158257875644
142132,0.001337524795615712
142133,0.001897391915971338
142134,0.031954454682666035
142135,0.9892605311334054
142136,0.0003008748615983465
142137,0.0002046675960849409
142138,0.00045930020582416115
142139,0.0006097223596850059
142140,0.0002180572713905531
142141,0.0029615743050878077
142142,0.9851206325942021
142143,0.00521813702105061
142144,0.9928992297817277
142145,0.007653470120595528
142146,0.007283979551440262
142147,0.00038546151066532375
142148,0.0035224095349188204
142149,0.004493017365468731
142150,0.003207931302607498
142151,0.00887325393209525
142152,0.0009036019044798929
142153,0.9902590365311532
142154,0.001210191117008645
142155,0.0005680899518948555
142156,0.0873510849401619
142157,0.0008218440167758495
142158,0.0005212786132145927
142159,0.0011335880663256625
142160,0.007949848156777961
142161,0.9946897421581119
142162,0.0007040542391668918
142163,0.005552284151272708
142164,0.0028880840466875206
142165,0.0024927234201198517
142166,0.00030482565545962256
142167,0.39391294132237425
142168,0.00032484987922515063
142169,0.000229501061519319
142170,0.0006145380982079368
142171,9.165673650148564e-05
142172,0.0003031614053611088
142173,0.0003238087070315074
142174,0.00685554956140465
142175,0.0004718545998960653
142176,0.0004943194062253971
142177,0.0010996462661428102
142178,0.987532788641231
142179,0.0003880434920357625
142180,0.0003171108326597049
142181,0.0008268224687289534
142182,0.0031412907599004517
142183,0.047706220032485196
142184,0.8914366353405427
142185,0.0007262958995101721
142186,0.00026799862231019353
142187,0.0002244350566704427
142188,0.00750515156531621
142189,0.00019703182919753208
142190,0.0014891675067307463
142191,0.0022642311640649593
142192,0.0005139274591616023
142193,0.0022342613761801126
142194,0.0006911858790597756
142195,0.00016811908187081055
142196,0.03619042108870081
142197,0.0002684154228508318
142198,0.00035179036313288546
142199,0.0018676250654957017
142200,0.00035540961693081557
142201,0.0022076129683332303
142202,0.0003604006462717015
142203,0.0016895949317496301
142204,0.00046980174047037495
142205,0.9772706556247027
142206,0.9890878626002864
142207,0.9879274154872343
142208,0.0007455676785294823
142209,0.000367661130923516
142210,0.0009151256454481404
142211,0.00018022197318778868
142212,0.0018369364446727304
142213,0.9030486898993018
142214,0.9875404220582639
142215,0.0006403653901269598
142216,0.00017980590316465778
142217,0.0006561029747718858
142218,0.0004873611507943152
142219,0.0014826846358649034
142220,0.4597828592700108
142221,0.0011705745878426044
142222,0.9896246598001665
142223,0.0030253758031171525
142224,0.0019951429036752836
142225,0.19167224187825072
142226,0.0004223364211663675
142227,0.00047461868673849414
142228,0.00048140383321585795
142229,0.026518835299641733
142230,0.0007992853391201816
142231,0.0009305478993712112
142232,0.0004217323803617014
142233,0.0002530448158723864
142234,0.99418087872378
142235,0.009775185759348702
142236,0.08806487943904084
142237,0.18669535923209937
142238,0.009494623331176974
142239,0.06325899968168264
142240,0.9187471085680051
142241,0.0006809132096793376
142242,0.06382799501886163
142243,0.9938666932883676
142244,0.0006339651407588835
142245,0.1286874734323149
142246,0.0004824224324478962
142247,0.006497238924733445
142248,0.0005860898512240169
142249,0.45163451598873
142250,0.9794729526829425
142251,0.0008440081804222684
142252,0.000335148428364488
142253,0.001257749682445382
142254,0.0011023149335266098
142255,0.0013081864397856621
142256,0.00030082013087495924
142257,0.008006143614889077
142258,0.0058675722315738605
142259,0.0034937248340969197
142260,0.006853426485380204
142261,0.000610566192655061
142262,0.0005956671656581774
142263,0.017464952018311764
142264,0.02051216470617936
142265,0.000732137586774598
142266,0.00042536835554499093
142267,0.00021276395838399522
142268,0.0031859175308169567
142269,0.0029134213378033086
142270,0.016511956521540326
142271,0.000464319733525683
142272,0.0002950070499322091
142273,0.0010481592752297024
142274,0.0013710258696876074
142275,0.0007510199071631685
142276,0.0006847207793919405
142277,0.0019398978799832817
142278,0.0002772711764182935
142279,0.0014907444379103324
142280,0.008150792172075892
142281,0.0034281562517652028
142282,0.985221185635463
142283,0.018438767035060186
142284,0.0003836957232955938
142285,0.0004258018673210892
142286,0.9906039514345031
142287,0.024459666216989757
142288,0.003018468242258522
142289,0.0759513907872375
142290,0.0006078394459607119
142291,0.0015685533456291463
142292,0.012984278536121672
142293,0.004095343690505266
142294,0.011142081758452778
142295,0.0010192711760309801
142296,0.0003141240449950615
142297,0.9934914159685083
142298,0.0014691816229650278
142299,0.036972897648735785
142300,0.003563910660647497
142301,0.00012887422290474196
142302,0.11649030162895273
142303,0.0007494025759511144
142304,0.0003019266489208027
142305,0.00398224276444985
142306,0.0009561935332765022
142307,0.0012498992248017094
142308,0.0389591088909526
142309,0.0017720442993831437
142310,0.0009374904733895269
142311,0.006218688423206827
142312,0.0008428731715258554
142313,0.0009274465472807139
142314,0.004330808615762357
142315,0.0011656436855119663
142316,0.0039909337359444
142317,0.42787910271408847
142318,0.002974789658800944
142319,0.0011733750691194933
142320,0.021382704868362135
142321,0.00032184403002141114
142322,0.0006946023780886235
142323,0.004330322942291448
142324,0.000300459170475784
142325,0.009761010373997377
142326,0.013514676680201022
142327,0.003418692239496029
142328,0.0010057744310968135
142329,0.0053458161759059744
142330,0.0005140632352585811
142331,0.0019429940171897114
142332,0.9515616518471522
142333,0.9910497551098046
142334,0.0005793074614280829
142335,0.0006716235348918864
142336,0.09042935911765965
142337,0.011236226613056552
142338,0.7323956900667588
142339,0.012565019300447117
142340,0.0004485412350476449
142341,0.0006841076992225649
142342,0.9961134544897207
142343,0.001435456668848882
142344,0.01065779194441492
142345,0.0002082661210344057
142346,0.0003802068157941817
142347,0.050662475925323656
142348,0.0035323574926348178
142349,0.01691659956704208
142350,0.00010877216866053939
142351,0.0038414113855651157
142352,0.0010487826470131115
142353,0.0009647585851177386
142354,0.0003058222047843481
142355,0.0002873537695343471
142356,0.0015939440382376053
142357,0.00017440374025998862
142358,0.0003343203461229715
142359,0.0006009069206526113
142360,0.007573881660844396
142361,0.9731377218141769
142362,0.0006092620465546011
142363,0.0006707735170362513
142364,0.00029779760914812515
142365,0.02335156692531927
142366,0.0002833951452005204
142367,0.009110067942565518
142368,0.0003724158159853509
142369,0.9901077448810841
142370,0.13246422518951198
142371,0.9827007955956514
142372,0.00021484483767464756
142373,0.0007368765863425956
142374,0.026846165374691873
142375,0.8408599868317442
142376,0.005655282686884333
142377,0.0005911536017691274
142378,0.0004899273734457184
142379,0.0054440980878406025
142380,0.0014244955298939527
142381,0.0027135840699221148
142382,0.9939799117957534
142383,0.00042829213066028775
142384,0.027230511260399073
142385,0.007064947201697072
142386,0.0007115317783978768
142387,0.00020467227904755533
142388,0.000635966545392838
142389,0.0012737798730146055
142390,0.000397108340599995
142391,0.015343400701200278
142392,0.0014153659049590916
142393,0.0004342077285766109
142394,0.0015679748356611537
142395,0.000174871741522098
142396,0.0004569247956760125
142397,0.0005905383552359022
142398,0.37882149205516014
142399,0.005004267998667277
142400,0.00013926184623395407
142401,0.00048732160599023714
142402,0.0003037926607873923
142403,0.020322613819855964
142404,0.0002310212207409363
142405,0.0007898530945632482
142406,0.1361702907919199
142407,0.9966164249975411
142408,0.987457742462385
142409,0.0007798397892410477
142410,0.00031047689646371117
142411,0.0005140795811828581
142412,0.951461530476353
142413,0.11954134095468294
142414,0.0011905106013014762
142415,0.0013330598039848628
142416,0.0025414158364930432
142417,0.001046799059243202
142418,0.0005369631533225081
142419,0.00018118555756723532
142420,0.021636442705257997
142421,0.00022539881336318746
142422,0.00024293905782810413
142423,0.0005277292313804575
142424,0.0024182995252944673
142425,0.00039450231386967073
142426,0.00036140489338001754
142427,0.0016964600088006235
142428,0.0010762417855865755
142429,0.0006189033732522177
142430,0.0017876148228254188
142431,0.9900336866568085
142432,0.00033592799402626584
142433,0.0010559035264606812
142434,0.00502658145807397
142435,0.00035379034094498105
142436,0.005240704091961517
142437,0.003869573218744502
142438,0.0081867224191613
142439,0.0001674392496967308
142440,0.0019290670027818412
142441,0.0007252952945095493
142442,0.012472878694554383
142443,0.0011495749753379463
142444,0.00018202707238104636
142445,0.0001793235758590873
142446,0.00157633217387918
142447,0.0023724844359452987
142448,0.0021400524244879473
142449,0.0003846615669863904
142450,0.00024831251464391336
142451,0.9226082853544191
142452,0.9737577134802312
142453,0.003194014189526055
142454,0.0024202823112731277
142455,0.00013670674093758283
142456,0.011521662273599876
142457,0.00014421114537044912
142458,0.000344302771937196
142459,0.0013993821031445658
142460,0.0006676282066222631
142461,0.00027051776515151123
142462,0.000741584265827736
142463,0.005363841864262857
142464,0.000610052576968052
142465,0.006652193854572089
142466,0.0014486907558761053
142467,0.003210144440558661
142468,0.004672411443998889
142469,0.000333843836552277
142470,0.021496840778760788
142471,0.00023259029866335449
142472,0.03761289602507366
142473,0.0005976133590482529
142474,0.0008323651390734384
142475,0.0010065952464530796
142476,0.00198538347763285
142477,0.0003906448178754115
142478,0.047038890455432546
142479,0.010139614507200356
142480,0.0002809081402884529
142481,0.000416023229061317
142482,0.0012875110947717934
142483,0.00027660082469985127
142484,0.003079733790767
142485,0.011781240827740338
142486,0.006723168657225918
142487,0.006512722829167733
142488,0.9941622789263882
142489,0.0005540096478894916
142490,0.0014475454948508692
142491,0.0016848626438612554
142492,0.0001427047293509359
142493,0.0012069873209546447
142494,0.0010206341279268341
142495,0.05522167594538374
142496,0.07683358062869937
142497,0.005289069488282584
142498,0.0002823765555471217
142499,0.010155818895545093
142500,0.001152274185703422
142501,0.0009465394889705973
142502,0.2556074467745908
142503,0.9944541654358702
142504,0.027886475547850616
142505,0.0004727611853917373
142506,0.0003214464406830004
142507,0.0002957021757149183
142508,0.0015582105012389982
142509,0.029420025752835987
142510,0.07630617030306217
142511,0.0007866260933043827
142512,0.0018114146800622837
142513,0.06132980749749889
142514,0.0007931868707251251
142515,0.0003813298046556533
142516,0.0012039845748810115
142517,0.0013874399483227962
142518,0.002707116290767097
142519,0.012016418667195095
142520,0.0004878453529888316
142521,0.0002625691567025554
142522,0.0002647027264589707
142523,0.00046034179830374664
142524,0.00041472848384467397
142525,0.01407315660706013
142526,0.00021947259883618286
142527,0.00024254614554539123
142528,0.9934575829051194
142529,0.001053728185983687
142530,0.0036581551176256494
142531,0.010546491561473633
142532,0.016821248130245485
142533,0.0002412781451544004
142534,0.00032987279869501983
142535,0.0008979240222283873
142536,0.0002585589253041235
142537,0.0002743778761580756
142538,0.0002899423243176373
142539,0.0003158190814902954
142540,0.9417725639267011
142541,0.00022830878919070168
142542,0.0003833964695634185
142543,0.0003270587396353751
142544,0.0030386751194003904
142545,0.0001226961726225751
142546,0.0004662226942077864
142547,0.8046680757149683
142548,0.00980972274721548
142549,0.05237443367525832
142550,0.28132202065112627
142551,0.0009954749333502652
142552,0.0005769233600683559
142553,0.6682756765983519
142554,0.9893972536063707
142555,0.0006148631835886238
142556,0.00016627916822903823
142557,0.003953269395465847
142558,0.0020309361479766246
142559,0.0006029203171417368
142560,0.0001608264273889249
142561,0.002589662895826175
142562,0.9942427768842546
142563,0.01416743177915039
142564,0.000810770982859301
142565,0.047500700643019166
142566,0.00023796116997125828
142567,0.0003527494427407597
142568,0.5867237906214308
142569,0.09000704865569094
142570,0.0005990461674499118
142571,0.0007105488323482271
142572,0.0003324477696026214
142573,0.00013336150195406935
142574,0.0007859525762398766
142575,0.0012313685434427596
142576,0.0038464430630528847
142577,0.0021279078666853776
142578,0.6872531441736239
142579,0.0006894606634159322
142580,0.0009610011361273971
142581,0.001623027438629402
142582,0.05386987946505927
142583,0.00017636400739793356
142584,0.6418714790637321
142585,0.0002215105232195018
142586,0.000712144437947198
142587,0.000744065393056898
142588,0.01891685108073007
142589,0.0005015169795332864
142590,0.00032257476045074524
142591,0.0020397641814018023
142592,0.99003861699571
142593,0.9882667895189097
142594,0.00032298508097595763
142595,0.0004153285073520187
142596,0.001753556869072891
142597,0.00044921013297741875
142598,0.020364125777043576
142599,0.015105673544372073
142600,0.009730339441743422
142601,0.013650785866918506
142602,0.06574036856519537
142603,0.012961436044936036
142604,0.003492338561492139
142605,0.008367030487159276
142606,0.0006697540733435359
142607,0.0016678354868929347
142608,0.0002609187914890649
142609,0.0008278953814229038
142610,0.00029695751434155875
142611,0.012208568493640019
142612,0.0004940759440944851
142613,0.0023317106253963322
142614,0.0002792474584419228
142615,0.0012419241893327534
142616,0.0004552894844578576
142617,0.0016249882182644937
142618,0.0028183713930814416
142619,0.007509373107746031
142620,0.004180759025375507
142621,0.005582207780435784
142622,0.0005015424913642044
142623,0.0010839315897947382
142624,0.00030535757152222665
142625,0.00040277220157362197
142626,0.00045575818803259704
142627,0.0037823087500790152
142628,0.0003295565955527897
142629,0.0004748147738597746
142630,0.0010098122567791061
142631,0.0005506721720162233
142632,0.001202687929211203
142633,0.013899826311078901
142634,0.0006893247730842187
142635,0.0009494301842040148
142636,0.053103199829044066
142637,0.0006560143655858718
142638,0.0006203585820462772
142639,0.004615412094337889
142640,0.001991569166852695
142641,0.9823144596524076
142642,0.00015902976089968084
142643,0.0029233520978100055
142644,0.00024626823672186743
142645,0.0011093252962318888
142646,0.0004714128666744819
142647,0.0018205834747501892
142648,0.023036553404837175
142649,0.9865589292113511
142650,0.0003853967255563422
142651,0.00042140573935225766
142652,0.019205828141589217
142653,0.012016240916249575
142654,0.00042273516645715246
142655,0.00026891722776993445
142656,0.7513542570125863
142657,0.00029588395043156303
142658,0.4941335635309823
142659,0.0033877491070779006
142660,0.0010514269471593024
142661,0.9196655722977088
142662,0.0002360779552356798
142663,0.979752877696569
142664,0.00024444035495270304
142665,0.916684192160624
142666,0.0009067848417330959
142667,0.0006841562953931348
142668,0.0020526888764574335
142669,0.0008606237641893326
142670,0.983400446886054
142671,0.003162018012466674
142672,0.000507560463093693
142673,0.9878236549637207
142674,0.00100355404904146
142675,0.8977716903525874
142676,0.00023713575666051574
142677,0.0002591818869669408
142678,0.0001822387627082067
142679,0.14655958213650278
142680,0.0076722750525482115
142681,0.03630370901755145
142682,0.00026175889559708923
142683,0.9843172832362507
142684,0.00785937549763612
142685,0.0004924851932272024
142686,0.002125513630288843
142687,0.008830639407353905
142688,0.9918195166127137
142689,0.0005500877353782228
142690,0.00015414901330106627
142691,0.017807817450732205
142692,0.0010733092064335262
142693,0.0002940464415426834
142694,0.0003746127074434417
142695,0.9928874178308048
142696,0.0002210657149148488
142697,0.0010720176591242697
142698,0.0011374473349156753
142699,0.0004971015825569946
142700,0.0004557752151039575
142701,0.0005164484493836747
142702,0.00023824033154393464
142703,0.00493271144871937
142704,0.0002824190750122582
142705,0.0031510350426505627
142706,0.013275833097842126
142707,0.0006072602756923113
142708,0.001286521995835085
142709,0.13307182953378674
142710,0.0007795892720333793
142711,0.0016643199554855314
142712,0.013631513813107345
142713,0.00028149151820108673
142714,0.008206492917611365
142715,0.00037600239848621
142716,0.005711047589137559
142717,0.0027241843142994837
142718,0.0003482950391620616
142719,0.0012784109436644287
142720,0.00040593379742798685
142721,0.0016316263482916715
142722,0.01453033014516657
142723,0.00048199895751512516
142724,0.001429915846522756
142725,0.0014625749215075813
142726,0.0005406132606165838
142727,0.0005408321547637489
142728,0.024381921950772094
142729,0.00026638163476913927
142730,0.004482206107656278
142731,0.006335949284547231
142732,0.003056620632248679
142733,0.00026543107835497
142734,0.00038600425329298946
142735,0.003090595496927387
142736,0.00022987716296494988
142737,0.00011804114054034061
142738,0.0036094761790088584
142739,0.9913824204552494
142740,0.0007301900085426626
142741,0.21514085084176313
142742,0.01796068151216162
142743,0.04222169420967914
142744,0.00045230936664440046
142745,0.0007733248099358641
142746,0.9317649562435912
142747,0.00016585075526523086
142748,0.00041993159821319904
142749,0.9450891077673047
142750,0.018032872585334175
142751,0.0002598388940073813
142752,0.9919437296812758
142753,0.0004819457982176436
142754,0.015904091230945386
142755,0.0002658673092422438
142756,0.10615077086883308
142757,0.0005153359024290862
142758,0.00013922125343488647
142759,0.0018606459246476644
142760,0.00010770490267412735
142761,0.00031708522757284104
142762,0.004862015593935547
142763,0.8848461815692327
142764,0.005878664572414842
142765,0.0001835761169654359
142766,0.00021314679613307274
142767,0.011406651547973604
142768,0.0001885973244790296
142769,0.9955917836397321
142770,0.0011619863861562247
142771,0.001062700265044162
142772,0.0004063089145684677
142773,0.9876858831610158
142774,0.0002995392110228062
142775,0.0003948069033405717
142776,0.005985506587605626
142777,0.0024924514338072763
142778,0.0006207576803913016
142779,0.00030273986186874196
142780,0.0013089271082453791
142781,0.0004647163076984841
142782,0.002756427306740289
142783,0.0003138971589079116
142784,0.0007992859591887049
142785,0.0004305459136454159
142786,0.004183056018035853
142787,0.0004726017536649045
142788,0.0002661315219113795
142789,0.0002692264112040448
142790,0.0032512716313012066
142791,0.0011460355656232393
142792,0.0019475235004594105
142793,0.00578210570034683
142794,0.05041687771044903
142795,0.013916848743566643
142796,0.00038750192208400036
142797,0.0009655945294449604
142798,0.000332755079881677
142799,0.0008649465136441949
142800,0.0002793387147966247
142801,0.0006618045856506547
142802,0.9293374126416016
142803,0.0009292681637989471
142804,0.000614506568826517
142805,0.0007837326957844749
142806,0.014574820564660657
142807,0.0011557872525240322
142808,0.005067254473483797
142809,0.0006040557671298447
142810,0.0007151335373120296
142811,0.0002934770865857307
142812,0.00037366969331659736
142813,0.00029822346912991446
142814,0.011757488017063982
142815,0.0008004836422265819
142816,0.00028626205767187294
142817,0.005866118756817141
142818,0.016385242300591074
142819,0.00045515462917698345
142820,0.0020928750705421786
142821,0.026660251092832703
142822,0.0005308049844643437
142823,0.00023360587235676913
142824,0.00047743174794745907
142825,0.001377700240495597
142826,0.0004890039486667822
142827,0.0004004353003030997
142828,0.00015109570456119545
142829,0.008225009784350583
142830,0.010204150198879915
142831,0.0007196186888241718
142832,0.0009498994823821748
142833,0.9636438104933576
142834,0.0006241461127468727
142835,0.00016852121082780864
142836,0.0004377419709153763
142837,0.007130671354778586
142838,0.12272305224193635
142839,0.03796750639442258
142840,0.5758087218655241
142841,0.0006554367982351327
142842,0.000344487985603587
142843,0.0035345607221094993
142844,0.006106788328343364
142845,0.0003790424394973279
142846,0.0005590795656570559
142847,0.00029968670116263074
142848,0.14765760577248585
142849,0.0009475265541883729
142850,0.9780494519293478
142851,0.0006913595285365262
142852,0.003548674368564984
142853,0.9867178209017282
142854,0.0005687297259396368
142855,0.00017961740952162437
142856,0.004239179342930747
142857,0.0003191071343952371
142858,0.0009325657726489524
142859,0.0037695469238513165
142860,0.0008373746005279514
142861,0.001604266361326838
142862,0.00021330054526139466
142863,0.00034574568774439274
142864,0.005053926443882293
142865,0.0012830441808256575
142866,0.0004170438644865804
142867,0.27645726156082917
142868,0.0016963075319275302
142869,0.9644047672477831
142870,0.002652807618324906
142871,0.0067210640859849905
142872,0.0003691900706597661
142873,0.0019687428906881607
142874,0.00036593759814936255
142875,0.001384713176750964
142876,0.00200809273302445
142877,0.00021679539527297504
142878,0.0006753880943712735
142879,0.0003341050878364462
142880,0.00022252873411285196
142881,0.00043534170050541003
142882,0.06131328411428702
142883,0.04163115104277063
142884,0.0003178300225859941
142885,0.0003453596478528467
142886,0.29686912656746384
142887,0.016864173045007015
142888,0.992440887191066
142889,0.0011182203616238843
142890,0.00041609710929469036
142891,0.9711004516571407
142892,0.0005045822953507912
142893,0.05869156384876044
142894,0.0007114232117365014
142895,0.0001973955059588689
142896,0.001034298017228584
142897,0.0003262265628417875
142898,0.0004976542848022153
142899,0.0006410015828477885
142900,0.00017863029702436064
142901,0.0005569203282521856
142902,0.0020527182705920174
142903,0.014938328839394352
142904,0.13950964271649288
142905,0.0012820183237337945
142906,0.7785069458567796
142907,0.000988291624299325
142908,0.0003637544145729977
142909,0.00047595053543864004
142910,0.04786487665223271
142911,0.00019547580788172267
142912,0.9892949516977402
142913,0.992262189428367
142914,0.00021049439496692912
142915,0.00024013479328976304
142916,0.024694783921777902
142917,0.0004392718148536839
142918,0.0012569651965877511
142919,0.001841262069931066
142920,0.0003260236031299506
142921,0.004391247398155779
142922,0.001554736614888193
142923,0.0017320230861752716
142924,0.9574145273787711
142925,0.00018549094645918066
142926,0.0006979540834742445
142927,0.0002475937262152136
142928,0.00045550487970063273
142929,0.0003674930441346097
142930,0.004124335889216974
142931,0.0003428390382224989
142932,0.0012010786055530864
142933,0.0003223369929461577
142934,0.00839068302708837
142935,0.0009127065376942238
142936,0.0012459595580635156
142937,0.007358945100154086
142938,0.0003021257066752956
142939,0.7272117606830621
142940,0.0003197955725444842
142941,0.0003097455783844692
142942,0.0003868610977736067
142943,0.10079770863269594
142944,0.0011533500323425946
142945,0.0009665129000169916
142946,0.006731546766930473
142947,0.00048185109871593874
142948,0.00023263712143285756
142949,0.002938814777928704
142950,0.0003774583591827231
142951,0.013874511138101299
142952,0.0001733900683128196
142953,0.001610254098326646
142954,0.002968123554317109
142955,0.0019178939303084639
142956,0.0004342793008408791
142957,0.0011726071551293054
142958,0.008278331627179763
142959,0.0005914929927240103
142960,0.0010150697780306214
142961,0.0003364943564350938
142962,0.023293068809267625
142963,0.0042738115134233175
142964,0.0003095493334635145
142965,0.05514163490685345
142966,0.00029129519701962534
142967,0.9846789667431326
142968,0.0038497733573769717
142969,0.0004193561592306793
142970,0.0003598237185949395
142971,0.001924418038600377
142972,0.00058772439053269
142973,0.009310541912140593
142974,0.0007307022678008441
142975,0.8566253465852683
142976,0.000264120728862623
142977,0.0006773725954076316
142978,0.001462639324128912
142979,0.9629944416662372
142980,0.003851661999530122
142981,0.0026393247574831003
142982,0.0036833546785841166
142983,0.00020736867698387517
142984,0.0002807532958242522
142985,0.8050817675305263
142986,0.0007083933220274564
142987,0.0007576695214312299
142988,0.0016950599974289444
142989,0.0006040631430178104
142990,0.00039544750110983906
142991,0.014452475427166699
142992,0.007165086119377816
142993,0.00046016060222259144
142994,0.0006271154184782675
142995,0.006722614210991331
142996,0.22688735605369428
142997,0.9885915946747177
142998,0.05835455419938309
142999,0.0006710557779284649
143000,0.00031036493239457484
143001,0.0003402353743989501
143002,0.9952425001299375
143003,0.003474730546663792
143004,0.0026157014356549013
143005,0.0007341810931074783
143006,0.0941627836710998
143007,0.004980494902128354
143008,0.0010739431242217628
143009,0.009216456307387799
143010,0.0013430049233475276
143011,0.00037450675487759634
143012,0.0005537804511456128
143013,0.0008562347917617154
143014,0.00025584085608196423
143015,0.0008005117149945249
143016,0.32570338504447893
143017,0.007408764684186907
143018,0.0002125167719910688
143019,0.0017281393949879161
143020,0.000508454576432231
143021,0.001294168938258054
143022,0.0008237500188335119
143023,0.0011507140432804456
143024,0.994553737650033
143025,0.0006326273977128996
143026,0.000756888066895834
143027,0.004385805404409356
143028,0.00026707447531299286
143029,0.00021970233520681777
143030,0.0017451722812924237
143031,0.0011954755828083165
143032,0.028303353537507223
143033,0.00046700118831673984
143034,0.0005990992340335324
143035,0.7570658771378954
143036,0.9915260878673267
143037,0.0004058001768222472
143038,0.020193848598222906
143039,0.0003154876955739587
143040,0.010429670511111338
143041,0.0011519955782671352
143042,0.06835878844142809
143043,0.016145523435364465
143044,0.0033148167439943583
143045,0.025714093505310363
143046,0.0002574733986456271
143047,0.002079492908279102
143048,0.0027794421229574776
143049,0.0002122501881380158
143050,0.00041248846368522013
143051,0.016535825695238655
143052,0.0006199806417896674
143053,0.0004741401304819304
143054,0.9917161963206657
143055,0.9952785910066361
143056,0.0008837352187042761
143057,0.0012895743105551085
143058,0.0001717130183835444
143059,0.010260233363303055
143060,0.003136578568843174
143061,0.0006782374708224997
143062,0.10791129221061758
143063,0.00028966623636372953
143064,0.9592733967145551
143065,0.0053644863182069555
143066,0.004109951944912597
143067,0.0002080844619642773
143068,0.0004011237715102008
143069,0.000418949077137731
143070,0.34843179087851384
143071,0.0003792017420596292
143072,0.0010345179854583033
143073,0.000881409981434656
143074,0.0003640031881560641
143075,0.9923886568276827
143076,0.0033232774531049753
143077,0.023064309387471598
143078,0.0036696245211746466
143079,0.0006759080651891514
143080,0.010077554460809364
143081,0.07601929861931542
143082,0.0034865311698843693
143083,0.07716490157079389
143084,0.003745587709651532
143085,0.0005224865391735454
143086,0.0007501211546892799
143087,0.00040599768327134544
143088,0.03292597536222464
143089,0.0013292776720754918
143090,0.01409495031531675
143091,0.022734742376743507
143092,0.0016433575679038906
143093,0.0002824413954299004
143094,0.010342728881756158
143095,0.0011550659473928107
143096,0.007750013356933831
143097,0.0034517442062846617
143098,0.00043140270658498085
143099,0.0008417656108244614
143100,0.000711397925918937
143101,0.6362180417824115
143102,0.0003848532601921085
143103,0.0003713011974379697
143104,0.0036433133214799785
143105,0.013172634393328234
143106,0.017130154196690887
143107,0.00027359435604803063
143108,0.0009851743669328132
143109,0.0001394683663963902
143110,0.00028211421642084287
143111,0.002913873138517895
143112,0.746145046582055
143113,0.00018319607093362223
143114,0.0004677359931256907
143115,0.20380834885706928
143116,0.007780360638756501
143117,0.0007711703781280855
143118,0.0014808219408734202
143119,0.00026607961998135403
143120,0.006978659195723784
143121,0.001190507498893165
143122,0.0007338081130158268
143123,0.9947652863521435
143124,0.0018336823135677188
143125,0.033859269500233005
143126,0.0004005892508905894
143127,0.0002624904307984408
143128,0.9839517455765967
143129,0.018545402044811983
143130,0.0005215806262309728
143131,0.05088208689797187
143132,0.00042251223460937305
143133,0.002726888051596472
143134,0.04827973476295164
143135,0.0047594242069095676
143136,0.9857924240297911
143137,0.0022380130913298114
143138,0.0001571532949787491
143139,0.00022189308639928483
143140,0.00044125830198065693
143141,0.0067406030030809656
143142,0.9898409728341075
143143,0.009406487040348474
143144,0.9813172879656177
143145,0.00038052051580927964
143146,0.0019076187147275127
143147,0.012027527231810045
143148,0.002614309255792758
143149,0.0007197132374219681
143150,0.9757213895656552
143151,0.0008891590390109379
143152,0.001403554318809673
143153,0.014521729266167715
143154,0.0005539415273403151
143155,0.004937815763608835
143156,0.0010468789853095581
143157,0.9916776678693213
143158,0.0012583315094059555
143159,0.006586253185259606
143160,0.0002749691138020638
143161,0.002695443022222024
143162,0.0008504271403967324
143163,0.0002545274004200136
143164,0.0005278420259736051
143165,0.00035362050533589354
143166,0.0008406665788956643
143167,0.012014439355064037
143168,0.0025077826968735
143169,0.0028718905389566963
143170,0.0011848656516784354
143171,0.0006411501147827274
143172,0.0036952205600367517
143173,0.00034122776490660387
143174,0.9941544936893295
143175,0.0003628397834950233
143176,0.00024675738019197866
143177,0.0007532076914633807
143178,0.0005676104433021794
143179,0.0005309033441673396
143180,0.0005876163231335863
143181,0.00203280005851282
143182,0.00016611371239058257
143183,0.00022174095030240917
143184,0.3741772860971061
143185,0.0002787101262494498
143186,0.9919376984686125
143187,0.0008968743718793949
143188,0.0005238103782806101
143189,0.0005216176321751825
143190,0.00045217207162328557
143191,0.0027663797444606765
143192,0.0018353919156999896
143193,0.00045275114356411295
143194,0.0013852170467107355
143195,0.04420124982917225
143196,0.005475359249939685
143197,0.00037128300654386953
143198,0.0013613686872912224
143199,0.00017441484953959794
143200,0.00024095462470459563
143201,0.9931613614536653
143202,0.0012438079070301341
143203,0.0078247910604893
143204,0.00015841269506577967
143205,0.0005261689555674388
143206,0.017455434071365034
143207,0.0018217321805624098
143208,0.0029693901715691774
143209,0.43715004837251403
143210,0.0006039441533547478
143211,0.004237922529430929
143212,0.0005288642492214313
143213,0.002715680673446716
143214,0.009169759100114262
143215,0.000825207090528068
143216,0.0013991774468280831
143217,0.016226276531480156
143218,0.05758792201533976
143219,0.0007943326123264016
143220,0.016852106243506325
143221,0.005191045789701294
143222,0.0014241747575094686
143223,0.00025671385174718027
143224,0.008824865590272311
143225,0.000298320592371143
143226,0.040419502187651606
143227,0.043636661983685085
143228,0.0002732323366111109
143229,0.018651030967975993
143230,0.00018751391807896687
143231,0.00029641782751870855
143232,0.003694006242225221
143233,0.9827625921423393
143234,0.00037644991236075167
143235,0.0006749487874308192
143236,0.012068243694580011
143237,0.0004330485552148266
143238,0.001062482155215734
143239,0.00177150206134763
143240,0.056789265978653324
143241,0.008500211080886126
143242,0.00021969309508521552
143243,0.0028826452417562076
143244,0.9895749144318812
143245,0.020054127488807198
143246,0.0010942130963018588
143247,0.0073697841119331736
143248,0.00017583492034504118
143249,0.0013085125562731599
143250,0.0008111136124224013
143251,0.0007462816396626849
143252,0.0007663880644831644
143253,0.0009318168313455075
143254,0.0010050910616138235
143255,0.0010329186681655859
143256,0.03765845488550488
143257,0.000544439687911473
143258,0.00023136900750370207
143259,0.0006161643339767186
143260,0.0005747987122172977
143261,0.006890525460796485
143262,0.004197842327619997
143263,0.0007137288337176692
143264,0.00145748250554089
143265,0.0005167005322649316
143266,0.0002297140871610254
143267,0.0005471727347547193
143268,0.0003620101576117993
143269,0.0019457917184503809
143270,0.006623604735873261
143271,0.00027937245457457515
143272,0.0004185220719371345
143273,0.0011529937143561657
143274,0.000830012693539421
143275,0.049512084816505944
143276,0.003296633900601732
143277,0.0006560577064072263
143278,0.00015845320973971677
143279,0.006825110945552162
143280,0.992853474288064
143281,0.0008982875890369798
143282,0.00015090747477198874
143283,0.0004887175765705826
143284,0.9906514709288026
143285,0.0005757615179743204
143286,0.010030390512590855
143287,0.00048499184098039897
143288,0.0004149603497682023
143289,0.00018135579435177738
143290,0.0026385031979969725
143291,0.0011260508432184104
143292,0.0008254578732806479
143293,0.0007341539398137103
143294,0.0005117744735481784
143295,0.839715349779498
143296,0.001037648509387356
143297,0.0010173212407603612
143298,0.0003094544131165128
143299,0.0005299040678519328
143300,0.00040373748301330295
143301,0.001016649790025653
143302,0.0011908409246536697
143303,0.0027327413287410044
143304,0.9947305608037672
143305,0.0006353021797656342
143306,0.0008325991984452467
143307,0.00022734720263781175
143308,0.0003643033314946837
143309,0.002169859720877706
143310,0.010779097868609117
143311,0.02346241847877553
143312,0.0006004731365156896
143313,0.0004069198166117128
143314,0.001019255984701243
143315,0.0029004450902083818
143316,0.047737861905569216
143317,0.023982377664886773
143318,0.008762174922229438
143319,0.00047744972695163454
143320,0.0009871739380500708
143321,0.009356655569882194
143322,0.0011724173095109599
143323,0.007278016737565431
143324,0.989549327340341
143325,0.07152997320631949
143326,0.0006428888372130824
143327,0.0008669114265537979
143328,0.0007525278636822373
143329,0.00025322549260119734
143330,0.959148516651157
143331,0.0005834819352818065
143332,0.001472753229176424
143333,0.9966046536781161
143334,0.0003923741888236635
143335,0.05405567364500361
143336,0.001091485749048853
143337,0.0004350684644181018
143338,0.000270198232381435
143339,0.03159085812018995
143340,0.0054662647207816
143341,0.005216375382009387
143342,0.0035598715874790906
143343,0.04601807952196021
143344,0.987705596232228
143345,0.03743073234877906
143346,0.035601718546396974
143347,0.0018249136742591336
143348,0.00021506124250852474
143349,0.11206981982975103
143350,0.9930894380264903
143351,0.0005459586773344336
143352,0.0008514648521572705
143353,0.0004992430416696133
143354,0.01435543085422023
143355,0.009591718461430176
143356,0.0011373890225867074
143357,0.0047978707639048665
143358,0.0003018230358567903
143359,0.008677404430488245
143360,0.00019230099716111305
143361,0.00038659443520884735
143362,0.9879124838469614
143363,0.006158248085986355
143364,0.0017458416484331118
143365,0.008126124988243338
143366,0.0012769026789861322
143367,0.0010965746218413283
143368,0.016742331251741436
143369,0.010780610199811708
143370,0.0010577925904875266
143371,0.008806109180608599
143372,0.0008918831036567161
143373,0.010901564592990009
143374,0.000536289815293237
143375,0.00726065376270849
143376,0.0002337817354548701
143377,0.0005462300897588495
143378,0.00033379278356562413
143379,0.03633505483631694
143380,0.007705766995183484
143381,0.00027486708752526854
143382,0.0012074539337852675
143383,0.005051131612630041
143384,0.0003075761763811316
143385,0.0003922499203062324
143386,0.00539482750687915
143387,0.047797589407671245
143388,0.001963388944204919
143389,0.004623923844128764
143390,0.003930856030052376
143391,0.000128805075446195
143392,0.004725518406410267
143393,0.0005311242162167031
143394,0.00038045877994816635
143395,0.0003533587550023706
143396,0.0010367726782321031
143397,0.045085770551655246
143398,0.014256331584524391
143399,0.0182035380704535
143400,0.003949801462351078
143401,0.00460642498274759
143402,0.0007335868442338012
143403,0.002660522730829207
143404,0.013774022645509958
143405,0.00024299619086654052
143406,0.005356549766983081
143407,0.0005395684880621769
143408,0.000549881717240601
143409,0.04552543205164137
143410,0.00022934069814226578
143411,0.027501409338619272
143412,0.000572133296711983
143413,0.0006213200389182476
143414,0.0011176850693924369
143415,0.0004530706502573765
143416,0.00025784722549475954
143417,0.00035659991358206366
143418,0.00012271523482858658
143419,0.013755899078566123
143420,0.0011564845398544536
143421,0.0005861584106918203
143422,0.0011790772318668995
143423,0.00053902025515187
143424,0.0005363777865591201
143425,0.0006746741215770741
143426,0.06778479166182128
143427,0.0002202022084216283
143428,0.00017637598544770693
143429,0.0004620571104941323
143430,0.00761469954357352
143431,0.0011850946903178658
143432,0.0014109644529253641
143433,0.0003000049061274274
143434,0.001723119568414156
143435,0.0005033805771055424
143436,0.00028378093044361817
143437,0.0004269373724296043
143438,0.0020934115187299794
143439,0.01815124190792284
143440,0.0011182699621565448
143441,0.9925811181990624
143442,0.0003237568957743624
143443,0.0012669102546512265
143444,0.02800189007586926
143445,0.0002753609467426922
143446,0.00031283605590682283
143447,0.0010198363134696661
143448,0.11276870587388578
143449,0.0016123781720241697
143450,0.2653239601158431
143451,0.0024656366306512467
143452,0.00069189564494919
143453,0.0013285134975061209
143454,0.0008191468966883964
143455,0.0002808322305206747
143456,0.00027319565540806913
143457,0.02771906439501832
143458,0.000492828972777641
143459,0.09960724962115082
143460,0.0003398811941662386
143461,0.0004669382162194635
143462,0.05111268166736191
143463,0.0003564471748753802
143464,0.0017770373148424579
143465,0.09805166472702705
143466,0.0007361266316481924
143467,0.0006908171813392537
143468,0.00017015674114584609
143469,0.01273506281607919
143470,0.854979486214156
143471,0.0003058617580609347
143472,0.003909380678484322
143473,0.9943968537955407
143474,0.0005882198565754957
143475,0.0003605590503296192
143476,0.0009129236748603265
143477,0.00024568463783209506
143478,0.0004474195337449022
143479,0.0007321182416569462
143480,0.0050723573326725
143481,0.000352973742743929
143482,0.5214906616750248
143483,0.00033182945685382036
143484,0.0001543494981137849
143485,0.0008572076376293363
143486,0.00046609948199982307
143487,0.0024049935602780638
143488,0.0011714020032590814
143489,0.00017318653817596002
143490,0.0002914902117173221
143491,0.0007765836911282705
143492,0.0012678170103046888
143493,0.9834038100178768
143494,0.0003160119895403246
143495,0.0006052663648046166
143496,0.0002761631209755055
143497,0.0005425210687452759
143498,0.0027249104447383886
143499,0.005351330762116653
143500,0.001200880937983577
143501,0.0015104464195261741
143502,0.00052068130912424
143503,0.9890742240827615
143504,0.017564898248515055
143505,0.0013778541313264356
143506,0.005088070506060768
143507,0.0015581280875880316
143508,0.00074252360982632
143509,0.000928322667258435
143510,0.00842465941922136
143511,0.0001645740805494066
143512,0.00021235964641841152
143513,0.019161702540413106
143514,0.0011730809926643608
143515,0.00044272210227774524
143516,0.003191203738014742
143517,0.0014206097161623295
143518,0.00038328752108180743
143519,0.011226501371495596
143520,0.00026741392902352335
143521,0.0067156142926921795
143522,0.00024882546211964647
143523,0.003488123915194885
143524,0.0015661720436540441
143525,0.0006909249285116889
143526,0.001217261505829037
143527,0.0010403451768394617
143528,0.0014110916248817535
143529,0.9900212483306188
143530,0.9837191118956773
143531,0.00043892716865300853
143532,0.0010328280412203327
143533,0.0006278706815270595
143534,0.00024902718433297393
143535,0.000868950501452025
143536,0.0002989940226803995
143537,0.034340853854438726
143538,0.0004963891661691887
143539,0.32639827966421425
143540,0.0005784051140162906
143541,0.0006810528090593908
143542,0.000256254606002645
143543,0.002463292365490993
143544,0.00025662855653975196
143545,0.1245754271460462
143546,0.00024811100475843336
143547,0.00010379108922920768
143548,0.9919761736384529
143549,0.9880044848216182
143550,0.009649771090019537
143551,0.0002579261575077413
143552,0.0001278652047210381
143553,0.00022867430767265176
143554,0.0005931731738832829
143555,0.00036998079567237034
143556,0.0003681476594727616
143557,0.0013462804916210339
143558,0.0006009363613934106
143559,0.009487084566883634
143560,0.000224937968487383
143561,0.0004580857908799172
143562,0.0005059007041806769
143563,0.0002608407929213971
143564,0.0003560979370788555
143565,0.01015495174802252
143566,0.00014019275852568262
143567,0.006696997418241211
143568,0.0016816576979210964
143569,0.002703840868898048
143570,0.0489793130164404
143571,0.00022800904475163468
143572,0.9889115404510501
143573,0.011813597414213221
143574,0.0013299181145718785
143575,0.0028138090492755173
143576,0.0007519609350773196
143577,0.014364847034820718
143578,0.003361164925070881
143579,0.0018479222845529959
143580,0.0002966148956728917
143581,0.0005200033310577627
143582,0.0007488462477027351
143583,0.001895126471451233
143584,0.0009692761225610338
143585,0.0007422750459448828
143586,0.00026586490431949097
143587,0.00039283025838101666
143588,0.10868758402727538
143589,0.0026283671097647497
143590,0.011143986848119576
143591,0.0096539956733957
143592,0.9827800677928167
143593,0.0047030650322283235
143594,0.0029552249042361835
143595,0.007640946131079406
143596,0.9605307112477841
143597,0.0019877210005776807
143598,0.0003624565843664017
143599,0.0008861191879616212
143600,0.0006933439110233811
143601,0.0002487163425639925
143602,0.00032059850927722327
143603,0.01608717282318777
143604,0.0016795668991129214
143605,0.005482215801360868
143606,0.0015103219441750916
143607,0.0013389210587978543
143608,0.0008788425177033024
143609,0.0010313049651295445
143610,0.008652335664205623
143611,0.10097775410432835
143612,0.0008428494280153901
143613,0.0005277182826641834
143614,0.00036566979957575424
143615,0.0007238434042271988
143616,0.14120088295415464
143617,0.00013598703651057463
143618,0.0016459179160653585
143619,0.0006810619547403659
143620,0.0002372543221756402
143621,0.02345519018407897
143622,0.0025389541328600636
143623,0.00475109338611346
143624,0.00048154078078381193
143625,0.001970553349101338
143626,0.00028339550909166344
143627,0.000679457357118855
143628,0.003107683051906544
143629,0.0003012894191316343
143630,0.0005248540109546749
143631,0.0020307099022120884
143632,0.001051063264947828
143633,0.007249101351950191
143634,0.0003998937813959498
143635,0.07729405446503758
143636,0.0004207300865935293
143637,0.040953141674453464
143638,0.0002286860158511216
143639,0.03203813929656268
143640,0.00032239805944154424
143641,0.0002846266171021797
143642,0.9771715533761823
143643,0.00042857327596749887
143644,0.00033096099058911366
143645,0.0017521399994337686
143646,0.0005499730637546112
143647,0.0012198709432832166
143648,0.07211383353673873
143649,0.03280377257278266
143650,0.0016082514650605842
143651,0.0002011006622701175
143652,0.0025887816919339685
143653,0.000333237236908696
143654,0.0006440514884105041
143655,0.001022007581446492
143656,0.6915465001289507
143657,0.0002989254993622626
143658,0.005702978575589892
143659,0.0013363018631489232
143660,0.0031298161949023548
143661,0.0004422452589675513
143662,0.002247448385967977
143663,0.0009698885846773618
143664,0.0006374838472822273
143665,0.0003558720624628855
143666,0.0010231876915793485
143667,0.000999694731925139
143668,0.0012912804799985488
143669,0.011358015641355359
143670,0.9908587592399322
143671,0.00043745187302726674
143672,0.8999762199901138
143673,0.0006842099386962865
143674,0.00020020499350065324
143675,0.003013652746012185
143676,0.0013200097755370786
143677,0.0012412850914720241
143678,0.0012099478402661935
143679,0.00040734788513839955
143680,0.004238443660436848
143681,0.0006368397593613441
143682,0.0008857923132421879
143683,0.0004984454872622065
143684,0.0005718165741208013
143685,0.0007823347132143366
143686,0.0022730396570183734
143687,0.9497291956178853
143688,0.0002619229192744572
143689,0.002145430973779077
143690,0.00012758322910219461
143691,0.042372917982367704
143692,0.00022282043514050564
143693,0.0012774676470824061
143694,0.11988038707114976
143695,0.0007273629575478491
143696,0.00044866279612397914
143697,0.0002524277386035136
143698,0.06065257428135166
143699,0.0002935219515473258
143700,0.9889639008616856
143701,0.06755380546414193
143702,0.9887858291920015
143703,0.0004594120775099043
143704,0.9896093479481812
143705,0.00197085448677846
143706,0.0003791534946707289
143707,0.9904117044679154
143708,0.0018624542250081837
143709,0.9910186152382674
143710,0.9940790439021217
143711,0.0002631197425663054
143712,0.00018595565373023034
143713,0.003438007931985998
143714,0.0053224790640283145
143715,0.0034737892529950374
143716,0.0009454907417041094
143717,0.00020157917375611316
143718,0.9909498645753229
143719,0.0007124151032398339
143720,0.0009374485297642337
143721,0.0005805405231787571
143722,0.9255759425031386
143723,0.0003187656716545731
143724,0.0002674796047718119
143725,0.0009200254029861513
143726,0.0021118163557746184
143727,0.0009899261003390972
143728,0.0008503504511466172
143729,0.022642185521446787
143730,0.01315472312890379
143731,0.00012562610242568113
143732,0.000376910578482695
143733,0.0006940285027491899
143734,0.0010846688019743712
143735,0.0010392666873359838
143736,0.0015107730073055743
143737,0.9727908660535872
143738,0.03453804252712298
143739,0.00208884157598099
143740,0.0017286022474878198
143741,0.00034569384873298526
143742,0.00227789021706
143743,0.0017582133327604759
143744,0.003705376463423724
143745,0.001577044099709609
143746,0.0010301518277032763
143747,0.4228860739750799
143748,0.0016523492227448133
143749,0.0038241064534067985
143750,0.0015377050549234702
143751,0.0015296612654742629
143752,0.006375912769033661
143753,0.007279176499836841
143754,0.0007340125657466224
143755,0.001642066522076326
143756,0.05369122442420124
143757,0.0007867705225259046
143758,0.0007911539436674871
143759,0.41012697798939074
143760,0.0002785618724722288
143761,0.00033736661631106216
143762,0.0006158950988603721
143763,0.000979573526446471
143764,0.013869272922384452
143765,0.0029264781727074145
143766,0.00024057693648816517
143767,0.006326638087453981
143768,0.00021821789481801823
143769,0.9849663275704906
143770,0.0002492610837329523
143771,0.9879137605855167
143772,0.00483265424723693
143773,0.00015530660381911165
143774,0.0003731589498960359
143775,0.0001797839802163556
143776,0.0002704644530526364
143777,0.0002997473382953318
143778,0.005691986072251796
143779,0.0010469255119948467
143780,0.0019574872607894204
143781,0.9937337852218939
143782,0.00027665488924087173
143783,0.982784669703928
143784,0.004482379601097618
143785,0.0002417189330705613
143786,0.0005767287704266577
143787,0.001234932030784129
143788,0.9881836874234393
143789,0.0004966195702797231
143790,0.00043473168278741937
143791,0.001434359657967351
143792,0.00024802244750410905
143793,0.12349180755266657
143794,0.0001295496858721435
143795,0.0010378195500965707
143796,0.0013930538666364724
143797,0.002665008650485742
143798,0.006149760842153367
143799,0.00016284703349451826
143800,0.00023883825608679416
143801,0.0001686327135962838
143802,0.00036862250453823805
143803,0.001300943832813361
143804,0.0032853087850802033
143805,0.9872371322601725
143806,0.0008350217560247884
143807,0.0042707612840168704
143808,0.0005377543021471626
143809,0.01313597849977413
143810,0.0016723358483794585
143811,0.002347161293566806
143812,0.00036916093461746984
143813,0.004720369452648508
143814,0.0002452209280251486
143815,0.9788626481686198
143816,0.000554872952364745
143817,0.0013803857538109965
143818,0.0005140879226388455
143819,0.0007252874339308895
143820,0.005050738701506871
143821,0.0005136019383492002
143822,0.0004672526478140334
143823,0.00026417455102506997
143824,0.0009384150049319392
143825,0.000345855144600424
143826,0.001282869456090164
143827,0.03506531202272497
143828,0.0025569381976364284
143829,0.02961837611240598
143830,0.08652045901598732
143831,0.01966864339257863
143832,0.0006881549082413922
143833,0.007443455487428471
143834,0.009485040835877522
143835,0.00036012818108060925
143836,0.00038350766726336354
143837,0.0008631651221868706
143838,0.006104364835222336
143839,0.0015820449899775553
143840,0.0002851675131069598
143841,0.0011269883323496233
143842,0.00018584646899080914
143843,0.000184182163675866
143844,0.0004423660818990189
143845,0.944759382606666
143846,0.009115026219231492
143847,0.005008606491165023
143848,0.024389581988671097
143849,0.02874006171093777
143850,0.0008825843294611905
143851,0.0004857129931174775
143852,0.004226012475862125
143853,0.0008647770306393173
143854,0.00023567021924692872
143855,0.00016643440163422571
143856,0.006223450621405225
143857,0.021278542552120222
143858,0.0002372161749379704
143859,0.02640040887193261
143860,0.0002642527615712692
143861,0.00038931873352175813
143862,0.00028680458914558696
143863,0.0004070915690089299
143864,0.00730910226840329
143865,0.0004012081726634063
143866,0.0016615995943226023
143867,0.00262988365987152
143868,0.0002930110180832847
143869,0.0004252996955642432
143870,0.0022943594983885194
143871,0.0009763798074999575
143872,0.000634389953753944
143873,0.00026971986343829826
143874,0.00041011047677650726
143875,0.006379691367481476
143876,0.0027031488834528927
143877,0.00040410468240903246
143878,0.0005290541320303666
143879,0.04177167397196408
143880,0.0013796627778650088
143881,0.007688060161397413
143882,0.0009292239275566962
143883,0.0010492293909625222
143884,0.0019532986065645716
143885,0.41674350937909227
143886,0.0008465177277347149
143887,0.049732773889412246
143888,0.6057647461880806
143889,0.0006318380479124812
143890,0.09776303057399857
143891,0.0007911290129047614
143892,0.0013620018069364546
143893,0.00019229978480432049
143894,0.0022646101209495926
143895,0.9813599883211139
143896,0.00017282315304098183
143897,0.003792319735436061
143898,0.005387954939438096
143899,0.001061909700225014
143900,0.9243687497981887
143901,0.0007834995491518515
143902,0.004852622111350886
143903,0.0014159357311798995
143904,0.00017435985141378265
143905,0.0006096650229600588
143906,0.0013202729239856347
143907,0.0007958564883873867
143908,0.00037258538165968263
143909,0.003229220456570148
143910,0.00015313244131348984
143911,0.0057081662364507875
143912,0.0004016090004894448
143913,0.07369575141147928
143914,0.0007752561817755087
143915,0.006040353266142446
143916,0.0002968034070491904
143917,0.0016743197694606663
143918,0.00022766029600436872
143919,0.0003202318524466643
143920,0.020691835710888982
143921,0.0005603402782582259
143922,0.005674379813735739
143923,0.0020497635964392196
143924,0.00809578326392457
143925,0.9783296085471538
143926,0.014387236157104537
143927,0.034128898767930085
143928,0.9880368730092903
143929,0.0005763220682430533
143930,0.8691222239203099
143931,0.9619426443460672
143932,0.028481090630608812
143933,0.1092412148215973
143934,0.0002938598137000122
143935,0.0050659410260707706
143936,0.0661951434832866
143937,0.0007879366295028546
143938,0.0012563615069204625
143939,0.0004319019170435603
143940,0.0014844615618652595
143941,0.0003943896110926513
143942,0.0008538359025987422
143943,0.0020509779910159467
143944,0.9857423382521306
143945,0.0009968298078999013
143946,0.00022157118000302778
143947,0.0625741381535252
143948,0.00014859967986021526
143949,0.00030698713931228403
143950,0.0025465461243766663
143951,0.0025755455369342816
143952,0.00018715339900548045
143953,0.8238295353943028
143954,0.00019447553295543523
143955,0.011458551446764477
143956,0.009451721990666326
143957,0.00037535103384883574
143958,0.0015007316538390397
143959,0.001596556879513711
143960,0.00015812028918432025
143961,0.9905380499792886
143962,0.00041962033695469087
143963,0.0012682909520665365
143964,0.0006855378911479823
143965,0.000519755813606725
143966,0.0038808925942027707
143967,0.00021262435292460544
143968,0.0002508326004573598
143969,0.9950964581554674
143970,0.004534902167849453
143971,0.0004882217615057868
143972,0.0003461078746121805
143973,0.00016995599176389384
143974,0.3960266899968993
143975,0.05025348779567843
143976,0.0008734746309369857
143977,0.0005528296609885918
143978,0.9957107156942392
143979,0.00028422576770384373
143980,0.023649472241072212
143981,0.0002792013164764661
143982,0.0023557456784379033
143983,0.07796975817835915
143984,0.9955507138351334
143985,0.0024943705365213387
143986,0.01796071377531784
143987,0.0013091426427241464
143988,0.00202026497222845
143989,0.0006355735481179904
143990,0.0013532459681811957
143991,0.00028338923762282896
143992,0.0020286907222266224
143993,0.00036156523858971455
143994,0.00022161463350541286
143995,0.1559976156215956
143996,0.0007646419025325833
143997,0.016057339480326352
143998,0.04715684254182293
143999,0.00278281012732666
144000,0.0002316194827271063
144001,0.00508423584351917
144002,0.00017911722234287083
144003,0.0015783276043271064
144004,0.9768668240966895
144005,0.0003734374448596106
144006,0.0002359000769333777
144007,0.04835847681752149
144008,0.006799416487456949
144009,0.0009285087055169654
144010,0.8588884697174926
144011,0.0003914088543907322
144012,0.00019121167023797774
144013,0.0006598992184847426
144014,0.0008018191161940467
144015,0.0204300611556233
144016,0.0015018313706305316
144017,0.5827912412615285
144018,0.004591935610958644
144019,0.00022439487115776064
144020,0.0017088422552438867
144021,0.00437733014482298
144022,0.003631581403502232
144023,0.00865327477338035
144024,0.0004035877971527409
144025,0.005093507553176986
144026,0.0009145545379498959
144027,0.005489355526230211
144028,0.9631430697397647
144029,0.0014354220558003314
144030,0.0013002988936484763
144031,0.0027297825571584657
144032,0.0005054472729928597
144033,0.001176567936296472
144034,0.002068186356156278
144035,0.001023781056595039
144036,0.00023711330707093197
144037,0.00035742177780686575
144038,0.0004099301353068511
144039,0.014490556790721115
144040,0.0019627602941446353
144041,0.003667858932201555
144042,0.00022385502496892853
144043,0.16629037760163592
144044,0.821382604157249
144045,0.003358816877591639
144046,0.00596356130837361
144047,0.0004542669736963464
144048,0.0009233804370072738
144049,0.020996503305402824
144050,0.00693571629946179
144051,0.006916889393150275
144052,0.0023769987171965677
144053,0.00020006488444581814
144054,0.7404013081244569
144055,0.0007187980902661205
144056,0.0005562934554688106
144057,0.00470048721258459
144058,0.9847430461530008
144059,0.002843607643953275
144060,0.018791112634924247
144061,0.713537731588531
144062,0.0006442382669974205
144063,0.01237912052258958
144064,0.003422782504114783
144065,0.00034429009379310005
144066,0.0028610413458576736
144067,0.000392323230249675
144068,0.025093060215158183
144069,0.0001654163820010516
144070,0.01851882834465884
144071,0.9824364477269265
144072,0.00022439210920664803
144073,0.0009879573470496347
144074,0.0005796607016866946
144075,0.00024265608994086433
144076,0.005824040510676298
144077,0.0004069709715642049
144078,0.06920373074482668
144079,0.004245762412798268
144080,0.0055065590862651516
144081,0.9940808074631167
144082,0.0009241502041288925
144083,0.0004952559231540243
144084,0.0016905261693877583
144085,0.00022969572748486654
144086,0.00033057951345602765
144087,0.0013475028273510924
144088,0.00822250083330797
144089,0.0002536637129184629
144090,0.004238193667229566
144091,0.015554184105031597
144092,0.0008293625836511861
144093,0.0007551223064970527
144094,0.996855880504581
144095,0.9865565038352192
144096,0.0009595002156356312
144097,0.0024547274624235407
144098,0.00017894988630617211
144099,0.002348509411614206
144100,0.04320647898951473
144101,0.06900098940881105
144102,0.0036918615280727533
144103,0.00032134975679052545
144104,0.05195973979789342
144105,0.0032612123902970467
144106,0.006265703868558392
144107,0.0005793956979177813
144108,0.9946868803205009
144109,0.9819781452801198
144110,0.0004163365573890906
144111,0.0002178407676167216
144112,0.030551485726006626
144113,0.08564185987735347
144114,0.9902176589152052
144115,0.015116291656154041
144116,0.989447993435192
144117,0.0013153514082646512
144118,0.00044835448372500204
144119,0.07520063140381941
144120,0.0012959247591448144
144121,0.0012609782226122332
144122,0.000565589234449854
144123,0.001294744322694748
144124,0.13225990276706298
144125,0.0005134869805413453
144126,0.6767545578252387
144127,0.0017869068354829677
144128,0.18437620820889883
144129,0.06610426562318557
144130,0.9950334153974526
144131,0.00017850165051892008
144132,0.0065809821640263775
144133,0.0003441738461932396
144134,0.0005344974316785977
144135,0.9898276274878709
144136,0.9900340458169111
144137,0.5916199015875472
144138,0.009616770461218092
144139,0.9843472751202382
144140,0.007147144209959256
144141,0.00038616867758990155
144142,0.01557186508822074
144143,0.015543819733947408
144144,0.0010995401786381893
144145,0.0011144344861516477
144146,0.00017635166061524907
144147,0.0031879629323746162
144148,0.07372039156851988
144149,0.0006435062784981764
144150,0.004352880172802303
144151,0.0008646020340547247
144152,0.0007556059162005262
144153,0.006728696880694694
144154,0.004209422446028777
144155,0.00046366145854343015
144156,0.022235120251702496
144157,0.00024855403778132755
144158,0.00040478888657934304
144159,0.005841454632493203
144160,0.0004224735546593528
144161,0.0004760102751380628
144162,0.0060728432788003765
144163,0.02155109552791841
144164,0.0005688602912566154
144165,0.0011660727549535448
144166,0.008601574876635154
144167,0.00035913336234869335
144168,0.0013217420550155215
144169,0.00015946681341232915
144170,0.0003711931733391731
144171,0.0002472586012687192
144172,0.00044337218156838694
144173,0.000391892967140314
144174,0.000282182446820993
144175,0.00012550461954771895
144176,0.0008387912659459462
144177,0.9045102614330093
144178,0.001605816850579928
144179,0.5221625089980924
144180,0.0011773583674249857
144181,0.00025359069550958465
144182,0.0008890464607226247
144183,0.0011984917982949908
144184,0.0008155407098917135
144185,0.000209975376144917
144186,0.000823866686727021
144187,0.00023133996569477488
144188,0.021231540934159923
144189,0.0004696197429702677
144190,0.015115382245388042
144191,0.0003878489153000061
144192,0.00035598298116308667
144193,0.2802724279224731
144194,0.00901072922137632
144195,0.0027265071967395855
144196,0.3019739074443949
144197,0.0009280616737950465
144198,0.009754319004816858
144199,0.017514716405735407
144200,0.00015060961793163434
144201,0.0011425943489259565
144202,0.013784218639496455
144203,0.024262179144702307
144204,0.0004286744792609304
144205,0.000864075597724353
144206,0.03612161781690843
144207,0.06193304988112982
144208,0.9939665471519988
144209,0.00036112679340334424
144210,0.0006765190848991393
144211,0.0004914494251882595
144212,0.001722481724361382
144213,0.0005084642900047215
144214,0.0025666473304096268
144215,0.025748718386254952
144216,0.0004283950699105969
144217,0.00021222048382311723
144218,0.0034129383488964477
144219,0.06681621170553304
144220,0.0003872216039231575
144221,0.9971386561819711
144222,0.000642318494795253
144223,0.9908094755981471
144224,0.0005578991965310525
144225,0.9867026690771437
144226,0.006087349580521741
144227,0.9909659738619266
144228,0.0004094076266905342
144229,0.9833254150062328
144230,0.0003179340230758445
144231,0.00034785974143657983
144232,0.001879021023640438
144233,0.9890842161418079
144234,0.0006689360179057674
144235,0.009390607133242131
144236,0.007760335823926763
144237,0.0005506649893480364
144238,0.008773965430457935
144239,0.0003701378481858201
144240,0.0004340027656036775
144241,0.961195846237132
144242,0.0014895794828606093
144243,0.004086652758882465
144244,0.00029397272210557004
144245,0.00035638213204193346
144246,0.9105882393940071
144247,0.6003552653488357
144248,0.04695925202198637
144249,0.0037282488549145783
144250,0.00023266873261189062
144251,0.9901974076691148
144252,0.000454410533325907
144253,0.007201568897814247
144254,0.012763519927715239
144255,0.00044632414480906166
144256,0.0015879246934213823
144257,0.044181138151760696
144258,0.0005165338493334022
144259,0.000575278362125232
144260,0.00034161609843062687
144261,0.9830396507384704
144262,0.0012623135498364185
144263,0.9892391762906043
144264,0.004836401819144319
144265,0.0001590460787745327
144266,0.009555887826447321
144267,0.0015500492764386753
144268,0.08171387252975094
144269,0.0014176569053625657
144270,0.0078107658806991056
144271,0.00024356873224926214
144272,0.010009974404584066
144273,0.0015609102121024957
144274,0.0009806331857862022
144275,0.00026305176263610557
144276,0.00023404715976171856
144277,0.0014349493236801487
144278,0.9887130645368599
144279,0.00026679500885992745
144280,0.0012538290698575517
144281,0.00021779755957845233
144282,0.0004431911284557577
144283,0.027265183850803516
144284,0.0003245382075212087
144285,0.032563192798819945
144286,0.001542735756114872
144287,0.0010130467671905135
144288,0.0010431072783126539
144289,0.0006427039466748892
144290,0.9828672019097394
144291,0.0006877514759194418
144292,0.0051954168297829555
144293,0.0005532674124237149
144294,0.00249104306477666
144295,0.00030338623137709066
144296,0.00025660934681120175
144297,0.016721771409757953
144298,0.0004960245865803686
144299,0.0013561277321328773
144300,0.0014450876301737227
144301,0.007100180999057934
144302,0.0011504788750641205
144303,0.0018852413253477055
144304,0.0006163628297988747
144305,0.0015089066603610288
144306,0.004021216986770041
144307,0.02461750024588895
144308,0.0012149557687308925
144309,0.0005022104486982226
144310,0.00042117451490379616
144311,0.0022865329538376334
144312,0.0004959049107763327
144313,0.018269154048351024
144314,0.007091991576216436
144315,0.9819697086463657
144316,0.010127334868291286
144317,0.00032792152877236683
144318,0.0012980687878067876
144319,0.003367891658261066
144320,0.0010549865870606394
144321,0.0010188719481149977
144322,0.0021174110389967694
144323,0.01653450747415432
144324,0.0005674154390519291
144325,0.0004079816170226915
144326,0.008399929691262716
144327,0.006534888859772301
144328,0.0002958478616959605
144329,0.00037836138245478374
144330,0.9961682379474464
144331,0.0022386597443833666
144332,0.001357648958681702
144333,0.0005020065512054498
144334,0.00016966910711276747
144335,0.0011984858039593817
144336,0.0018367696290265104
144337,0.00031684967225495533
144338,0.0015524950312090524
144339,0.0003227509199439404
144340,0.0013970366875724282
144341,0.00016485075787933247
144342,0.0003302626028593965
144343,0.005351900517421445
144344,0.7596417031633532
144345,0.0009514484501003894
144346,0.00468407087344377
144347,0.00026681611981603704
144348,0.006787603894829199
144349,0.00036162076560289244
144350,0.003863760629032728
144351,0.0005928755641909591
144352,0.0007171037128579544
144353,0.002433943624465955
144354,0.018125149159543625
144355,0.9944760335202253
144356,0.004273809911714554
144357,0.00032503324221950543
144358,0.0011806563208646176
144359,0.0002634257567150168
144360,0.0018704740742189084
144361,0.9730115074850121
144362,0.0014354395714774632
144363,0.0008819607207527087
144364,0.0003272777238320928
144365,0.028104934121589237
144366,0.5139427870347631
144367,0.001665427895977284
144368,0.002063600062277202
144369,0.0018801821186425654
144370,0.0015131036015531192
144371,0.000193531400107947
144372,0.0011592621041177059
144373,0.2175903049288109
144374,0.00029177946261403295
144375,0.0020390899573324416
144376,0.0018610846118343705
144377,0.00015336472947898667
144378,0.000413300755798738
144379,0.0014498979748639549
144380,0.0051151847619229935
144381,0.00012283116663866817
144382,0.9961556937411742
144383,0.9927505946892407
144384,0.627730728528046
144385,0.0005935699434325056
144386,0.002012307523700855
144387,0.0029338672474310914
144388,0.0015431912875339807
144389,0.006361314677511381
144390,0.08406344902722879
144391,0.0029186038269133512
144392,0.014010383120361555
144393,0.00031636408004535524
144394,0.9932553975049239
144395,0.0007979482739838966
144396,0.0004818300080615583
144397,0.005867653278497799
144398,0.00024079706826307844
144399,0.0012266920153446589
144400,0.0014541858345795183
144401,0.017362873174283675
144402,0.0006057807384436736
144403,0.00026376844026351277
144404,0.00046192075292782723
144405,0.000456295778643821
144406,0.0010529647234694473
144407,0.9793942886650745
144408,0.0003278527486659332
144409,0.000348428510670463
144410,0.19169545253842632
144411,0.00017416092780255725
144412,0.0003669580936566118
144413,0.0003046167463112048
144414,0.0015451709552555851
144415,0.00040466614372425627
144416,0.00016632125412706397
144417,0.001431626187740675
144418,0.00020691344410905569
144419,0.0002780456481326855
144420,0.00026856790075134574
144421,0.0005572370982431015
144422,0.0017390120480623751
144423,0.1755524741333315
144424,0.00023745462516643002
144425,0.0006369883148875254
144426,0.0010814592805636668
144427,0.0003416358829641497
144428,0.00023410724770339425
144429,0.00030329063932744353
144430,0.0006068481868109616
144431,0.00042532898558278584
144432,0.00017504913334178985
144433,0.0002931995785482896
144434,0.00020139802650844476
144435,0.004777572980552325
144436,0.006890267132676263
144437,0.0002831782274223618
144438,0.0005231201581975027
144439,0.00022192006739623718
144440,0.0026130418808858772
144441,0.0004177142683849033
144442,0.06547012351076616
144443,0.0006052792773838127
144444,0.00987295772628465
144445,0.0026171726370756757
144446,0.007476850945689721
144447,0.003200314401855327
144448,0.0007509329692088664
144449,0.0026465618167513766
144450,0.0024245444981275907
144451,0.017046594147235618
144452,0.0005058137975510912
144453,0.02751690635288215
144454,0.003965406064167611
144455,0.02440101271080454
144456,0.995605271455135
144457,0.019215456820963303
144458,0.012352060801987289
144459,0.00020243211667288086
144460,0.000439806843284951
144461,0.0008287715126642314
144462,0.09509210184609655
144463,0.0019763912031310273
144464,0.0007705716066793652
144465,0.010876826043587723
144466,0.00036865436461771243
144467,0.00031366388347568773
144468,0.00046452021653566034
144469,0.0007449389052468139
144470,0.000863486042664229
144471,0.0003938964327333714
144472,0.9942109211726072
144473,0.0012807137781024871
144474,0.013348032134799343
144475,0.0009455931091363763
144476,0.0026316364908014317
144477,0.0002457769016714282
144478,0.0012630609066245863
144479,0.9876784535773883
144480,0.0006348570017946962
144481,0.00026183538303075303
144482,0.0013724378435519238
144483,0.0003658276629604347
144484,0.001308817050081682
144485,0.02442063423159306
144486,0.0007320691393028734
144487,0.007502384988127841
144488,0.0009215227025127391
144489,0.03386007047918329
144490,0.9771868823607699
144491,0.00023432069000632038
144492,0.002053476169104424
144493,0.06203402285185278
144494,0.0017897809785504877
144495,0.021476534759324605
144496,0.004895766162539383
144497,0.014980255471677995
144498,0.015370953553052472
144499,0.992008696213553
144500,0.9851263668688515
144501,0.9936823210368587
144502,0.00016934711709625715
144503,0.0006326730828851919
144504,0.0007466760987921852
144505,0.0002923302209658319
144506,0.002771477097135635
144507,0.0006938872073875004
144508,0.00016586708665471204
144509,0.000471940477004533
144510,0.01205516634810746
144511,0.0005256199464064094
144512,0.021173494797215222
144513,0.17790398183441666
144514,0.0004569484380597752
144515,0.0006376508917354307
144516,0.997790403428876
144517,0.007022401189001763
144518,0.00046755620664158844
144519,0.921413094080636
144520,0.0015886555693600576
144521,0.0002954376184078628
144522,0.003975308860519673
144523,0.0005642001044400856
144524,0.000565717495004771
144525,0.0011299841331024317
144526,0.009722566345318881
144527,0.9915722216035971
144528,0.0046500450301407
144529,0.0009882222879745199
144530,0.021145183356840156
144531,0.00045149633156411537
144532,0.00563518192086266
144533,0.0002907227429464937
144534,0.0011582813568958206
144535,0.0004691081187874992
144536,0.008204349939216756
144537,0.0006742040172017042
144538,0.012139337168245334
144539,0.0005720066030970809
144540,0.13253404082397505
144541,0.9893707446305877
144542,0.0008190159122653993
144543,0.0008800650928155246
144544,0.002179948547904807
144545,0.0013653664810116108
144546,0.000751422623525764
144547,0.000454907722674137
144548,0.0002492854255119041
144549,0.9726838692659486
144550,0.004879746997483935
144551,0.017069227687600167
144552,0.002939428383251705
144553,0.009474752934710864
144554,0.0007499387192839496
144555,0.0005010664898301352
144556,0.15999887961636258
144557,0.0002822675628142367
144558,0.01657169748005717
144559,0.0696018978523693
144560,0.0019905398923710086
144561,0.0025586005237984433
144562,0.019099008765470396
144563,0.006826522404487416
144564,0.021533984547596946
144565,0.0005798177614225818
144566,0.0007647086538483954
144567,0.00033415783206578196
144568,0.0016183908314551785
144569,0.0009852672126304687
144570,0.008957850940840987
144571,0.05091506924729822
144572,0.0037970162140401036
144573,0.00026840333278240917
144574,0.007589561495878972
144575,0.9961586547235589
144576,0.001107592672565606
144577,0.0002053629220720597
144578,0.00044968012573007554
144579,0.005162248495128449
144580,0.0004921079638177133
144581,0.004637151104917641
144582,0.0013301021079507314
144583,0.0005064705344158812
144584,0.0007090616059540162
144585,0.000504930860212484
144586,0.00019297113996631377
144587,0.001236008524967991
144588,0.00121633227290612
144589,0.0038747231457667013
144590,0.00102155599317376
144591,0.00031962653290268893
144592,0.0004106057640150884
144593,0.0006910622054003008
144594,0.0030517448365424125
144595,0.0010407736214579565
144596,0.0062380647346753975
144597,0.0003260007913204859
144598,0.09439808184626536
144599,0.0012446373028863634
144600,0.0076843888478986995
144601,0.0005838594810952993
144602,0.001681254160601653
144603,0.00023070783119958716
144604,0.00020127083999383803
144605,0.00042103420047685954
144606,0.000662019921899612
144607,0.000645342336928743
144608,0.11831294328485123
144609,0.0027060023119022665
144610,0.012235398544112618
144611,0.00041460049956558854
144612,0.0012566059454289758
144613,0.0009164624110077598
144614,0.010968896459422537
144615,0.00037654105681094976
144616,0.0008413561639348522
144617,0.01845884374909309
144618,0.0010838596179862338
144619,0.0009885886302987326
144620,0.0031002554212812895
144621,0.0003786427704196148
144622,0.000168067403094938
144623,0.0002395386788553657
144624,0.00043633862798095455
144625,0.0010322271070087896
144626,0.00041881517886811683
144627,0.15693055579718973
144628,0.00027333249231623264
144629,0.00041972777080638747
144630,0.011669750998000114
144631,0.0013874256933970378
144632,0.06794352718241735
144633,0.00328443366721945
144634,0.008815909168486518
144635,0.0006620026673758036
144636,0.002612926094718497
144637,0.0007484977249602983
144638,0.941322605883732
144639,0.0004892429174838461
144640,0.06710217075746963
144641,0.0005438573599735755
144642,0.01967420409253916
144643,0.0002422067348551453
144644,0.0013137740388887173
144645,0.00020097603748013158
144646,0.00044382142638959616
144647,0.0005756223724306181
144648,0.046825528721953676
144649,0.4531758753228675
144650,0.0018588937929761677
144651,0.3207818881166848
144652,0.04093135329934262
144653,0.0085770865432966
144654,0.01790286355641791
144655,0.006212264215690887
144656,0.00022988759293194203
144657,0.0002362529573828659
144658,0.000423830315190411
144659,0.00034443084392731655
144660,0.0033947091561158838
144661,0.020425097964631444
144662,0.9902562134150618
144663,0.00036322411939207234
144664,0.0018953202687237987
144665,0.009037721446986459
144666,0.0015033473003109724
144667,0.0006588289876773118
144668,0.0006818912283967694
144669,0.016875005040012946
144670,0.001454625192665732
144671,0.0004659850889767834
144672,0.00041700858670925314
144673,0.007767893078831909
144674,0.00030531280245121867
144675,0.002649204548827641
144676,0.0015065780951857215
144677,0.00044428314160480483
144678,0.9793601972697521
144679,0.0002123443904090192
144680,0.9899794367301235
144681,0.0001587997570370225
144682,0.001698781226552692
144683,0.00024866472594838653
144684,0.0005022724388464278
144685,0.00029141020249079375
144686,0.008862338236625548
144687,0.0003198860532148663
144688,0.0009567010263274539
144689,0.002264176453044237
144690,0.9764421500563243
144691,0.0011981506045314397
144692,0.01820613696977789
144693,0.0006051963732361833
144694,0.00022683962792726105
144695,0.0008182823852945413
144696,0.38956886119148526
144697,0.0461266392032288
144698,0.00020758619115677964
144699,0.0015966565687132144
144700,0.00023621000501221546
144701,0.0004736340454300609
144702,0.006101636040887136
144703,0.0008678632977355215
144704,0.02326903673880296
144705,0.00043591223129625325
144706,0.00048302780575439124
144707,0.0014683795883279017
144708,0.0009208132251987259
144709,0.9946183012080708
144710,0.00031248940048913924
144711,0.004560941671797657
144712,0.007109525359840396
144713,0.0004437607446472568
144714,0.0010419065450037151
144715,0.00033710186318204475
144716,0.0006830556655792461
144717,0.0004961967355993483
144718,0.00016308217265530674
144719,0.001321742698688041
144720,0.00031073126515607794
144721,0.0003495076999006736
144722,0.0006909213360289292
144723,0.0008164823903006814
144724,0.0002716334020351804
144725,0.0006472221912074913
144726,0.0003917517775747055
144727,0.00026328840162770926
144728,0.1306166606958622
144729,0.0022036426527226524
144730,0.06699237633686084
144731,0.0016857928260977525
144732,0.0007271189951544595
144733,0.00845373969977509
144734,0.03577362199669002
144735,0.0016030277168266416
144736,0.00030630432215241675
144737,0.0010140160016309707
144738,0.0004510262719130268
144739,0.0001805508781484095
144740,0.0014647107875036696
144741,0.9819652264814429
144742,0.00020893656069761148
144743,0.018103441739460185
144744,0.0037555202720460468
144745,0.00031759882293231815
144746,0.010140635553285423
144747,0.00086280410367712
144748,0.0029223225429571673
144749,0.007407128175156139
144750,0.2322821974145778
144751,0.9961613906415914
144752,0.0005039332641404779
144753,0.00032764526475046607
144754,0.0004401690593464216
144755,0.003216929876104387
144756,0.0003803514435041955
144757,0.004962393930061804
144758,0.0014759681042382088
144759,0.0006101268571341223
144760,0.00037969180187165516
144761,0.0002004974322739026
144762,0.0021322936661330393
144763,0.0014416447778690458
144764,0.4437664869080583
144765,0.0010599085590265156
144766,0.0015399940949498555
144767,0.011650639853860025
144768,0.017522570302736306
144769,0.9909109259576246
144770,0.00024003005533515534
144771,0.00028737245610352093
144772,0.0035124719673276777
144773,0.983763574904163
144774,0.0002461252220435869
144775,0.0005704419166631349
144776,0.000307000593342719
144777,0.004797202250800761
144778,0.05709387901262559
144779,0.0011493972938490667
144780,0.00045399912343522234
144781,0.053633461011191035
144782,0.00024978356220151164
144783,0.00034998575455456334
144784,0.019001344622685837
144785,0.0009423290637426948
144786,0.00045352852346206625
144787,0.053899379238323594
144788,0.00012848658711743624
144789,0.9915510311926983
144790,0.0010208153504208655
144791,0.00022415358217606148
144792,0.000385260486759541
144793,0.5654233264790784
144794,0.05536416349448309
144795,0.013818696009235706
144796,0.9962108438617054
144797,0.0010453185038496455
144798,0.018365034912498645
144799,0.037618482732621784
144800,0.001849197706524367
144801,0.0001836099022454717
144802,0.0014280613920174747
144803,0.0018374214302914083
144804,0.003087497733497631
144805,0.0036591276724360507
144806,0.008788364810658625
144807,0.00010296396006098574
144808,0.00033514315233512285
144809,0.0005461009364473399
144810,0.9958181069860916
144811,0.0008962598558502935
144812,0.0005394320894018037
144813,0.0003719377603264436
144814,0.00014909200855098517
144815,0.9830063485663596
144816,0.14013958388074915
144817,0.00032643255838769435
144818,0.0035742618532599384
144819,0.00048591695723682944
144820,0.0007442797330117458
144821,0.0004208218657277075
144822,0.000250977959922859
144823,0.0015886366915715106
144824,0.9906519903727624
144825,0.00022416109122542745
144826,0.8867497846582927
144827,0.00030678751275216385
144828,0.18092425994241973
144829,0.0003699189045262754
144830,0.0042048342213367
144831,0.00021015530765646916
144832,0.009370176432965345
144833,0.0003187359428971836
144834,0.0006284463106695519
144835,0.00028752453906336344
144836,0.0004160514215651329
144837,0.00024717973012564683
144838,0.9951071527912515
144839,0.0033265004397258126
144840,0.9436107189883929
144841,0.00013043979413096315
144842,0.0011096803733705934
144843,0.00048133547992432906
144844,0.0007746003537245219
144845,0.00039384001827978855
144846,0.0006122676148867495
144847,0.0009498308659598115
144848,0.0005601736293988385
144849,0.0004199855108220857
144850,0.0006245470290256328
144851,0.984772966232259
144852,0.00035149224581742844
144853,0.0020906692931922737
144854,0.0005211349274219386
144855,0.0006901645424855279
144856,0.0004727286327035919
144857,0.00016563203907470433
144858,0.06315552869414287
144859,0.0007971590311247256
144860,0.028920181003648984
144861,0.06747578916839889
144862,0.00017051581353420397
144863,0.002523286240865117
144864,0.004190994359532102
144865,0.0018085010169804048
144866,0.0003478328698309317
144867,0.004514975734249471
144868,0.0016483483428075148
144869,0.006038133046125702
144870,0.341858450501814
144871,0.0001691939914139123
144872,0.048181244731790626
144873,0.0005713894302972748
144874,0.0009078863502966896
144875,0.00026623970576596665
144876,0.00014733324272486376
144877,0.001946988106742946
144878,0.0007938812289912881
144879,0.00022761174777484542
144880,0.0029632300164222883
144881,0.0011376384258983319
144882,0.0012737694882080128
144883,0.0003085344684646929
144884,0.012925594832276276
144885,0.03115969954660581
144886,0.9857669531245046
144887,0.013195967341479521
144888,0.0016461879457987658
144889,0.0008921579227351887
144890,0.481487936926433
144891,0.0004724015504483795
144892,0.0003271120945530142
144893,0.00012819011127315777
144894,0.0001438874882954495
144895,0.00200994618632517
144896,0.8921410996545754
144897,0.010196306145975683
144898,0.0001687258383049999
144899,0.0038527814856478375
144900,0.9760995712553153
144901,0.0033059527334492558
144902,0.0003330905223379677
144903,0.0093843291489994
144904,0.0006188031014068799
144905,0.0013900050189831843
144906,0.000831568742097841
144907,0.00046565845869769477
144908,0.0021358567606155287
144909,0.0010814356910131633
144910,0.0008798027757706002
144911,0.0002283754417474471
144912,0.5550118050661419
144913,0.0003149560279105802
144914,0.00565282510832184
144915,0.001908334284533844
144916,0.0011826810262654012
144917,0.0005131199706213871
144918,0.0016386167032147697
144919,0.0006600719393774338
144920,0.0002607921008583629
144921,0.000204753184323986
144922,0.9811762169224416
144923,0.0009665223611851549
144924,0.9906603778846903
144925,0.012778370959997737
144926,0.0011050845973473143
144927,0.00044343889575741875
144928,0.00022514153551080054
144929,0.002408692848086861
144930,0.9876211994865153
144931,0.000207904917727478
144932,0.0003460201038030811
144933,0.0008204341180761084
144934,0.00040968156919019103
144935,0.0007249706457463796
144936,0.0011630072498744106
144937,0.9616388549721937
144938,0.00146079717940516
144939,0.008244256372666089
144940,0.03754349608957866
144941,0.9881435758571173
144942,0.0005646826760858353
144943,0.0002005552614538869
144944,0.0009027205282878767
144945,0.0006065400239011117
144946,0.0004907465509930903
144947,0.00029143546295257167
144948,0.5567836011930467
144949,0.004110246447444137
144950,0.0003463814519461479
144951,0.9924085108387802
144952,0.00034640905039433036
144953,0.0004236391521985908
144954,0.0007666919428239092
144955,0.004546150160117708
144956,0.0009052567397480241
144957,0.018252090718643258
144958,0.0006589710149711789
144959,0.0003078451529558655
144960,0.0002233858950322657
144961,0.009771235690847322
144962,0.000963593565087583
144963,0.03332811762210642
144964,0.0003507724479164507
144965,0.00020576470067049912
144966,0.00027298696613006236
144967,0.001657634828953717
144968,0.9947462841240652
144969,0.027878286480666654
144970,0.0015060608595337736
144971,0.0005327470028999466
144972,0.0034689305719826312
144973,0.0005808135013350996
144974,0.0001831948838382985
144975,0.0023576066086587614
144976,0.9895175279784524
144977,0.0007169504921627771
144978,0.0032916077785954028
144979,0.010648967550701688
144980,0.06344049199801112
144981,0.0007197910161286291
144982,0.00033767730425497764
144983,0.00030929507503099207
144984,0.026711336377127394
144985,0.0010545762761328488
144986,0.00016481450700185375
144987,0.00025486019711737335
144988,0.007456253772840432
144989,0.00031387020911947386
144990,0.0070641349887168095
144991,0.000547270353624306
144992,0.00076468668024151
144993,0.0004878514033581928
144994,0.0008220289349078934
144995,0.0015171292829262535
144996,0.31722382379153424
144997,0.0007243490761844794
144998,0.0038416622247693264
144999,0.00716984918691896
145000,0.001814383596918666
145001,0.0006695605739983765
145002,0.000826732447920577
145003,0.00036094253432302344
145004,0.001970673683142592
145005,0.00029085211905928004
145006,0.0013597447991545327
145007,0.00018793889037227283
145008,0.0004670236067497389
145009,0.00030196250142448404
145010,0.00023029722461342556
145011,0.00023970193884718604
145012,0.0006214328225265882
145013,0.00024956984480815523
145014,0.0007365048967303234
145015,0.00020046556836717178
145016,0.0017529161542123124
145017,0.0036953292476639104
145018,0.0044059616422819125
145019,0.0015448735709193526
145020,0.00032152702257555866
145021,0.39720710693450917
145022,0.00022951384336519009
145023,0.001180180662878884
145024,0.008338267214280232
145025,0.0003008822930724924
145026,0.05534232221236344
145027,0.17376466584290937
145028,0.0005370149259680354
145029,0.18008285350823602
145030,0.0006488315013047883
145031,0.9979091684258113
145032,0.0002786075876558935
145033,0.00032736495548637634
145034,0.0010514627559732913
145035,0.986489432029732
145036,0.0006214136876005177
145037,0.00022136609346092525
145038,0.00015309977888424767
145039,0.0008809557063602557
145040,0.0019279303696979472
145041,0.00023476454416966237
145042,0.000546830369505317
145043,0.00022095057756633772
145044,0.00090264192277524
145045,0.00016434448847487662
145046,0.00032810978768982557
145047,0.001476049096021213
145048,0.0026431731509558008
145049,0.0024072918708143887
145050,0.0007813446980954335
145051,0.0005220905105737017
145052,0.000600535648165036
145053,0.0006767834977961609
145054,0.9866573020156666
145055,0.0006468974590176693
145056,0.00030217300952046784
145057,0.0014424976769525696
145058,9.552874595189476e-05
145059,0.015932541461635415
145060,0.032677682018328796
145061,0.0028939147743660782
145062,0.002718818018235177
145063,0.0002921323582963535
145064,0.0008726552723048269
145065,0.5530326488972515
145066,0.0795937063845602
145067,0.007469408433784592
145068,0.0008579616360810137
145069,0.00027196453917571983
145070,0.00023378948719919422
145071,0.00022782304397978974
145072,0.00034281227849746154
145073,0.0012252615190848151
145074,0.0008004396400207962
145075,0.02044374147998605
145076,0.0010352778148679613
145077,0.00025758166950374254
145078,0.0001229181982669671
145079,0.00031264340018123346
145080,0.00022386379524370624
145081,0.0591430576873871
145082,0.0007453936252000806
145083,0.0033953828843525267
145084,0.9941157244656975
145085,0.993767624522685
145086,0.034789513097715254
145087,0.017682804929085288
145088,0.14987095520574772
145089,0.001307156119457165
145090,0.0002781173879511785
145091,0.0004377496815616348
145092,0.001590060993954305
145093,0.00024925211399730573
145094,0.9830298702221111
145095,0.00023386712204817556
145096,0.013394853563300313
145097,0.0008358156268570073
145098,0.0020954890728082346
145099,0.00043135169705618947
145100,0.0005389169344448027
145101,0.00030323864201064137
145102,0.0036037945345684112
145103,0.000636989270303016
145104,0.0015550791710446502
145105,0.009069923291528042
145106,0.036390030653103894
145107,0.016456217056165068
145108,0.6027733360656023
145109,0.0007794948048440196
145110,0.0011773818903887854
145111,0.0002893678713382832
145112,0.00023355148893073634
145113,0.00023994729813000106
145114,0.004840050574751598
145115,0.000792191585082575
145116,0.0003661130741882991
145117,0.001998957675405009
145118,0.0003041286416329462
145119,0.0032966156525296997
145120,0.0036533678589418784
145121,0.0002976900973477515
145122,0.00019332900350019832
145123,0.0002503519281030823
145124,0.00022329449872412417
145125,0.8674700892172134
145126,0.08603354826543942
145127,0.002184824376717187
145128,0.9800523681973813
145129,0.03727681381987148
145130,0.0009631955900223109
145131,0.0014911263495614479
145132,0.0004990667011328362
145133,0.013388851812805273
145134,0.002881724845409574
145135,0.0009829738243141864
145136,0.00856859142629072
145137,0.0019675012962928084
145138,0.0003822505523545306
145139,0.0012856876767772744
145140,0.022203879359848196
145141,0.0007967238826688568
145142,0.00025051993755135783
145143,0.0018121306160917936
145144,0.0006732105650593195
145145,0.9930508025567094
145146,0.9909936262461778
145147,0.0011559256241465941
145148,0.014270329779340422
145149,0.0035516352040679427
145150,0.008314264616768702
145151,0.0005163571030335075
145152,0.01843701845780913
145153,0.00033578585475824965
145154,0.002534906263101554
145155,0.9769888560561469
145156,0.0010112487766990085
145157,0.004308856921220941
145158,0.00016687823144276813
145159,0.00031828958950241127
145160,0.0006309402583075228
145161,0.3098100050880934
145162,0.00014891350265189645
145163,0.009800496193254522
145164,0.00147408679835542
145165,0.0028968847988306307
145166,0.000581124646336618
145167,0.0014199346830454092
145168,0.00015683225683545487
145169,0.0002480731286359455
145170,0.00022395730622028483
145171,0.003196899742081188
145172,0.0002458196937914679
145173,0.001734795638116342
145174,0.4911876410250086
145175,0.0005709596004698868
145176,0.9942830418761643
145177,0.0007784288055509942
145178,0.002055783076831178
145179,0.00019156698735583842
145180,0.0004975600673311309
145181,0.0005990374728453597
145182,0.000591842613573574
145183,0.011661432146056245
145184,0.0025105743337522153
145185,0.0002175831854902888
145186,0.07409365440326741
145187,0.005449120614949169
145188,0.0012442819108468763
145189,0.0016048202728353772
145190,0.5272211718279921
145191,0.00021242145584118646
145192,0.0007219800864885435
145193,0.0003895883534455908
145194,0.0028228264799460808
145195,0.0010328493832099128
145196,0.0014497565490078882
145197,0.0016721916481745311
145198,0.00028419409114723194
145199,0.10407113554362184
145200,0.15293199234996738
145201,0.0002893080098501856
145202,0.0016299607445357904
145203,0.004506722577646329
145204,0.0012709064145887937
145205,0.00042625362171516955
145206,0.010634750993004026
145207,0.0002451935942519697
145208,0.0002116457781696295
145209,0.0022313617979207922
145210,0.5582631683208841
145211,0.0019044952607251238
145212,0.004217603811495779
145213,0.010267116565762536
145214,0.00035549719573705447
145215,0.0004522029190572102
145216,0.0006463289274900103
145217,0.9867042902629454
145218,0.0004005648787371847
145219,0.0003811344535165933
145220,0.00043335213088305057
145221,0.09185376105143649
145222,0.007118186525298482
145223,0.0012947452750419895
145224,0.001679034676062083
145225,0.0030929389668554862
145226,0.9807568058932359
145227,0.0014435629589947725
145228,0.9910278467833354
145229,0.0007696481273806878
145230,0.002590362929020648
145231,0.0002913630313908738
145232,0.0003855575287959718
145233,0.0008280286906949415
145234,0.0005642758815923698
145235,0.9817005902413263
145236,0.00017160396120978767
145237,0.31379511615911426
145238,0.0002829536358698436
145239,0.005865528858659865
145240,0.008693442652428227
145241,0.015073682567009802
145242,0.002699657608932888
145243,0.0006925426885194654
145244,9.52377393253456e-05
145245,0.003930906079031618
145246,0.0013313828112832566
145247,0.9891115969843703
145248,0.000304605261666456
145249,0.0002580592568417973
145250,0.01703135965118947
145251,0.003358272771226112
145252,0.0003812199829405633
145253,0.0023380245202150453
145254,0.0005483750633616802
145255,0.00046104187986591405
145256,0.00024249880832540968
145257,0.0003137408555085069
145258,0.002501998274957968
145259,0.9826437051497523
145260,0.0002542001698931055
145261,0.013698225483726609
145262,0.0002935988357788638
145263,0.0006804588068415683
145264,0.00034338194512966715
145265,0.0007133453903578479
145266,0.0070249297564266054
145267,0.0008555104168424568
145268,0.000585385622323534
145269,0.00019758195565866096
145270,0.0035688045508992846
145271,0.0005794719637048898
145272,0.00012045531629355065
145273,0.005693029774705922
145274,0.0015205003755024559
145275,0.0006869801872045735
145276,0.05474708140510357
145277,0.25312064793698913
145278,0.0011403851093014458
145279,0.0002657701029497126
145280,0.6864230320973953
145281,0.0013325902012329219
145282,0.9925043394695491
145283,0.00039391063553048666
145284,0.0010150542750233698
145285,0.004403724376594631
145286,0.996872582288875
145287,0.01494645955898091
145288,0.0003387808344874061
145289,0.007146323586524664
145290,0.007693772511768061
145291,0.00733232741862561
145292,0.021493338725806447
145293,0.0007527665807194842
145294,0.0013687879841678364
145295,0.003178209349731194
145296,0.0002776601337797594
145297,0.1154830612343775
145298,0.0022707468079394225
145299,0.0008535644904617535
145300,0.0003378272905315397
145301,0.0012106789922674672
145302,0.993993791982026
145303,0.005353870768807625
145304,0.0031449708720658145
145305,0.734799386241105
145306,0.0005020025416193889
145307,0.0009449861144507016
145308,0.08799519025128831
145309,0.0006029833894266402
145310,0.00965255285038954
145311,0.003650653831882331
145312,0.001673256048748263
145313,0.0011010605357382785
145314,0.0004877411846395329
145315,0.0002414831214878131
145316,0.01980993625656816
145317,0.0019028885971886802
145318,0.0006749386168262985
145319,0.023822092077298
145320,0.005558690903693595
145321,0.0007836898665444658
145322,0.0019340306316200666
145323,0.00246450611945492
145324,0.0003723783183682162
145325,0.0002982278396943016
145326,0.1426026250333834
145327,0.017661982410971395
145328,0.0024124953259918977
145329,0.0024046883779237963
145330,0.00310298166457748
145331,0.009344056485772446
145332,0.0002211829675305646
145333,0.05967040106503914
145334,0.028991571137861046
145335,0.0039053739873245816
145336,0.9918825837318591
145337,0.007918883073515145
145338,0.006214448478461356
145339,0.00034387135593004275
145340,0.008967705838979236
145341,0.0005730827270145226
145342,0.09782011448080645
145343,0.0011213085688119083
145344,0.004280197817795171
145345,0.00485318546934198
145346,0.0004495673943230729
145347,0.054742480291974295
145348,0.0001432351018441013
145349,0.004161500375925256
145350,0.000316820127096136
145351,0.0010983406447578566
145352,0.6400672638794013
145353,0.0003697830941507051
145354,0.027964213451523067
145355,0.21578443540828485
145356,0.00021773286146081278
145357,0.005324455348470835
145358,0.0082812458384788
145359,0.0009873466493477414
145360,0.021779199801978975
145361,0.9815836620342695
145362,0.0015929462861256614
145363,0.00024209822190898937
145364,0.0003198115317410447
145365,0.00033721429245244357
145366,0.24692090579128625
145367,0.0864875791722828
145368,0.0068276298359217745
145369,0.0008853255587087857
145370,0.006814464790148873
145371,0.019151740097626286
145372,0.00038160326189002925
145373,0.0027921917217000134
145374,0.0034697161277572925
145375,0.00043607254843795246
145376,0.6602831108649975
145377,0.009214746410766288
145378,0.03872155784278039
145379,0.0008820463130157327
145380,0.00037122556895388713
145381,0.0003419100857145563
145382,0.0006905331406145366
145383,0.46184389690656985
145384,0.0002085961281992149
145385,0.0002868662819788819
145386,0.00020826168120089314
145387,0.0006764555280310863
145388,0.00023146038499092302
145389,0.000807865030886773
145390,0.0002920615062889346
145391,0.0007671867235610967
145392,0.000285073910378536
145393,0.9933071299398519
145394,0.0005584029003843942
145395,0.0002402305743854814
145396,0.00154365757196609
145397,0.0058081740762818985
145398,0.000825689095727875
145399,0.6962728297994966
145400,0.00048202746702898655
145401,0.00567280037984051
145402,0.0006701214421897652
145403,0.00038187293480235646
145404,0.002043349932945006
145405,0.0012219825899070318
145406,0.9761428639058276
145407,0.000990830425506433
145408,0.00033971118231444054
145409,0.0031359780822366873
145410,0.0007148617291815616
145411,0.00041157193573399653
145412,0.0005188113509397149
145413,0.00021349964186464439
145414,0.00021437201921842834
145415,0.003916804938158559
145416,0.0041491821081897865
145417,0.007460930864931171
145418,0.001567767722111772
145419,0.0003569449864451665
145420,0.07189478287547259
145421,0.002085881722318916
145422,0.00013876643946611738
145423,0.18317284542867804
145424,0.9949134051757214
145425,0.03605412895458408
145426,0.001543573391615912
145427,0.0006296737675761952
145428,0.00023992149860331592
145429,0.9939669433408272
145430,0.9861190900691807
145431,0.46909095802995854
145432,0.0006529334203748573
145433,0.00032200666531692385
145434,0.0008076559179874876
145435,0.00028731271362932064
145436,0.00111300366692116
145437,0.013838979958623689
145438,0.9877377022903131
145439,0.0006505620246221582
145440,0.00021859047196183214
145441,0.022284728051820486
145442,0.009574393658512398
145443,0.005582244584877277
145444,0.006125113867048089
145445,0.0006919404398535878
145446,0.00040224222642930394
145447,0.0005902146618646338
145448,0.00034450449928666554
145449,0.005542572792072531
145450,0.003893024335600323
145451,0.00022387977993826777
145452,0.9962771648666079
145453,0.00033519107121978586
145454,0.0004668872529529822
145455,0.0011924865340243083
145456,0.0008246422609799107
145457,0.0003831633617327612
145458,0.0017269822943395269
145459,0.0011166309236510298
145460,0.00026920466809162965
145461,0.000830032248333458
145462,0.0002491456217888604
145463,0.0061422473212475615
145464,0.013208375670241154
145465,0.4869900047970257
145466,0.010892545909956954
145467,0.016760373635395676
145468,0.0004446298991505148
145469,0.00537065437508011
145470,0.0004819874327548716
145471,0.004538054443610202
145472,0.04562668844510108
145473,0.000379076017267327
145474,0.004658684477896479
145475,0.00033590539961770763
145476,0.0008852780957721814
145477,0.0003468125402949579
145478,0.0008692524651125669
145479,0.003839726338616476
145480,0.02883855134521934
145481,0.0005497536293572862
145482,0.0989349369462275
145483,0.26790751016791187
145484,0.0007729277667366016
145485,0.007230843610284752
145486,0.0005435025689057019
145487,0.0028117542202154727
145488,0.9925811089306169
145489,0.0013759795222436104
145490,0.0002608021859497062
145491,0.00022988095752368742
145492,0.0015966398967121361
145493,0.008224206278941451
145494,0.002362616540433457
145495,0.9942664842704422
145496,0.00036140292787295006
145497,0.0006627323497225914
145498,0.0014571503525462048
145499,0.03462887690421224
145500,0.0007533558925431038
145501,0.0004625377040479758
145502,0.0002124403202434474
145503,0.0012283483303015905
145504,0.011160962922476512
145505,0.0004975591137170553
145506,0.09754261201852062
145507,0.0022078858772158535
145508,0.00027916963051568264
145509,0.000559333103499995
145510,0.0005572849655117094
145511,0.02111065413569348
145512,0.01834954966702932
145513,0.9869659124208646
145514,0.996410719398284
145515,0.00342668990258524
145516,0.044352311552157866
145517,0.0009553410519504508
145518,0.00021147954935953024
145519,0.0006292839755678377
145520,0.00030306878726815445
145521,0.00037655007617764673
145522,0.013413819450402266
145523,0.0003672133924594398
145524,0.0010070250603322604
145525,0.0015668498435391844
145526,0.00024172567652620345
145527,0.003419114942328738
145528,0.0067143804961809
145529,0.0005686090228096639
145530,0.0007219096015542399
145531,0.0006973311220926107
145532,0.00012684405763772742
145533,0.0008189665002779499
145534,0.0004459481694268441
145535,0.004828422447829328
145536,0.0019398945639822467
145537,0.0002942598908819789
145538,0.0004479259703024508
145539,0.0037818085106675597
145540,0.0009507786255176107
145541,0.0005710684120700367
145542,0.0005381097357340436
145543,0.0009473124869319538
145544,0.00019988349013616555
145545,0.00031087643009484626
145546,0.004235868427049458
145547,0.0018928131839687503
145548,0.0008744858003212365
145549,0.0004626332993837035
145550,0.003929893941450586
145551,0.0017003407197407443
145552,0.004176852710537048
145553,0.0002266880464107642
145554,0.039974575829186475
145555,0.014575059645502203
145556,0.033780162726044116
145557,0.0002963839079573475
145558,0.0013286529800341593
145559,0.008273460517560493
145560,0.003674443104005844
145561,0.0037968861785811162
145562,0.004932938251020955
145563,0.00022338421249870486
145564,0.0014599134015640257
145565,0.001365890743068138
145566,0.004749388023540603
145567,0.000613722621104677
145568,0.003646389396831557
145569,0.9860967278192724
145570,0.002263985903147498
145571,0.0005436638926948147
145572,0.00022910299456404694
145573,0.0007100794825326011
145574,0.00044925977610527394
145575,0.002040666970244972
145576,0.0015140526806316822
145577,0.0382501121781262
145578,0.001577556787268442
145579,0.0005027653947267169
145580,0.0004734607722461748
145581,0.01330415789522916
145582,0.0007542568567127193
145583,0.00037412526402520713
145584,0.0019650790541045566
145585,0.00021420265934203443
145586,0.00395586039237903
145587,0.00045249646417860645
145588,0.00027003915213889043
145589,0.9927082710892782
145590,0.0009282977174923277
145591,0.0006149231914829433
145592,0.0009091312876619675
145593,0.00019408368280564108
145594,0.01146885621533459
145595,0.0014305098270820514
145596,0.00020558554326008247
145597,0.0005318733621069255
145598,0.9860866834419604
145599,0.0007724411400807955
145600,0.0003327521329955472
145601,0.0019443095093691647
145602,0.015558892877050406
145603,0.0002792494371414101
145604,0.09804570203404997
145605,0.000430861455235445
145606,0.0019260721869790566
145607,0.0007005313118081568
145608,0.001853673928663552
145609,0.00012836058623431375
145610,0.9855473908967476
145611,0.00031329679168263624
145612,0.0019430482054168608
145613,0.008557740623878162
145614,0.0008015483140333523
145615,0.0001674800356963113
145616,0.00031443599588653324
145617,0.0002542515689981843
145618,0.0031358931153743484
145619,0.0020908739079742973
145620,0.0014608257562505637
145621,0.0021624132087466144
145622,0.00015766358267859938
145623,0.0011310169748369918
145624,0.0006139045033484281
145625,0.00028886678870142793
145626,0.008004236702716399
145627,0.003594795097248385
145628,0.0009850585392494752
145629,0.0003190152952083064
145630,0.005268434605755789
145631,0.0029066060140435115
145632,0.00019515093238849893
145633,0.9868459326160459
145634,0.9893546447951629
145635,0.00029861462177353224
145636,0.0006837444202346788
145637,0.009070681513120371
145638,0.0001827539542740175
145639,0.004833491939612728
145640,0.0029763787856453036
145641,0.0003478513154694418
145642,0.5831126594120551
145643,0.0007602651580821562
145644,0.038971652485965784
145645,0.0003987228785689971
145646,0.0003969624158869153
145647,0.0002946446933577328
145648,0.9897431942222634
145649,0.015836521104665133
145650,0.03412331336154562
145651,0.02053812090244211
145652,0.00037270942611401136
145653,0.003834673122518361
145654,0.006822793550756014
145655,0.0008277977120891191
145656,0.0007551354085076243
145657,0.880661424152137
145658,0.0013104750465018512
145659,0.0005309070172306296
145660,0.0008800455118730637
145661,0.006798911270512297
145662,0.0005034891548374295
145663,0.004687052753219564
145664,0.0860481246021828
145665,0.027915522962641104
145666,0.0005510016002834815
145667,0.0007915809464896802
145668,0.0394549695963553
145669,0.039128157374037825
145670,0.00041489692715623866
145671,0.0001977957730032258
145672,0.000406458857029175
145673,0.00561907262318552
145674,0.006957513125737674
145675,0.004003569690091164
145676,0.001202744702998861
145677,0.0010941807112804618
145678,0.00017849568411172233
145679,0.08778570640748935
145680,0.00014063054373299647
145681,0.9604782821227764
145682,0.0007648895574293148
145683,0.001157030944243812
145684,0.0011125306645201809
145685,0.0005560009106178908
145686,0.0018574755605836862
145687,0.00045480325108992895
145688,0.0001622387723913178
145689,0.00026081291485210105
145690,0.0003146292021296534
145691,0.001385148443822586
145692,0.0002065840063860204
145693,0.0010211650331998115
145694,0.01544408656370713
145695,0.0007988261566202255
145696,0.0004805274776771237
145697,0.0011442674356706083
145698,0.0022313540878015855
145699,0.00025037958672750676
145700,0.00019482104126079456
145701,0.022667276658530525
145702,0.9534154398548955
145703,0.00027366095929603806
145704,0.00022061099493995837
145705,0.00025236909821141405
145706,0.0008563108208416815
145707,0.9919473224682097
145708,0.00030072256315899574
145709,0.001417865068614126
145710,0.003936649627749205
145711,0.9935609732450987
145712,0.0003011950422109035
145713,0.0004314368830685889
145714,0.004751811079692054
145715,0.0005017543447545211
145716,0.0033999490713446747
145717,0.0015629822289412345
145718,0.0005042396860791961
145719,0.00029915088534477496
145720,0.0009280143282184876
145721,0.987607994620097
145722,0.011886933687240649
145723,0.00043144957653376006
145724,0.104839356420507
145725,0.0006222700718989166
145726,0.7758380358373048
145727,0.0008509734884306534
145728,0.000450862642018328
145729,0.007002365804301807
145730,0.06441471846602159
145731,0.9067378986236307
145732,0.5433500401922734
145733,0.04154996033170849
145734,0.0005334665272169228
145735,0.00028248929016825273
145736,0.00031027979949030984
145737,0.0007932178064209394
145738,0.012422739541305091
145739,0.01516131386846931
145740,0.00044197009690141677
145741,0.0009122100151386306
145742,0.0017864776007889779
145743,0.00022419087729540002
145744,0.00037556738914801616
145745,0.39638696023863385
145746,0.0002860891564189743
145747,0.00019831315293588556
145748,0.00011056528724865615
145749,0.17433728400203433
145750,0.011872954622783814
145751,0.0012169394459713866
145752,0.0003373001117432311
145753,0.00026889233317518776
145754,0.0016553024741775885
145755,0.9853198691257492
145756,0.0002199942633392408
145757,0.006224644588743046
145758,0.0003667635022824146
145759,0.00034501403558910896
145760,0.004284489231668048
145761,0.9891731187235435
145762,0.0003070075673390438
145763,0.00015000113874075928
145764,0.05408463341411123
145765,0.001007116076066562
145766,0.0016038885409056214
145767,0.002013624160541151
145768,0.004290833766598847
145769,0.001352409702454957
145770,0.056390906177215455
145771,0.00012504388042972584
145772,0.010479577406449656
145773,0.2826896829685961
145774,0.015522747780417
145775,0.0023146777814997774
145776,0.0001521888630851388
145777,0.0033151119584278787
145778,0.0011562154815218338
145779,0.0011095045968907893
145780,0.00045231334153833107
145781,0.0005196921768403965
145782,0.20336398030720876
145783,0.0015004628333833057
145784,0.00029796188015930537
145785,0.0009127122315545832
145786,0.0016046091984925509
145787,0.28088712530918913
145788,0.00019416297683663662
145789,0.07775911152122511
145790,0.0005923940474230437
145791,0.015956782707903103
145792,0.0005121216528034538
145793,0.000811580861525497
145794,0.06321540288239084
145795,0.00027180846449071234
145796,0.0005550845735385203
145797,0.003087757694453198
145798,0.014642020290320213
145799,0.0004998594340570862
145800,0.000930424614753318
145801,0.00040081596197315874
145802,0.0006717603065111471
145803,0.0002563871890712191
145804,0.0008896032871668615
145805,0.001126681683612433
145806,0.00038778834462659
145807,0.25624707709936084
145808,0.00044920548593599976
145809,0.002006153660070456
145810,0.0003805976566144797
145811,0.00042645234704245534
145812,0.9922675391000922
145813,0.050605116043048216
145814,0.0005606552038130443
145815,0.0005152403337150557
145816,0.0079945638026116
145817,0.002470282540761421
145818,0.0019324322640178518
145819,0.0027154353118261647
145820,0.0035721406152192667
145821,0.008875668963233873
145822,0.0026227184378096345
145823,0.000342285433820408
145824,0.0010804488298912559
145825,0.0002691058097016716
145826,0.0005112874179520714
145827,0.0011570730930706736
145828,0.002961279715166021
145829,0.0293824559977733
145830,0.012645872690771323
145831,0.00014932811035182252
145832,0.9237496430533987
145833,0.0008912122309635442
145834,0.0006144147497566228
145835,0.0057644055196414785
145836,0.0006019978103458939
145837,0.00046938239100826907
145838,0.008795410714846923
145839,0.0002448593421895281
145840,0.018974263902346536
145841,0.0016675386149945614
145842,0.0004220536451730313
145843,0.0005181261201314164
145844,0.00037878680144440107
145845,0.0008277274370344019
145846,0.0035865215076454574
145847,0.001375269753366251
145848,0.0012460664624144725
145849,0.0007145560413179139
145850,0.008079492875390396
145851,0.008230558785121949
145852,0.015252396128276828
145853,0.0016471645354881725
145854,0.00012837551711798568
145855,0.0002891775942490152
145856,0.0035114355419292647
145857,0.0002756013633139996
145858,0.017885717405306333
145859,0.9903015955486698
145860,0.05467146907129576
145861,0.00022236415553032737
145862,0.000732388564386605
145863,0.00027152213379784163
145864,0.0008701947142958216
145865,0.00043863550982829285
145866,0.0003260212174806029
145867,0.0024152938123338736
145868,0.0003683511273718336
145869,0.0003294571843456767
145870,0.0012096620501695053
145871,0.00014887081651264336
145872,0.0003403456959326767
145873,0.00189254023272056
145874,0.00015423396141837084
145875,0.992802030539968
145876,0.0006443649307077572
145877,0.9860909251223642
145878,0.0001641089061803666
145879,0.0008556212710590495
145880,0.004964923489360491
145881,0.9912834162290821
145882,0.007188057050566602
145883,0.812385631504805
145884,0.002286804256690893
145885,0.9451195203258186
145886,0.10907063311625782
145887,0.007457855169454569
145888,0.0003931214032750019
145889,0.9921117651900498
145890,0.00043842576141686293
145891,0.0017368494369303868
145892,0.0037603145786406574
145893,0.00045459348976455757
145894,0.000186509584852796
145895,0.0002476589795771618
145896,0.0005314754690807039
145897,0.006655271669910715
145898,0.0002499090620245213
145899,0.0011519410746547614
145900,0.0008239459634873678
145901,0.0006243334564863034
145902,0.0073170023446801945
145903,0.888674344212881
145904,0.00257632557972287
145905,0.0003766999631936751
145906,0.0005497795552614158
145907,0.00048308089576647406
145908,0.0005592457054338578
145909,0.008427390330297062
145910,0.001855068194895356
145911,0.00036123944423695935
145912,0.0006133957188952029
145913,0.009587313527520187
145914,0.006257801624276558
145915,0.9950436937388073
145916,0.0009468938656843493
145917,0.00040400205916289234
145918,0.009306320861111158
145919,0.000929712722030274
145920,0.021789598469061967
145921,0.0003429514368745377
145922,0.0012084563945478476
145923,0.0009897422264213117
145924,0.005068060981509876
145925,0.0006930394353141065
145926,0.017603198778291845
145927,0.0007117405862016217
145928,0.00035363050772413966
145929,0.000943218893812384
145930,0.0014269888992289026
145931,0.9952989162781363
145932,0.006233197135539528
145933,0.003811966016220647
145934,0.0025769603692524755
145935,0.0004066854205541089
145936,0.003186553289042741
145937,0.0009813170273204326
145938,0.0002032024566708987
145939,0.00015799931277298894
145940,0.0020026406808849643
145941,0.0003559546973291742
145942,0.0008763027611566643
145943,0.039459806913902995
145944,0.018790797024232423
145945,0.0021587346194022233
145946,0.01038280443718253
145947,0.07658994481327584
145948,0.001182036379656034
145949,0.0003453693712953294
145950,0.9819727559513675
145951,0.00018260640448282273
145952,0.003199380791923773
145953,0.00039710824528623123
145954,0.00027794498565343487
145955,0.014844269488243899
145956,0.0023944207703596025
145957,0.02456993376355163
145958,0.0002989467028580976
145959,0.0001245955950334991
145960,0.005380778466368913
145961,0.006790715889271067
145962,0.0006157128847288563
145963,0.9917550056693376
145964,0.007175176274418451
145965,0.0019480342132109842
145966,0.0018170443223949754
145967,0.9786110773907415
145968,0.0005804275264894416
145969,0.002425546351236767
145970,0.0006383804633620798
145971,0.00023173570299442757
145972,0.00030393929606267425
145973,0.0016411854154267853
145974,0.01562411511800899
145975,0.00036714175249051974
145976,0.000918988148633761
145977,0.0003077390684966802
145978,0.00027616656142258973
145979,0.0006526425840057542
145980,0.0005087046388769516
145981,0.0010497727408837914
145982,0.00031461624135991343
145983,0.003643991599066606
145984,0.003758855291133045
145985,0.0005146083950139188
145986,0.00043741318685811616
145987,0.0004444088964349273
145988,0.0023847217496197263
145989,0.0004977736358364957
145990,0.0011783748210254202
145991,0.00018002072928518666
145992,0.007175891702077689
145993,0.014824151362936366
145994,0.00018932538819146742
145995,0.0001579123345024184
145996,0.9937633557090773
145997,0.7980671726068345
145998,0.0003714882239041956
145999,0.0016645269899043939
146000,0.00021391649083094227
146001,0.00034654183759263
146002,0.9906521187458024
146003,0.007252897615905652
146004,0.00039579299253785345
146005,0.017758877451524532
146006,0.9836432991145609
146007,0.016262911399274795
146008,0.0014803987893659606
146009,0.0007905858549168291
146010,0.0002554037400754694
146011,0.013750004728003936
146012,0.0006270511652771094
146013,0.9917988066263815
146014,0.0006759051136220763
146015,0.0006751083217548242
146016,0.0028438365497394274
146017,0.9942633327921236
146018,0.0078189382179905
146019,0.0008428309985189135
146020,0.0012271591534087035
146021,0.0009139444317250193
146022,0.0013838866911518983
146023,0.004088431936052563
146024,0.0005262552613260479
146025,0.0007161694394098447
146026,0.04473509423244707
146027,0.0003172871655571849
146028,0.0052998248778353225
146029,0.5912700364939322
146030,0.00028805875159832784
146031,0.002801011498902752
146032,0.0003046409819571998
146033,0.0012364999887489736
146034,0.0007668586490175833
146035,0.0003873065687745454
146036,0.08808286201421052
146037,0.0010718078795263527
146038,0.01658835611902258
146039,0.0007186686052995047
146040,0.0014956506030000172
146041,0.00044331558136230135
146042,0.00030319432418029216
146043,0.001604329978395639
146044,0.0031573446628641636
146045,0.001152442313932821
146046,0.0003726085490318858
146047,0.00015475187484104283
146048,0.01955534899503171
146049,0.00039578639939186715
146050,0.017947385746113542
146051,0.994911409560695
146052,0.0009650404132409801
146053,0.0005868131777708476
146054,0.03017028539747718
146055,0.013591959908000153
146056,0.001327024027187609
146057,0.0001872442081326638
146058,0.016127803266678505
146059,0.00034729991589930325
146060,0.0056429683983166825
146061,0.00028833352323943604
146062,0.0005908223412022206
146063,0.00022562049219214034
146064,0.0007820878699107346
146065,0.0002811049559087885
146066,0.08303274300104586
146067,0.00024413464138761638
146068,0.00010307516030537605
146069,0.00046004598595029197
146070,0.005937222566865905
146071,0.0003581178086845464
146072,0.9902755742536045
146073,0.0020193226772148324
146074,0.0005887823696496765
146075,0.0004798136677223507
146076,0.0021781882328771774
146077,0.02417948601031552
146078,0.2236856598619333
146079,0.0009801984920190887
146080,0.0019547640496640297
146081,0.0019821579363993743
146082,0.0004980915028007835
146083,0.0008160551725761885
146084,0.0010627287983265123
146085,0.00542499926272183
146086,0.0344645528024914
146087,0.00413595027190709
146088,0.0004435369866716373
146089,0.001778359716975776
146090,0.038319110802490036
146091,0.038835243818517655
146092,0.00028172904202913884
146093,0.0003672126078788228
146094,0.0001702570905522187
146095,0.869925168721944
146096,0.0009782935495094539
146097,0.005602453959418376
146098,0.009232786308849883
146099,0.0024993034931979317
146100,0.00045021120697418877
146101,0.013721377995956408
146102,0.0001749311645810414
146103,0.008458467630992257
146104,0.987277482520755
146105,0.9943038238278283
146106,0.0012777571926788696
146107,0.008019651593819729
146108,0.003895157449667801
146109,0.44790789244374585
146110,0.0003540826752921281
146111,0.0002811601847425378
146112,0.0004598213807397858
146113,0.4822918011764058
146114,0.0007963320028770663
146115,0.0006343823820482023
146116,0.0014539630484777832
146117,0.004223132985534304
146118,0.0013281316171784982
146119,0.012604692191925391
146120,0.019096648285045367
146121,0.0007174947558718884
146122,0.025321474801462657
146123,0.0032521202947726514
146124,0.0033630940114744456
146125,0.0005356889666359618
146126,0.0003881271603418161
146127,0.004376243033123333
146128,0.022952168735209454
146129,0.0001443802135227223
146130,0.00016228109755487237
146131,0.0006381055680770712
146132,0.00021470241582237194
146133,0.0016980393431573126
146134,0.0073086811842609555
146135,0.0007949680346185889
146136,0.0009653396546021367
146137,0.7272434281432999
146138,0.004590440801754012
146139,0.00016213421778889125
146140,0.0004927326189061945
146141,0.000164764135730747
146142,0.9949405570783357
146143,0.000767670596939598
146144,0.9899721251205726
146145,0.11048055623886768
146146,0.0004304203011064916
146147,0.0019239242365781835
146148,0.0004300710254882085
146149,0.00027151847975975005
146150,0.9432613847183207
146151,0.00023537957025101985
146152,0.0019787164039604104
146153,0.00021503684138651972
146154,0.0002488014958119012
146155,0.0022670840698809825
146156,0.02492983778505394
146157,0.00020046025618942218
146158,0.03800833338135653
146159,0.0012090620792402948
146160,0.0023028285595857565
146161,0.006525921320082408
146162,0.0030239906014580963
146163,0.9876490462528256
146164,0.000312582936716156
146165,0.0009235572305176394
146166,0.018471014554762837
146167,0.004158650081662186
146168,0.07456760868507921
146169,0.0004350316698210446
146170,0.0018277259555631623
146171,0.00020011458655287603
146172,0.07491144691541253
146173,0.0038269459509169424
146174,0.010655857432803761
146175,0.9916010181620557
146176,0.005911090705608764
146177,0.0004394935987887741
146178,0.010346800452040152
146179,0.0003547233743148716
146180,0.0003618668889219224
146181,0.990238886761965
146182,0.009233243888001667
146183,0.00034880308816329786
146184,0.0011045252468487351
146185,0.05423788323835524
146186,0.001655998023715496
146187,0.00026648879745021784
146188,0.0010433080596027708
146189,0.00033071896915521157
146190,0.0018756151609244846
146191,0.0015702250078672396
146192,0.00017194788223012658
146193,0.0005150839430336111
146194,0.0007991828519314444
146195,0.03498026584252379
146196,0.0007158384108262508
146197,0.00033522867840283616
146198,0.00031545453298120974
146199,0.004720305652298117
146200,0.0019221305154674864
146201,0.00027632173551946077
146202,0.0005737901940458726
146203,0.9586131542608858
146204,0.0028034219013087468
146205,0.011889068171104921
146206,0.9964855211457964
146207,0.00028427610192321284
146208,0.00047302911487690424
146209,0.00033111728065610135
146210,0.0003057103768526378
146211,0.0012243035750337588
146212,0.004171177635886111
146213,0.00019207469729445506
146214,0.028919451813010418
146215,0.000954122007911756
146216,0.9842477496621165
146217,0.0021859790131825894
146218,0.001435490272863037
146219,0.003732044370269737
146220,0.010973462594787852
146221,0.00022556116855760924
146222,0.0034660063544578513
146223,0.0012771070299735713
146224,0.08096019325311529
146225,0.00046827400284859714
146226,0.0007534095795778835
146227,0.000531438886858952
146228,0.9555285941865239
146229,0.002433233499255532
146230,0.1472299161656375
146231,0.005861524556467932
146232,0.9485482303037995
146233,0.00029166258742391494
146234,0.00024110518178745085
146235,0.0009600051238228745
146236,0.027648133708819748
146237,0.9896598783482641
146238,0.9198110719536666
146239,0.00048075213990301824
146240,0.00030923762237276776
146241,0.00411215701677306
146242,0.009074832207445887
146243,0.0018301194974592158
146244,0.0004710188599983796
146245,0.00047645390176995667
146246,0.0009121545794908587
146247,0.00034753008831551064
146248,0.00034894282548987734
146249,0.018034646758408407
146250,0.0011072828778074919
146251,0.001021519219889458
146252,0.000624830943608637
146253,0.8291897858314923
146254,0.0007136805645192607
146255,0.00034836859678854035
146256,0.0003261058234467106
146257,0.00017909821331836952
146258,0.00010901600763488766
146259,0.9967805636889876
146260,0.007003627793536379
146261,0.0006757107311295148
146262,0.00017126393008935813
146263,0.0005491259020924268
146264,0.0012811623880411359
146265,0.0016238270681001518
146266,0.0003106217874433057
146267,0.0004252851677596789
146268,0.00048299605309421817
146269,0.006887928402564702
146270,0.00028292383743067724
146271,0.0002983530513461219
146272,0.0007144450365134052
146273,0.978533793004187
146274,0.0002533089120573422
146275,0.00046249286692717035
146276,0.0003277971825235811
146277,0.0009333359931436677
146278,0.06887689848527503
146279,0.06265678234493399
146280,0.009765651429322508
146281,0.00035172573205251447
146282,0.000826234843130544
146283,0.00015383720133386973
146284,0.0009564238109882097
146285,0.0009956772038993966
146286,0.0002705965447695956
146287,0.0002371041761464131
146288,0.0009583934539444305
146289,0.03638677171604666
146290,0.0008887148236718762
146291,0.0006788850048856672
146292,0.0002398338965615989
146293,0.0013199299561087476
146294,0.0026258857581980747
146295,0.0005807296012835445
146296,0.0025617362241154027
146297,0.0063910227768536896
146298,0.0072204757320799085
146299,0.8326323347192087
146300,0.9888302712054495
146301,0.013908590083516973
146302,0.0018541106557283247
146303,0.0009122697811441416
146304,0.9975422275357875
146305,0.9842103869306428
146306,0.0013547147123368693
146307,0.0002961652667566657
146308,0.002563131975301619
146309,0.2735504172829762
146310,0.010278140245227059
146311,0.013806881294968588
146312,0.0032663247341667553
146313,0.0016772321491373816
146314,0.0003224963911438342
146315,0.00695819028017322
146316,0.0012860043064006133
146317,0.008954378561440211
146318,0.001002234785467438
146319,0.0017481807586564552
146320,0.0002811739046045476
146321,0.00015431745495935755
146322,0.0006589430624763006
146323,0.9810766176458333
146324,0.0005971037328874331
146325,0.0006827627575967228
146326,0.00028057793774036237
146327,0.000919579713836171
146328,0.0023897543220293394
146329,0.00022109787441033463
146330,0.0011630968460484116
146331,0.0003290372737845424
146332,0.0003595636756311946
146333,0.9944430513026968
146334,0.0007187888263532529
146335,0.026683635870797796
146336,0.009042970967426386
146337,0.0004886333550295818
146338,0.00036566300957386623
146339,0.0002632692511161314
146340,0.982741531877717
146341,0.9841916738988561
146342,0.010984162253678561
146343,0.00036138498683725717
146344,0.0008952002602719283
146345,0.054732767135761286
146346,0.022068749297927747
146347,0.004079872377580243
146348,0.9886031441115734
146349,0.0014749472908397263
146350,0.00015611713547311672
146351,0.0016828375588128267
146352,0.009442245880955963
146353,0.0012466299746014915
146354,0.4918595348484705
146355,0.00047740778379400307
146356,0.001408633152939547
146357,0.000232348704569589
146358,0.0005558524932879388
146359,0.00030157543214333815
146360,0.0009203123533408805
146361,0.0003916352088435046
146362,0.0006474359119003898
146363,0.0003282581847330342
146364,0.0001757903058753913
146365,0.00022812910828908862
146366,0.0010818307951949678
146367,0.00027006484252377046
146368,0.001116357177012236
146369,0.0015135962050193403
146370,0.014594881023803281
146371,0.0007626374559939026
146372,0.04080680972039087
146373,0.13397189930817693
146374,0.011240087932206008
146375,0.00030966640472326136
146376,0.011282090143640412
146377,0.00020610159139997192
146378,0.947070083201822
146379,0.0006778335879265877
146380,0.0001169194895559249
146381,0.004695234385142979
146382,0.0034380477855218408
146383,0.0010901788811017768
146384,0.0007759562764029032
146385,0.0013931800178074258
146386,0.003005397479312747
146387,0.00018445677186592079
146388,0.0003986960349881306
146389,0.001798025814631637
146390,0.015354723618629199
146391,0.0002506030981335189
146392,0.010663451647789098
146393,0.002608525928900454
146394,0.0008112719387500322
146395,0.001339566855718614
146396,0.07100603058787498
146397,0.012714330694313823
146398,0.0004676827116004718
146399,0.9858621292679127
146400,0.7876247301046309
146401,0.0007313414990059757
146402,0.9931672504209843
146403,0.0018145334106755263
146404,0.007589078272957986
146405,0.9832638971736481
146406,0.0006578670039109585
146407,0.0005624251204335751
146408,0.09701070351946114
146409,0.0005866313204611071
146410,0.3509498857412847
146411,0.0005980474895821348
146412,0.00030686748078235506
146413,0.0005593146907629833
146414,0.0018343510260093237
146415,0.0016380831745747145
146416,0.058320891654036845
146417,0.0007751523788251019
146418,0.055992452706679345
146419,0.00033525148950456005
146420,0.004560489352870284
146421,0.9836836453044292
146422,0.0004972090200546434
146423,0.000446026367574375
146424,0.004210088105416278
146425,0.0009393797837916641
146426,0.0012691472414426952
146427,0.0027806985065933734
146428,0.9838459343498517
146429,0.02746618624580515
146430,0.00025345133359240194
146431,0.0002487575588601042
146432,0.0001955347916145085
146433,0.0002700560352803596
146434,0.00046039665640234395
146435,0.02791232555865529
146436,0.0002548034608152132
146437,0.0006851674184970539
146438,0.0006943046132440603
146439,0.016069658122893928
146440,0.004550461785588037
146441,0.09549046429021077
146442,0.0002615855592712324
146443,0.0012113208828265802
146444,0.0005804002474376582
146445,0.0004178933727729479
146446,0.0009642248111297897
146447,0.009571803024796132
146448,0.01601990855866641
146449,0.0013565620700099299
146450,0.0022836148279307762
146451,0.00024178388066599618
146452,0.0035514688046463165
146453,0.011480763142244147
146454,0.00038707377328339103
146455,0.0003955706423567377
146456,0.0009308717957844847
146457,0.00043390023249071074
146458,0.0005289105226752526
146459,0.00039134125123865463
146460,0.0008202794050483614
146461,0.00036808736717847893
146462,0.0006425942546010783
146463,0.00025454626535300137
146464,0.0031416889261863127
146465,0.00033653096736132
146466,0.0015290929385875433
146467,0.00012888185530309643
146468,0.0003951813042177947
146469,0.0010215984848376083
146470,0.001663643016920292
146471,0.0007668137159910879
146472,0.0007047860367834311
146473,0.00022203497413329437
146474,0.02294736806977022
146475,0.0007357194720341149
146476,0.09389259205732933
146477,0.000286298349080967
146478,0.002797615351577058
146479,0.0003777014290833724
146480,0.001591507290070239
146481,0.0003039439819163205
146482,0.004585409122232441
146483,0.0006225420868600298
146484,0.001636514303322791
146485,0.0009160387000007136
146486,0.0002911394587129475
146487,0.007992728273562285
146488,0.001043104681336713
146489,0.0009093717097122515
146490,0.0011238651889294458
146491,0.0002516554794682063
146492,0.000876212632003613
146493,0.00037518572466290937
146494,0.001706126845507216
146495,0.0006802912000711521
146496,0.007903368569818495
146497,0.9814141508272316
146498,0.0032037718010647833
146499,0.00371111240152795
146500,0.0004263492221873974
146501,0.0002974537612702039
146502,0.01191873869427572
146503,0.00034541317860515273
146504,0.0002823460337258841
146505,0.0011289610230703468
146506,0.0003730942898185577
146507,0.0009637143778545186
146508,0.000848832111733619
146509,0.9825576158709152
146510,0.00030477344320453865
146511,0.000656106767873266
146512,0.0006456520291490847
146513,0.0017488435899726134
146514,0.00026927275506029595
146515,0.0014670401757674364
146516,0.00020545672343562027
146517,0.013084565996608868
146518,0.0002486734648954291
146519,0.00060820071102091
146520,0.005440752337523869
146521,0.0037280053930412037
146522,0.00029299899491742095
146523,0.9960119820694789
146524,0.00018798257091480174
146525,0.0005898726794148854
146526,0.04355365679867422
146527,0.0007282585994172565
146528,0.0008435606056592935
146529,0.0014816881631686582
146530,0.00031631181951393447
146531,0.9642356407797346
146532,0.9707483291754156
146533,0.0011643064891305123
146534,0.00045534911053154645
146535,0.9954921880904435
146536,0.00026045637179164066
146537,0.9903822868569601
146538,0.0006558767659162535
146539,0.010519341196311172
146540,0.00036290767624787187
146541,0.0008845813999850974
146542,0.8336966088689348
146543,0.004332862178959679
146544,0.0063991518680601555
146545,0.00018812720597841324
146546,0.0008061152034860079
146547,0.9898337101935799
146548,0.00018418061747936355
146549,0.0012521337356349827
146550,0.0028292217884397673
146551,0.0009742440540447234
146552,0.0030260197142420366
146553,0.06650508300820318
146554,0.9826257117490971
146555,0.01145963590425094
146556,0.09564086230897385
146557,0.0007762859483506843
146558,0.42609820454341574
146559,0.010877629816660008
146560,0.0009846831053024199
146561,0.00031428370893411427
146562,0.010932860323951361
146563,0.0001832971729957136
146564,0.0016438644695056183
146565,0.0004919416620543286
146566,0.0008292434346102614
146567,0.025339352551493766
146568,0.01433732795294676
146569,0.0006281857485438352
146570,0.932889308532864
146571,0.0017544085757075336
146572,0.04034806196377626
146573,0.008186501970971302
146574,0.0009417960455795885
146575,0.903189463634824
146576,0.007628908894503273
146577,0.00044656448446349465
146578,0.6041760231982334
146579,0.03785569136654995
146580,0.00044487865414316125
146581,0.0018432507859035738
146582,0.000675447982397605
146583,0.002524539885675729
146584,0.0003343632350937274
146585,0.0008859494940494808
146586,0.0003353317488195621
146587,0.003600161760751512
146588,0.010108706199725306
146589,0.0008083735957713418
146590,0.0009643959781928333
146591,0.0016394823893912621
146592,0.0003032918085799169
146593,0.0004299061463245919
146594,0.00046997444163340146
146595,0.0004388811504813071
146596,0.034344268552900285
146597,9.307697369567845e-05
146598,0.0008188938576334128
146599,0.004798059489207732
146600,0.001061338371405949
146601,0.002358031782305658
146602,0.0004618005619968731
146603,0.010034490383772887
146604,0.9938597712128854
146605,0.0018084844855406766
146606,0.0005142680056936261
146607,0.001278131438402627
146608,0.0002790933649397187
146609,0.9798126783000243
146610,0.00047122726689533033
146611,0.0003852584265420521
146612,0.0013404584542447149
146613,0.0006937483406164993
146614,0.00023919528365203246
146615,0.004669779347398235
146616,0.0005717562678176291
146617,0.9976205123707936
146618,0.0003933803118288948
146619,0.07796290545871891
146620,0.00035579850265197446
146621,0.0007330970566571083
146622,0.00236954779419128
146623,0.00038060444129211645
146624,0.0002894077121566478
146625,0.0012743558610330823
146626,0.000716059718577442
146627,0.0022701891303410233
146628,0.8651164209386247
146629,0.9894995967072706
146630,0.006292262888671491
146631,0.02762563538970233
146632,0.6685668313568371
146633,0.0002631468569417332
146634,0.043839192053587085
146635,0.00020760133483095522
146636,0.00076963911487706
146637,0.0040694388667585025
146638,0.0009764207130865378
146639,0.5477299655023771
146640,0.001380120337968033
146641,0.00204456119228873
146642,0.007402243063506029
146643,0.0002822042559749161
146644,0.9881589960933898
146645,0.0018184041462395567
146646,0.00029015679306948694
146647,0.001593264206090542
146648,0.0011754759593179923
146649,0.0008805533830897549
146650,0.00019395552865456259
146651,0.9249617290432266
146652,0.00019303110440475508
146653,0.12845046248662265
146654,0.0002552551804622317
146655,0.9126329916865371
146656,0.9879429980258935
146657,0.0002634300962429448
146658,0.0006836454420331747
146659,0.00019737853173178876
146660,0.0030886732345995933
146661,0.0005109055930289112
146662,0.00028724536503214616
146663,0.9951499097301945
146664,0.0036250257186520966
146665,0.00013872219794249614
146666,0.03563638664881714
146667,0.013938661355935503
146668,0.0005254435253373023
146669,0.993283932993428
146670,0.0030041700185888614
146671,0.027441603156285712
146672,0.014730014978085026
146673,0.0014258502052351934
146674,0.00020570023991372068
146675,0.0002639535916347327
146676,0.0004381016751537882
146677,0.9927313231760669
146678,0.0004913440178076083
146679,0.000630675403881462
146680,0.0010251331497598607
146681,0.0015337341089498623
146682,0.0007901399055360582
146683,0.0011438719272904255
146684,0.0004944382239832626
146685,0.5265728488509691
146686,0.025046376731354115
146687,0.0010256896759789317
146688,0.0004870801345630498
146689,0.0575420073006766
146690,0.007200862104957397
146691,0.0005024774340176125
146692,0.0006887768990303452
146693,0.0010945227843200305
146694,0.00024048266100289086
146695,0.0007707550483959229
146696,0.9858606437982611
146697,0.11572017935842056
146698,0.0005039255354190146
146699,0.008246185740733972
146700,0.00042181459646144773
146701,0.000736659502793176
146702,0.0016460794454636232
146703,0.0003137471302746312
146704,0.0005214849093761836
146705,0.0002523943587576678
146706,0.017386616670825316
146707,0.0015448552645788087
146708,0.00020462706721379223
146709,0.0008900512551503825
146710,0.0008222430150062804
146711,0.0007500674867273977
146712,0.00022777276014101396
146713,0.0005451076883157483
146714,0.00030986985456374556
146715,0.0035398604010362265
146716,0.005642507140193836
146717,0.0003235632574945094
146718,0.0006825970025884853
146719,0.5628686654093809
146720,0.07807941208184364
146721,0.0013307756911879974
146722,0.00017499949422551998
146723,0.009743324872588333
146724,0.00360515663319237
146725,0.0003414222776875181
146726,0.001056758888688932
146727,0.0003253201572580791
146728,0.009354191821657167
146729,0.00045628143464777296
146730,0.018857071813033827
146731,0.0003201890775451681
146732,0.00039209656145689035
146733,0.9859708002787146
146734,0.0002609533971291311
146735,0.007803575758614493
146736,0.0406868587757255
146737,0.0010190577431465452
146738,0.002111618284662498
146739,0.0010713176627596065
146740,0.007471791771875996
146741,0.002959390915522619
146742,0.0004148974952623807
146743,0.04592983417423461
146744,0.0008094822611205408
146745,0.0002283799414054662
146746,0.0031822608862517574
146747,0.0008009906401330607
146748,0.02370159865790616
146749,0.028302226310386598
146750,0.0009228491697985397
146751,0.003961658440042699
146752,0.0015588493762199885
146753,0.00019378337309450914
146754,0.0005323257794766819
146755,0.003936470221813762
146756,0.00045360242695115254
146757,0.9855834089067695
146758,0.0008616950605931172
146759,0.0005599691074266724
146760,0.0005737571832368401
146761,0.958756419874441
146762,0.9911311912324101
146763,0.005034519066914598
146764,0.00032306972043336807
146765,0.0018770973155048003
146766,0.0005103955068662713
146767,0.4879828613220922
146768,0.0018616825101790237
146769,0.0010782819684014122
146770,0.013692466980479674
146771,0.00040030409698366576
146772,0.007347521244873816
146773,0.020993964833805702
146774,0.0006949105667284107
146775,0.0007298896479376561
146776,0.0018204120454404567
146777,0.052048481046666414
146778,0.0007581565818448509
146779,0.01340080001239078
146780,0.004220605866396099
146781,0.00029082055292590993
146782,0.00023904426224221506
146783,0.0003302857754618708
146784,0.0005236660518269667
146785,0.00020638751490238718
146786,0.0007815948696926524
146787,0.0003750074286499215
146788,0.004088157569091087
146789,0.00020478070484232226
146790,0.015945676093875694
146791,0.007370351290445152
146792,0.0004350959528529306
146793,0.0003498317570898344
146794,0.004364842407603388
146795,0.003133580520461976
146796,0.2666651387229514
146797,0.0017289555126632165
146798,0.0003206433701717614
146799,0.0037613588526162517
146800,0.0002856132630472107
146801,0.00028980589807679313
146802,0.0009407167313259831
146803,0.008149337540342094
146804,0.9842417088133426
146805,0.0008800588883369953
146806,0.0015945290672536166
146807,0.0007920098925730247
146808,0.9920102887448402
146809,0.0904066594634263
146810,0.0006234992064439714
146811,0.9832402950706411
146812,0.007567520400721815
146813,0.015890492351407343
146814,0.043640665697450516
146815,0.9853869252071996
146816,0.0015845418793713768
146817,0.9887740687774949
146818,0.00014488439905293207
146819,0.0011917783132291643
146820,0.0006037835813180904
146821,0.005162374010698483
146822,0.0003675371726591643
146823,0.0040194889535957595
146824,0.0031210366291957994
146825,0.0010454106521702185
146826,0.0007435720193256872
146827,0.0007007956162491238
146828,0.012189097712906851
146829,0.000575112995274086
146830,0.000857066101556672
146831,0.001968757643467805
146832,0.0006188870217766099
146833,0.018579127892310303
146834,0.9925067180390859
146835,0.0014076701865417362
146836,0.001743150455004375
146837,0.009848973364874943
146838,0.0009860448728426737
146839,0.0031775361357171375
146840,0.0012382228784219688
146841,0.9059949700049884
146842,0.0073590784732245375
146843,0.0003046895869859751
146844,0.0005828811980864238
146845,0.00032776167235708286
146846,0.0014350107857738225
146847,0.0017761412452544157
146848,0.00043494465460658057
146849,0.9895894219897851
146850,0.00033139782860582164
146851,0.0001516202413517019
146852,0.0016155238152549974
146853,0.00010856161974935278
146854,0.0022984885529394286
146855,0.00023904377068753707
146856,0.00032892158275481687
146857,0.0014628198422982639
146858,0.004968956327679847
146859,0.00018585313361363847
146860,0.0026444546003765684
146861,0.000835236050969217
146862,0.0001439751875672293
146863,0.00033381678202548996
146864,0.006481291567798014
146865,0.00020616778148179293
146866,0.002786202324239833
146867,0.007123071820781842
146868,0.000880464449041249
146869,0.9880815601783374
146870,0.0005489516932003
146871,0.013264219407336202
146872,0.00160716421470077
146873,0.001496864259706521
146874,0.0028667862868437207
146875,0.0010109559818416518
146876,0.03177413232146063
146877,0.0007987109204774815
146878,0.0019052498260658847
146879,0.981284683625187
146880,0.0005411478075015263
146881,0.7641888438315795
146882,0.0009399480636643355
146883,0.006643832731707028
146884,0.0008876134705895783
146885,0.010720717228414394
146886,0.0006976581527881147
146887,0.0007921007156374283
146888,0.0003866337959669597
146889,0.0005105903465921983
146890,0.0002778027693936731
146891,0.005702967465443338
146892,0.9417640588580618
146893,0.0004536861935697311
146894,0.0009600942296792575
146895,0.00020638405451604253
146896,0.0011156322542214625
146897,0.0008320235909453504
146898,0.0011658802417321738
146899,0.008179666486445709
146900,0.0005540868256040727
146901,0.0004638128145718211
146902,0.00027406369610810666
146903,0.008182761341351263
146904,0.00040460802610265095
146905,0.9976528441103428
146906,0.005376289119070651
146907,0.0017192953038959343
146908,0.011941350226915769
146909,0.00031546192297348796
146910,0.0011332403390023206
146911,0.012270227392423238
146912,0.05228166840208106
146913,0.07266025408263797
146914,0.000791553541394648
146915,0.9908531554037076
146916,0.003390500722317571
146917,0.001069123896093031
146918,0.0005932282436694751
146919,0.0002890881636742786
146920,0.008171679487937596
146921,0.00052760302536477
146922,0.0002932356290454154
146923,0.01896658707725014
146924,0.00033826667685767694
146925,0.028432388908117657
146926,0.00958003393183178
146927,0.00011250112005052123
146928,0.001463051544479291
146929,0.0006644763263288812
146930,0.00012000519142047882
146931,0.0004017374050967087
146932,0.015565838444220966
146933,0.0073404463370658314
146934,0.0039702965302034175
146935,0.0005959915580570606
146936,0.9877932415648807
146937,0.0038255748210486874
146938,0.0007910895979068808
146939,0.0005346088816377315
146940,0.0012670390289074196
146941,0.0030621950002230826
146942,0.000743632569155205
146943,0.0020432242647061677
146944,0.0006164577614490556
146945,0.0014664762358115708
146946,0.010831410419054367
146947,0.006104818836299006
146948,0.8943858253318937
146949,0.002201346251180666
146950,0.002278799274196452
146951,0.0005641644443456146
146952,0.9813962120615084
146953,0.00020634866673414266
146954,0.000851073089821225
146955,0.003437746588022106
146956,0.0005184632063631214
146957,0.005317184320965907
146958,0.0012525978881586623
146959,0.0005026620382618239
146960,0.0014052716010978707
146961,0.9901556201111869
146962,0.0012320137272489498
146963,0.00022801837351072715
146964,0.0006742136868999619
146965,0.002831212694078495
146966,0.000800072133709535
146967,0.0005747053881248758
146968,0.004237090124696718
146969,0.008889718857059248
146970,0.014473570539599691
146971,0.1376469676572882
146972,0.00033412489458083117
146973,0.0016480968750492643
146974,0.0004440962062678386
146975,0.005721791540814847
146976,0.0015135627052460998
146977,0.0004470409696138781
146978,0.0017230738074036254
146979,0.0006595766129665304
146980,0.004994626132199113
146981,0.0003823807815106096
146982,0.0004919903096081974
146983,0.0006474168421169818
146984,0.001061365763777668
146985,0.000304218083980487
146986,0.10311177556268515
146987,0.0020928070298072794
146988,0.02542805541742207
146989,0.00019011412800655012
146990,0.00036993828995503784
146991,0.00013568822220067804
146992,0.013314526885715891
146993,0.03902881779185007
146994,0.8623271217221566
146995,0.03670343772676014
146996,0.003018646036111211
146997,0.0015599446394820484
146998,0.0018596878313649782
146999,0.14254505346467305
147000,0.0032244463232780378
147001,0.9913550761817953
147002,0.00012121215690168546
147003,0.001094545876655652
147004,0.0005819529386795226
147005,0.00030624346698048384
147006,0.9824692440287737
147007,0.0005245274294254307
147008,0.0004767537642764561
147009,0.9908107400699375
147010,0.0006346881136130891
147011,0.9879305106795162
147012,0.0002866369703612992
147013,0.03486779824182125
147014,0.00047856738860590576
147015,0.019840206596058254
147016,0.9948665342003125
147017,0.0003926457731845188
147018,0.011741188128165672
147019,0.0019533570774063766
147020,0.00015341701464293442
147021,0.006362541210601991
147022,0.001619831710724352
147023,0.002213809440977528
147024,0.0007129334759858187
147025,0.0001825559510123838
147026,0.01604634486915963
147027,0.00033909163874622006
147028,0.0025108889977076493
147029,0.005653116307146921
147030,0.00027995268908707324
147031,0.00030990345796205054
147032,0.0002941791385536477
147033,0.0025253820644537983
147034,0.0005297392512801934
147035,0.0002803678076572795
147036,0.028969485927758363
147037,0.0005821943743973367
147038,0.00039964266347949185
147039,0.9510507253646192
147040,0.2525594773943581
147041,0.0005401865995075423
147042,0.0002600027188958408
147043,0.2134966375351523
147044,0.00017944520269293118
147045,0.00031575545572246647
147046,0.0004288873343872208
147047,0.0009479194617101781
147048,0.000911046664766644
147049,0.012193951650347097
147050,0.008190276472884554
147051,0.004274365713201782
147052,0.008002368670382688
147053,0.0013057653893945715
147054,0.0002895334874438371
147055,0.00019360557450906897
147056,0.0032053618317053507
147057,0.00025777751366146037
147058,0.0012720288031017588
147059,0.9264132897941415
147060,0.00019013434551058453
147061,0.0006013342048267034
147062,0.000919007954314058
147063,0.004718121792099478
147064,0.9046851665374239
147065,0.0005885875308834243
147066,0.000693880287963665
147067,0.019877395925993257
147068,0.0001512748195141463
147069,0.04496094941922623
147070,0.00030845802472301347
147071,0.0017849309938774895
147072,0.0011788582115155224
147073,0.00014608424228106882
147074,0.0034715352264762713
147075,0.004024736177323446
147076,0.0003834716917331381
147077,0.0005983343209219374
147078,0.006669718424594453
147079,0.0007011448660511429
147080,0.008903483470904808
147081,0.01276899650056542
147082,0.0007133139031934976
147083,0.00017092695859027032
147084,0.00035334060376126456
147085,0.00021125528961517116
147086,0.00048104300559970035
147087,0.8895511296430695
147088,0.0004261402095258761
147089,0.05496392226442676
147090,0.0003204322955472113
147091,0.0010069891363303318
147092,0.0003120573040560651
147093,0.005264988349721705
147094,0.001392749339426674
147095,0.017552259476144725
147096,0.0029470410431230083
147097,0.0005324899996360753
147098,0.039433936959513964
147099,0.0010671604259118305
147100,0.0003268908532667716
147101,0.0007351824589223001
147102,0.00024984647731234093
147103,0.987757025479583
147104,0.00024056057384690203
147105,0.9741139189832312
147106,0.10749229588172755
147107,0.0008722666628302433
147108,0.002919574086318153
147109,0.0005499776919984998
147110,0.001964002042668368
147111,0.0018442356936210064
147112,0.001945421159710499
147113,0.0005485974250362563
147114,0.1719495082094353
147115,0.001397235129144554
147116,0.0001326982320018249
147117,0.00018690659873989542
147118,0.0005135691247052978
147119,0.001282823486377863
147120,0.008880452704993437
147121,0.0020381440397909496
147122,0.05329660076451852
147123,0.0002783275259564789
147124,0.992996471820004
147125,0.01919975759266612
147126,0.00025059516251934823
147127,0.00033966437506231106
147128,0.9855562147241304
147129,0.007039236132148994
147130,0.0008437645023424896
147131,0.002248114386885893
147132,0.0006445037712871351
147133,0.9763292837909633
147134,0.001758440275461722
147135,0.0006972302006960988
147136,0.9798403790107595
147137,0.003842204848210597
147138,0.0004214103952131056
147139,0.023780876872740768
147140,0.003318404444221439
147141,0.0028666608137079192
147142,0.9892523291040626
147143,0.9860325656161009
147144,0.0004554628573965412
147145,0.9959422423114875
147146,0.00013564600913419273
147147,0.00036390272176737204
147148,0.0005835857130197531
147149,0.0003045831528189081
147150,0.0005253594192593871
147151,0.0013669699724388098
147152,0.0006540826663375657
147153,0.007069978419303569
147154,0.0006205349038171701
147155,0.002294155957843435
147156,0.0004461424476606017
147157,0.00021318632918762215
147158,0.0003468240473218218
147159,0.0004582417237636639
147160,0.10257323309023894
147161,0.012625807974990431
147162,0.021594955417540255
147163,0.000771039804840565
147164,0.009389359816375268
147165,0.0006472528135405367
147166,0.001433911640301879
147167,0.00036633577068814424
147168,0.0002878763503252651
147169,0.0005457640353079105
147170,0.9921775561503927
147171,0.9898236382828484
147172,0.0009579126187829585
147173,0.0005164293810502971
147174,0.0007415282909612396
147175,0.9175444033805101
147176,0.0019100252406972478
147177,0.006381640088353119
147178,0.005612373601688437
147179,0.0005270073703246218
147180,0.0004516504915261992
147181,0.005215503566113658
147182,0.00030001346613909864
147183,0.00012413277373765074
147184,0.00033094037019551086
147185,0.008297978447186046
147186,0.0018352710799695393
147187,0.0011215633272213933
147188,0.008712305765115901
147189,0.00024897885669677733
147190,0.00018263587684284058
147191,0.9954796716826363
147192,0.0002550138141946386
147193,0.11526092345403736
147194,0.02987819792983672
147195,0.007646598597143998
147196,0.0005192880725826946
147197,0.0001569857505761906
147198,0.001273084278724548
147199,0.0021415943677276727
147200,0.0003129166957488044
147201,0.9918330566430439
147202,0.0009797527753998775
147203,0.00030132948770134337
147204,0.936842608313621
147205,0.0878840985970622
147206,0.0007118004322430655
147207,0.0007162582910871105
147208,0.001791366671626302
147209,0.0004893438725416131
147210,0.009706546683479686
147211,0.0012058808710596579
147212,0.002836066854075285
147213,0.0004991690922251451
147214,0.00036887150102481295
147215,0.005828497285436391
147216,0.00013747245616661606
147217,0.0002026281579470357
147218,0.9517781965971375
147219,0.0005114574116492163
147220,0.00469208375285342
147221,0.00022538258429582607
147222,0.022877406575121325
147223,0.8500537846483552
147224,0.0006186691099463231
147225,0.021017682583446242
147226,0.967588180808555
147227,0.005318880627145067
147228,0.0005586131808554334
147229,0.0003034443766617613
147230,0.01236742446485783
147231,0.0024884779030515613
147232,0.021039515226816602
147233,0.0005966228190345719
147234,0.00031207493446076416
147235,0.994270777431619
147236,0.0109835112152047
147237,0.0003638951049657294
147238,0.0008169049391881797
147239,0.00028422932054868985
147240,0.0019399631075984075
147241,0.004683254717734412
147242,0.006162740165061715
147243,0.0002357891919297175
147244,0.005254478988789718
147245,0.004967890444980899
147246,0.008738496387014356
147247,0.004570792457750237
147248,0.0026100393871147597
147249,0.0008951760847640585
147250,0.0337089684794838
147251,0.000685359195860053
147252,0.0005491674064137227
147253,0.013380818188521196
147254,0.0006293962458500729
147255,0.0029128644177635866
147256,0.00011692961137224877
147257,0.0003901167251370161
147258,0.0011969060869472705
147259,0.014751061538354683
147260,0.001597070925257306
147261,0.00196692505315135
147262,0.0013651319393468543
147263,0.010322994437133387
147264,0.00017680819153233427
147265,0.010706832508483493
147266,0.000338080378717766
147267,0.03383312485298978
147268,0.0011740515389951501
147269,0.00616106655795234
147270,0.9840439670451532
147271,0.0004879598558210239
147272,0.0013716158251076082
147273,0.0031675193694048268
147274,0.004136725129940529
147275,0.9873213669050235
147276,0.0002920854110783449
147277,0.0005756269580363289
147278,0.0014597551945815333
147279,0.000647695390696923
147280,0.00023854209975131185
147281,0.015456631857473924
147282,0.0005076101081387191
147283,0.0014139109427114994
147284,0.0005979217093307934
147285,0.0008063041127260645
147286,0.022458545914523176
147287,0.9753425811812456
147288,0.9902339683810072
147289,0.0030515986122071725
147290,0.0032122350896608694
147291,0.0012109566199670573
147292,0.0006644811780052329
147293,0.009747483832489882
147294,0.9942895851911909
147295,0.01069441508590929
147296,0.0005113935679780476
147297,0.0011687333761453555
147298,0.00022424692147477376
147299,0.0002964981406331794
147300,0.0001665105142161814
147301,0.0028884780661983154
147302,0.00017864237529139953
147303,0.0008048609719614599
147304,0.003645884579778103
147305,0.0063471143417170315
147306,0.0007761468601164269
147307,0.05490517376360964
147308,0.00017857253883636246
147309,0.0002305343499526325
147310,0.0032220561927278012
147311,0.013087418218171144
147312,0.00039922487180018846
147313,0.0003462955855607154
147314,0.0024650800209549445
147315,0.00036684413782936106
147316,0.0006465030846492347
147317,0.0005422696144056783
147318,0.9851425396110295
147319,0.0004006742594509747
147320,0.0007008196941654428
147321,0.00013439497875717318
147322,0.003545846865838728
147323,0.003394014374431813
147324,0.25208889094135384
147325,0.002663748851984458
147326,0.0006161667913173719
147327,0.9828262406276521
147328,0.00018860011842718346
147329,0.7808172424275283
147330,0.0055397635188607535
147331,0.0005851644462260646
147332,0.000743810890662855
147333,0.00023458405361569292
147334,0.000893023352019603
147335,0.0001462798657097406
147336,0.9848436093682272
147337,0.0014975625436678343
147338,0.00034014728847430353
147339,0.00018486509636646883
147340,0.0008384800033334594
147341,0.0013769423817731987
147342,0.03325878653324172
147343,0.0002943711363461254
147344,0.0004242850953412057
147345,0.000825838433403382
147346,0.12137003015511688
147347,0.00028172808892652914
147348,0.0005458447549810853
147349,0.004043489883716106
147350,0.0006429788740272099
147351,0.00032889972082301083
147352,0.000285578872475042
147353,0.0017555629363388188
147354,0.0006450790617563881
147355,0.0004872324717794791
147356,0.00028560751034365195
147357,0.9919491732891503
147358,0.0016838398108998487
147359,0.00368775745174412
147360,0.00013524179985203815
147361,0.000409426782498613
147362,0.00021909470905634543
147363,0.006182937119223791
147364,0.9976567703638088
147365,0.0003712778559880021
147366,0.8561811033434967
147367,0.2514478541396836
147368,0.0007669631576453672
147369,0.000230963608276843
147370,0.005138350738322235
147371,0.00031846298871672876
147372,0.003471334945772489
147373,0.0008122987521682585
147374,0.00013948799535929543
147375,0.0007778766936030134
147376,0.00033262417255826326
147377,0.00023674711061437312
147378,0.0009270422521203372
147379,0.00047471134299495996
147380,0.00012815585375217887
147381,0.0009165426091114885
147382,0.00042170571691729634
147383,0.0004906538616523975
147384,0.1374073878544948
147385,0.00031433396277445616
147386,0.0018262934777447085
147387,0.9665299513935828
147388,0.0009652582647931552
147389,0.0005613776514422133
147390,0.0006028386897396787
147391,0.014452742983846656
147392,0.0007612576894840794
147393,0.013108018875669963
147394,0.00039383714818823617
147395,0.00021205592637506013
147396,0.0007133503540359911
147397,0.00559869531499799
147398,0.00042318217355325226
147399,0.006772728432923216
147400,0.0003061519764681189
147401,0.0014560547297891634
147402,0.0014419693919215703
147403,0.0010525988559816517
147404,0.0035010519237304214
147405,0.0003387482516129502
147406,0.01803526959425872
147407,0.1736394293579049
147408,0.23601403983421973
147409,0.0002316513293361885
147410,0.0005855323294852933
147411,0.00778824418700537
147412,0.0005384980899403787
147413,0.00025521213802170154
147414,0.00018945179958862758
147415,0.9814935376863458
147416,0.00045306598181527546
147417,0.00020048977769062428
147418,0.004252405791158466
147419,0.008966870576979096
147420,0.054953094037205726
147421,0.0011700327616390458
147422,0.0024235380362743718
147423,0.001651737070775315
147424,0.0010498107730789294
147425,0.0012395970168171053
147426,0.001552399187455486
147427,0.005314365062652688
147428,0.14299520981349653
147429,0.0005809267071325739
147430,0.007760803638748416
147431,0.0003896608126750882
147432,0.033085926897919976
147433,0.8324467079127549
147434,0.0003915052097311201
147435,0.0001736363658879841
147436,0.0007294287253342093
147437,0.001671963424488533
147438,0.011497695663457314
147439,0.0004152430196288195
147440,0.0005296944701648605
147441,0.0003115372882292787
147442,0.002703349989233111
147443,0.00022148908704869294
147444,0.001755977441488067
147445,0.0008338475164410836
147446,0.013268489877437804
147447,0.00028726477381870526
147448,0.00029098497157427887
147449,0.00018248945603245844
147450,0.0006903462511615222
147451,0.0076335638238204375
147452,0.02836680331608374
147453,0.0018687467890379354
147454,0.0005272360907121271
147455,0.00040605469305955656
147456,0.007649931682278292
147457,0.01441387175249026
147458,0.00027238483232056563
147459,0.0023328130933260886
147460,0.001351669482744393
147461,0.01505750543417857
147462,0.0025287935840026246
147463,0.0003689125040671609
147464,0.0007772786009658687
147465,0.00576609724668523
147466,0.255341431033211
147467,0.009511854039930722
147468,0.00039730933563728293
147469,0.10510195360496744
147470,0.04693573527737895
147471,0.0003052420110019604
147472,0.48269739515083715
147473,0.00023205053736528305
147474,0.00022214383106779637
147475,0.0002200919632614408
147476,0.9865640999979635
147477,0.019147693688056276
147478,0.004512160668034804
147479,0.00019899646956321977
147480,0.0001675988256504343
147481,0.00031734850021361056
147482,0.0060142796137157666
147483,0.0008171340577285574
147484,0.00011220741289816873
147485,0.00026105341379949426
147486,0.00018963087606819147
147487,0.009416893198585392
147488,0.02390670427811529
147489,0.00022714919415289854
147490,0.0002849424313749513
147491,0.0004860963869824589
147492,0.0002249470899474335
147493,0.0007958726346938426
147494,0.016579447268804986
147495,0.9927280593698304
147496,0.0003069441478014971
147497,0.9828809951727346
147498,0.0004420627433592153
147499,0.8813226656350968
147500,0.00043898218445712566
147501,0.049157781516963095
147502,0.00012983771294051535
147503,0.03011760360129638
147504,0.0005453362133342871
147505,0.001007798392935499
147506,0.00036385344746140005
147507,0.0021005578091141896
147508,0.000596610599284996
147509,0.000198787174145608
147510,0.9837129183922538
147511,0.9279475573693751
147512,0.0012013592958132074
147513,0.0008283237597359634
147514,0.9914004943874146
147515,0.000689752758608025
147516,0.0006034446221858524
147517,0.000804319171558421
147518,0.0023864406089047796
147519,0.013321537444595797
147520,0.003003987580354833
147521,0.03278678506978594
147522,0.0007798506245541731
147523,0.0016995339326867065
147524,0.06281273721893263
147525,0.000755410006791035
147526,0.9835051326375908
147527,0.006816959186130989
147528,0.0014234329962963745
147529,0.0001464645282775499
147530,0.035352319287551295
147531,0.002760995215780863
147532,0.0002778818140161269
147533,0.14300203111439336
147534,0.00037805136667716586
147535,0.00028674546988977144
147536,0.00022361271142704432
147537,0.0005580350122148637
147538,0.0011447786826257976
147539,0.00680321204739863
147540,0.00017917540346068032
147541,0.9292436715347593
147542,0.0010332906289769286
147543,0.0006907555283922327
147544,0.0006685631746887807
147545,0.0010225265053685634
147546,0.00047752481999024617
147547,0.000246001295585327
147548,0.002871267415828085
147549,0.09173605598987622
147550,0.005912805366266722
147551,0.001173547634426375
147552,0.9885791295861828
147553,0.017634759050069292
147554,0.008124887814473644
147555,0.08170191762546401
147556,0.992949227003591
147557,0.004400268127564596
147558,0.00042122549342295517
147559,0.9168624273388033
147560,0.00022717578099637484
147561,0.0033576887969193683
147562,0.0006656111448758187
147563,0.00043511597471955596
147564,0.0003338229887771226
147565,0.00027498354016658184
147566,0.0001412959466842586
147567,0.0034119063038376015
147568,0.00031986672522194573
147569,0.000793275342214649
147570,0.9909384781292486
147571,0.274355491622556
147572,0.0003174174677250733
147573,0.7850034736355345
147574,0.006849831203308572
147575,0.0008128942324112379
147576,0.0002433594907522102
147577,0.00020927963738568176
147578,0.0005111068893912441
147579,0.0003240802876521425
147580,0.00046627600000391197
147581,0.00027693988657525177
147582,0.0010733190968148074
147583,0.011804431275066547
147584,0.0012538429684478272
147585,0.0002632988540751347
147586,0.5322758016163343
147587,0.007509469387503555
147588,0.009566448113514316
147589,0.00022269228645057366
147590,0.00033133685970002677
147591,0.0015853682516188425
147592,0.020981865954544477
147593,0.00038529676471511445
147594,0.002100219436799477
147595,0.0192135750960271
147596,0.015372822918970151
147597,0.00509083370250779
147598,0.0029091800988801475
147599,0.00018887701525563362
147600,0.0009352218767653526
147601,0.001903090630965084
147602,0.004403369987086336
147603,0.0004962320136841427
147604,0.009609556133198175
147605,0.005518883088350396
147606,0.0006970891037599506
147607,0.003393301651511485
147608,0.0005338291677119027
147609,0.0013108899037035271
147610,0.00047465850329219674
147611,0.9045234573110003
147612,0.0007621874309139329
147613,0.0002431745226965613
147614,0.00016497718028557698
147615,0.9492161330106003
147616,0.0003809156338813341
147617,0.0005055032820458329
147618,0.0012372856752716857
147619,0.0025457456035306502
147620,0.00031492623716294384
147621,0.0003883133538358172
147622,0.0012000669719607385
147623,0.0006930207768325576
147624,0.000295563118883757
147625,0.06310864004967023
147626,0.0005873658643805974
147627,0.0002225994625676699
147628,0.009080839008969872
147629,0.0020491769495201598
147630,0.0003703603384944433
147631,0.0007465711246467374
147632,0.01615143300425878
147633,0.002100228070750651
147634,0.00021807606474146137
147635,0.0009697894841126448
147636,0.0022585446604810456
147637,0.00017299459281352444
147638,0.00024980939071214393
147639,0.0011579087534488446
147640,0.0010970763055150067
147641,0.0009731889546200369
147642,0.025242577423455266
147643,0.04404594320456991
147644,0.897604777034
147645,0.004244461724488439
147646,0.0014329217718465131
147647,0.00037481780872241716
147648,0.0003679235866461568
147649,0.0039626705929136025
147650,0.00036894350501944813
147651,0.00034097758000735883
147652,0.0002717659011036542
147653,0.0002798425624651093
147654,0.0017160371790052923
147655,0.005530090008469806
147656,0.9945614872265635
147657,0.9851045491484843
147658,0.00035252885810415176
147659,0.002866339337493646
147660,0.0006407999512930757
147661,0.003904335719175133
147662,0.0002951594998292093
147663,0.01114627176251063
147664,0.00025678542125667086
147665,0.0014513244663731887
147666,0.0058470349311345315
147667,0.0050995071542165515
147668,0.017212999634805545
147669,0.00028786230462429633
147670,0.0006656203219467783
147671,0.002703165785794398
147672,0.0006778134866971276
147673,0.0009249623438805671
147674,0.0004710124739940317
147675,0.0015824410649108679
147676,0.002304527704038005
147677,0.003494472938514312
147678,0.008000953225313983
147679,0.0002912273538995654
147680,0.007230756188800185
147681,0.00271191706031673
147682,0.00034332062104425187
147683,0.0038919205320667766
147684,0.0009575501030239464
147685,0.05367303821313123
147686,0.0007575318363170502
147687,0.001190094205330027
147688,0.004091425249826161
147689,0.0007931685763224883
147690,0.0035043149669771686
147691,0.00024333281089251255
147692,0.021799924318808287
147693,0.0008716851315521366
147694,0.22074429901547277
147695,0.0021492345886872212
147696,0.00013795588656871736
147697,0.0002852010293006243
147698,0.005569690412390217
147699,0.00029422922982238564
147700,0.00024882249724230446
147701,0.008141678383850529
147702,0.02753655277770745
147703,0.00037346401085221285
147704,0.9960224575610581
147705,0.0031574594843121443
147706,0.00021417534131258745
147707,0.010166414906637661
147708,0.027895123697986426
147709,0.016688251154795407
147710,0.0011664070168717802
147711,0.0007363658642635919
147712,0.0014360600718277923
147713,0.000805210830261684
147714,0.01998289278064681
147715,0.9916522761624738
147716,0.009472070095612791
147717,0.0014315557850215447
147718,0.9942826119756732
147719,0.0002718678780157928
147720,0.002459813843608135
147721,0.0018219737819904346
147722,0.0005650134605029217
147723,0.0003813678093359858
147724,0.00868740205088316
147725,0.001399213909649147
147726,0.0007457425329599218
147727,0.0004103773382008148
147728,0.0002430182372482307
147729,0.9912397950991355
147730,0.000566761873042969
147731,0.0010532618383633382
147732,0.07387811568628133
147733,0.0022491788112979577
147734,0.0005989513281609717
147735,0.00038475794286517824
147736,0.004081426133573713
147737,0.0010049042374274653
147738,0.00031743989978049624
147739,0.0025136311293121774
147740,0.0004243279588745478
147741,0.0003212426483011133
147742,0.0003547784246396139
147743,0.00600781941416662
147744,0.0004012860364797479
147745,0.037652273180710856
147746,0.029103061909189553
147747,0.0010652219994562334
147748,0.00538732822349346
147749,0.09502201597800444
147750,0.0007450175654971801
147751,0.9932922808335064
147752,0.0017686808868459926
147753,0.031748573948788425
147754,0.05457619289523776
147755,0.0005510652575159848
147756,0.018538894542539174
147757,0.9866119696403846
147758,0.0028512031469079533
147759,0.006162499489251754
147760,0.0014254847910447096
147761,0.023514132853530236
147762,0.0005032837240743625
147763,0.0006257222701364615
147764,0.001016873961166355
147765,0.0012224195431773195
147766,0.006414396788423408
147767,0.00020893999285506075
147768,0.017605562352809866
147769,0.0001652242872752346
147770,0.0002014214578693602
147771,0.0029324664592499817
147772,0.0009588671217115677
147773,0.0009493976969025443
147774,0.00016318412355097365
147775,0.0006083947017535836
147776,0.0012649392887500253
147777,0.002073341965209564
147778,0.00046335346463237197
147779,0.0007166436328677276
147780,0.0005044926356044944
147781,0.019123782665447297
147782,0.00018458041121523629
147783,0.0020414358443491282
147784,0.869544318814005
147785,0.0005682100484244893
147786,0.0003161119032742748
147787,0.0004141103203930001
147788,0.0006782986777432726
147789,0.002549085896382627
147790,0.00022935917928088218
147791,0.0029852401017671343
147792,0.0005254362453043426
147793,0.0005692576212233657
147794,0.0008605835827422701
147795,0.0004930018289900478
147796,0.007426923219018184
147797,0.0006568875813637121
147798,0.005306092874870906
147799,0.0011123152838063866
147800,0.00993428382621966
147801,0.00044211079672454187
147802,0.0003263801823145236
147803,0.011409413536934893
147804,0.0005059289148804473
147805,0.0007523145630085426
147806,0.022819547693096878
147807,0.00031852122638925304
147808,0.0002806588238812926
147809,0.00060369900334698
147810,0.04721855715744375
147811,0.0007018606105852689
147812,0.0055589970347241025
147813,0.00023662060481601134
147814,0.9782461579033116
147815,0.00042627236306717913
147816,0.004267714161814172
147817,0.0018062360702963448
147818,0.00034884886330480554
147819,0.33940079423168723
147820,0.0005351812599079687
147821,0.0005478067397156847
147822,0.00019574523319822634
147823,0.004718704199664141
147824,0.003242380561126439
147825,0.0004349331265068371
147826,0.10288963647158673
147827,0.003898328829850448
147828,0.006301768279839496
147829,0.004717248677756173
147830,0.007540580002971773
147831,0.000341412740324096
147832,0.001157871926896423
147833,0.0032300726569417324
147834,0.02386613105613967
147835,0.0008101446497796862
147836,0.0001966763922103912
147837,0.00027401492460331177
147838,0.0019953183801624174
147839,0.00026950362857166394
147840,0.005259109742705922
147841,0.0004097771511653802
147842,0.5231731945615498
147843,0.0006184209393711448
147844,0.9717868781326512
147845,0.0007848890901317785
147846,0.006046599657422194
147847,0.00025496412700343375
147848,0.00022931098100085107
147849,0.0006293056420524387
147850,0.00047334606595746077
147851,0.5554396204323339
147852,0.07601528909496037
147853,0.0003611999613766165
147854,0.0002958646079047582
147855,0.00041698619290903043
147856,0.003632349884510386
147857,0.00033010259948621716
147858,0.00965168747795841
147859,0.00026998004949295397
147860,0.00019883122368393136
147861,0.005157436909089492
147862,0.00199496361409199
147863,0.002524101759774712
147864,0.006047397085503028
147865,0.0028442512217060336
147866,0.0005778835748435915
147867,0.0001238743618857301
147868,0.002074048698617431
147869,0.9695830633679055
147870,0.9872464316896522
147871,0.0012709686279409173
147872,0.0024696277488199195
147873,0.0001973276983027583
147874,0.002017154905592006
147875,0.025978257912590497
147876,0.5029943093063849
147877,0.0002663224948644523
147878,0.0003553974073102242
147879,0.00039376397845629666
147880,0.005644107827816712
147881,0.0002280352532646295
147882,0.0009532976015105192
147883,0.0016181746855907357
147884,0.000255510215073053
147885,0.0009036827773163452
147886,0.0002363999807736713
147887,0.9919905512373505
147888,0.0009938134272521686
147889,0.0013871306293937685
147890,0.0002530685074524962
147891,0.01282481573038042
147892,0.002307532550191599
147893,0.0018963327347969537
147894,0.0013247759688079772
147895,0.00048443411302411964
147896,0.2957074707533121
147897,0.002096143433621195
147898,0.006079568084512293
147899,0.9928437738972947
147900,0.001953879561864578
147901,0.0006427422769489792
147902,0.8409367771952255
147903,0.97825434466768
147904,0.0009602234643569079
147905,0.0002948830097980958
147906,0.0025065276893535856
147907,0.0020113643310803787
147908,0.03507457210538221
147909,0.00039922960279664015
147910,0.0006185082737402716
147911,0.005967222472023674
147912,0.024730099368147615
147913,0.0013145655719081384
147914,0.0016940294508714239
147915,0.00023365482821735114
147916,0.00167639743507324
147917,0.0006573200874810058
147918,0.0005176388182062167
147919,0.006491983349286474
147920,0.00013324769270332964
147921,0.9369764885687298
147922,0.0004110868315386514
147923,0.03259276210899135
147924,0.0008894079705394783
147925,0.00020535263301629656
147926,0.038278814737838285
147927,0.0003378648853205273
147928,0.0015970961449025686
147929,0.0003438628217818948
147930,0.0002690054300359001
147931,0.0002740778940401987
147932,0.0034619399280746035
147933,0.0013860167532412186
147934,0.0001830452843319898
147935,0.010254428093232374
147936,0.0012299216188957193
147937,0.0002910752103959657
147938,0.0004783545406087591
147939,0.0009153165238910577
147940,0.0044769680141750305
147941,0.9807277965311407
147942,0.008643776387744561
147943,0.00041862404631444705
147944,0.002069590212872806
147945,0.0003408768036753554
147946,0.9649231207473574
147947,0.04091956458401981
147948,0.0007013769854460916
147949,0.7607957545996679
147950,0.0012466740618852668
147951,0.00015937199658097457
147952,0.000398375905297977
147953,0.0007473874106751624
147954,0.0020337294391971988
147955,0.0032035476244344197
147956,0.06015762301824068
147957,0.00042843382220304093
147958,0.0003134742680104752
147959,0.0065832590674114845
147960,0.9880651692915073
147961,0.0006396320301261395
147962,0.0067551526749505325
147963,0.006752872659944866
147964,0.9911643910787009
147965,0.0003554867779316939
147966,0.0033327612594315024
147967,0.00034835865021827327
147968,0.005501522931302885
147969,0.00047699228613922937
147970,0.0009215611413256543
147971,0.993049121558918
147972,0.004797173485944143
147973,0.002216456494616311
147974,0.49897100450064236
147975,0.00015812792569701423
147976,0.0016221157727088597
147977,0.0007055900743921152
147978,0.0009793876717714288
147979,0.0015686015146904027
147980,0.00046399736796239846
147981,0.0008254789977844897
147982,0.0016386488845514054
147983,0.005888672096492513
147984,0.11066595700267064
147985,0.000773668526047496
147986,0.0007774719268732674
147987,0.08753563363379799
147988,0.000467062277550691
147989,0.0004664523012318815
147990,0.005597853068654627
147991,0.9682284428532381
147992,0.0005672891635062833
147993,0.0040553509034093275
147994,0.00018780812363383584
147995,0.0005145301341530915
147996,0.0006660934037830852
147997,0.0005371111701990654
147998,0.0014216155032328052
147999,0.0016195413051771704
148000,0.00013400502599547037
148001,0.00026115712499796866
148002,0.00033650350431403475
148003,0.0003558121361840992
148004,0.0032138840897166054
148005,0.0029136261628624135
148006,0.002044178944409913
148007,0.00024177794446670503
148008,0.001947156155587954
148009,0.9828511057266955
148010,0.005979552109226568
148011,0.0003287211472360679
148012,0.00985287135540174
148013,0.0011720927517670035
148014,0.00033447294190518725
148015,0.0021960041082958854
148016,0.00021511105718162901
148017,0.004729079474501777
148018,0.0002217268020318568
148019,0.0012043802131205508
148020,0.0025614052285667733
148021,0.0003299077340141567
148022,0.8359946497475415
148023,0.0016996594938125137
148024,0.000335500308968931
148025,0.0006295003040087607
148026,0.0005517030419595857
148027,0.0007892567338683086
148028,0.0002529205225265244
148029,0.014629918763957429
148030,0.001017681626659701
148031,0.9891313842711789
148032,0.14713106634627746
148033,0.000443366317471023
148034,0.9947085499776437
148035,0.00742916064855328
148036,0.0003721462114409289
148037,0.0016885899872122181
148038,0.0011216143015290198
148039,0.00033509983837460785
148040,0.0057773422527325315
148041,0.0005662227759401201
148042,0.00035593570124185667
148043,0.0013052840464124597
148044,0.6016737826011113
148045,0.0002358788690616355
148046,0.0006567336457470299
148047,0.02164518534850726
148048,0.00039893117716736427
148049,0.016768762642059003
148050,0.0006857667785684929
148051,0.0021342857868837787
148052,0.009178403729001005
148053,0.9913940384366062
148054,0.0004798794748837971
148055,0.032217267376236765
148056,0.00098553912887382
148057,0.0002562569665805684
148058,0.0007854865043597346
148059,0.0005148213951262717
148060,0.0060968355744103865
148061,0.04971062158411289
148062,0.0011920889022639632
148063,0.010100419590507654
148064,0.00019510280685761274
148065,0.001703030618055158
148066,0.009823198770260458
148067,0.021473858587998645
148068,0.0004953649262468249
148069,0.0010411823579249174
148070,0.0010665276491847648
148071,0.04743233101571372
148072,0.01572017722184
148073,0.007245062457152126
148074,0.03487540275736966
148075,0.001787865476387977
148076,0.013532808554981358
148077,0.0015667665996414789
148078,0.00052713549192337
148079,0.002666603569474884
148080,0.9914747692435127
148081,0.00042977727781094135
148082,0.0005776252940335222
148083,0.024893720685913577
148084,0.0018716947880120078
148085,0.0016632256004953734
148086,0.00024785429015803246
148087,0.9937399366473325
148088,0.006839891441080771
148089,0.0004927940331442794
148090,0.00045035805821080097
148091,0.00018718820663703905
148092,0.004127198530189931
148093,0.014723239778347975
148094,0.00043290406421065824
148095,0.0005484019801057831
148096,0.0156311787722916
148097,0.0002558501039274035
148098,0.004838711071552883
148099,0.0009792116199466281
148100,0.00022053223484167067
148101,0.06383130024586436
148102,0.00013873856373701308
148103,0.8987821898002331
148104,0.0023697290615806196
148105,0.00021402215622227656
148106,0.00941329649057365
148107,0.0011831249518918794
148108,0.0023700734131533023
148109,0.002600429653450559
148110,0.00022258177902837362
148111,0.9904424801793457
148112,0.0001901203665650477
148113,0.002403896657144673
148114,0.00029465129825757033
148115,0.9947292570915938
148116,0.007876856793795158
148117,0.0006987750109932555
148118,0.9947806389952984
148119,0.0002961640933509925
148120,0.0006734113949530241
148121,0.004147041677122791
148122,0.8204003765551908
148123,0.9056288753182157
148124,0.00024081719116548795
148125,0.0005634858468338912
148126,0.0014080946915399216
148127,0.000660001018816351
148128,0.9922022290956338
148129,0.18478318835219507
148130,0.0020044249732847773
148131,0.022455278329213735
148132,0.006272131097395194
148133,0.992330371427582
148134,0.0004273526108656257
148135,0.0003174413400802181
148136,0.007178870610219595
148137,0.0006276946577735393
148138,0.0004655944055632034
148139,0.002072136256636067
148140,0.01955366777748441
148141,0.00030588335002224194
148142,0.0005429120048674205
148143,0.02385639921360587
148144,0.000583540728139343
148145,0.007557834708656161
148146,0.00031543809848619687
148147,0.002736087667490863
148148,0.0015727844743607456
148149,0.017717213894750616
148150,0.0005917810652525677
148151,0.0004714182565066358
148152,0.00032312427001833315
148153,0.0003953551933905426
148154,0.9946367032086354
148155,0.001516164647436883
148156,0.0009489757141925111
148157,0.952434298288754
148158,0.022913100553726126
148159,0.00016695545718393808
148160,0.0009135309279574706
148161,0.0019301737188132657
148162,0.000300695850620703
148163,0.001623290803698391
148164,0.00896938243961323
148165,0.0003500374088617175
148166,0.0012297125113730643
148167,0.9857667084362605
148168,0.007873418004385846
148169,0.000277295943973061
148170,0.23131460214798583
148171,0.009885591215091869
148172,0.00048076252744894566
148173,0.023454575074167146
148174,0.0016706827635056395
148175,0.9915683508407169
148176,0.003505013022230122
148177,0.00020006300773252634
148178,0.0010865875536331415
148179,0.019183211177774346
148180,0.00046935853223212357
148181,0.00027603818418007965
148182,0.005145056357392206
148183,0.00059153667056831
148184,0.00017810745564339944
148185,0.0442760299519201
148186,0.0005589503229214362
148187,0.00322661087803858
148188,0.9249952915435316
148189,0.0005264621054486818
148190,0.0007546049494725946
148191,0.0028824277357780144
148192,0.012391243572317053
148193,0.0025225747031214574
148194,0.0027134553534384023
148195,0.9797778565854106
148196,0.0006986889287699672
148197,0.00044601718776302886
148198,0.0004962358353516424
148199,0.030832620173435226
148200,0.0413668761472734
148201,0.00037218235076614045
148202,0.00018362660455914756
148203,0.0004839173533863378
148204,0.01523152040011182
148205,0.00034622752169678495
148206,0.0034475927778791107
148207,0.0017330277697797571
148208,0.47626896963054655
148209,0.0005983164295464189
148210,0.000907971141357454
148211,0.0007028264945062929
148212,0.0016107308964649122
148213,0.0018318680572311432
148214,0.001593854940567554
148215,0.00034276135476110756
148216,0.0007679723244402858
148217,0.004526563175176858
148218,0.01129280063747647
148219,0.0004394375274579463
148220,0.0014131569527662518
148221,0.001131123046801184
148222,0.12484061202054682
148223,0.2571789837320185
148224,0.014005057720485704
148225,0.3240574146284118
148226,0.0004016658857224393
148227,0.0003354425502023303
148228,0.00015265587439337787
148229,0.0045509494550191225
148230,0.8400180482841559
148231,0.11924140704434943
148232,0.002579458132608913
148233,0.03180655450062725
148234,0.004883314171323569
148235,0.001324333316943877
148236,0.00025754457413145734
148237,0.005708140658766849
148238,0.003980025888409318
148239,0.028094131625228332
148240,0.008789965238625012
148241,0.0012425410397221611
148242,0.0014537861679218486
148243,0.0033994408168415346
148244,0.00021416589037519463
148245,0.003492616798382287
148246,0.9935725294017013
148247,0.0002852946657878638
148248,0.0004328858841093786
148249,0.05893627850966437
148250,0.0027094809068814144
148251,0.000633698467651485
148252,0.0017632732177775173
148253,0.0002340328057692167
148254,0.0012143828041162046
148255,0.024187060988908715
148256,0.0002865078487181627
148257,0.000326213722856123
148258,0.00030473365009996145
148259,0.0013918690428246989
148260,0.008540620825945285
148261,0.00048113844025141756
148262,0.0007904680093062785
148263,0.00012649479517357767
148264,0.00028684046752540176
148265,0.0012317252559186336
148266,0.03599428861683559
148267,0.00020463928877027958
148268,0.007283024561624404
148269,0.0013752981380879038
148270,0.00448218651675908
148271,0.0002838881774006153
148272,0.02601030406379855
148273,0.007501046336511866
148274,0.00028894075239616675
148275,0.02320948832579518
148276,0.0006567739611680948
148277,0.00031050987909047586
148278,0.0007741130208443311
148279,0.0003880789131746189
148280,0.0008536587942679644
148281,0.0011199045961208488
148282,0.0005671623741461497
148283,0.0011004071833781337
148284,0.00016096545727493466
148285,0.000316919920682507
148286,0.0006356872870634863
148287,0.013878125235517411
148288,0.0007243275016405418
148289,0.0007200295580477279
148290,0.006751848791318498
148291,0.0694705191085087
148292,0.0005681701021861519
148293,0.0010141663167092994
148294,0.017544770537586896
148295,0.0004103168453171979
148296,0.0016498536797271786
148297,0.0010802880002940616
148298,0.8229499478022647
148299,0.0006965575185228259
148300,0.002313564024078013
148301,0.9875374035869647
148302,0.0006253739638714719
148303,0.0005889810508415893
148304,0.0009880171535001146
148305,0.9886506898471096
148306,0.007244156314087748
148307,0.00022934011278939932
148308,0.001032798050981304
148309,0.0005745135884068063
148310,0.0028250201893242352
148311,0.0004049903957596606
148312,0.0011509034388041137
148313,0.000267649616810591
148314,0.005141857253779355
148315,0.0014877063173599828
148316,0.002044723786523463
148317,0.0005969038155588714
148318,0.9951678100492467
148319,0.0024624366543282293
148320,0.993862081461174
148321,0.0007857581522616948
148322,0.018869465867178532
148323,0.0002713951409440599
148324,0.002548904051151546
148325,0.001132645092075295
148326,0.0008657717491545098
148327,0.0005098440201110857
148328,0.0006584489824405013
148329,0.00208708986957241
148330,0.00023712822640283875
148331,0.9228457072590729
148332,0.7615934515263834
148333,0.008483873324573036
148334,0.0005707445030050494
148335,0.00019894435673948967
148336,0.0017852101132653096
148337,0.010034701051514557
148338,0.0013912046696185501
148339,0.00016119084046036083
148340,0.0005257355184636582
148341,0.018104348530291046
148342,0.001496154850821456
148343,0.0006106726373000998
148344,0.0010330732926570282
148345,0.0034796489080585595
148346,0.00648394835715488
148347,0.0070345988255941655
148348,0.0006687464726457663
148349,0.003414403027147831
148350,0.0020830604015867867
148351,0.9930583870791928
148352,0.0004031464947517783
148353,0.9935844755277236
148354,0.00022753602771181656
148355,0.5706507635373359
148356,0.0006444452508652272
148357,0.0005803250217899525
148358,0.0003138339686979616
148359,0.0005541752354153578
148360,0.99266435517966
148361,0.015454176974907386
148362,0.9834143089102484
148363,0.001582733107031219
148364,0.002029631096875002
148365,0.0003757055079167413
148366,0.005424714992038145
148367,0.9220419739511942
148368,0.00023153938784286688
148369,0.0008542252053104094
148370,0.0124053842066277
148371,0.00041376730253416395
148372,0.0064904495485057475
148373,0.0005033186148839417
148374,0.17174858842908092
148375,0.0002791986354281242
148376,0.05685249534694971
148377,0.00040056189142384106
148378,0.0006471259862456048
148379,0.031441536941447724
148380,0.0002451832455973534
148381,0.003466751189349533
148382,0.0016848790822928284
148383,0.0060397360031025004
148384,0.004589985207660309
148385,0.03388563463067547
148386,0.006466952249357439
148387,0.9955493262814711
148388,0.9887893205715199
148389,0.001722631021934054
148390,0.0016383783360283705
148391,0.0003448545312417025
148392,0.025431035023826327
148393,0.9871938014497665
148394,0.006825978579282457
148395,0.9946029409737859
148396,0.00663056096647932
148397,0.0020531739385966923
148398,0.00574281837496536
148399,0.9875554217667809
148400,0.0001548684179758756
148401,0.001923726221472417
148402,0.6585204565106239
148403,0.9937859194920126
148404,0.0019555079833919915
148405,0.0003635364151048905
148406,0.9635591200761368
148407,0.00027118169605043767
148408,0.007330560844105468
148409,0.0006078226944183018
148410,0.9671140587666237
148411,0.00149884904783897
148412,0.0009109780755001026
148413,0.00021679033959962182
148414,0.1945438026315157
148415,0.0008997000690399694
148416,0.003326963566617145
148417,0.00022352203722443955
148418,0.001997672532880723
148419,0.0011977700799599839
148420,0.019859706707418892
148421,0.000864335177410493
148422,0.0027064698288845612
148423,0.00042893278610826104
148424,0.00022686560903078162
148425,0.0010226899379357955
148426,0.9509292677356163
148427,0.0009573999353520588
148428,0.9784595943361183
148429,0.0009132423394202564
148430,0.0005980065149646674
148431,0.0011990020639343429
148432,0.0011548262212377198
148433,0.011506562392691475
148434,0.9906872511970051
148435,0.0018925304911703317
148436,0.003817082283755176
148437,0.00044970310306916017
148438,0.004887018632929916
148439,0.0004345918803218726
148440,0.029647843647312624
148441,0.011252578886190146
148442,0.00048801413073129996
148443,0.0007980346176488627
148444,0.0029681826677746726
148445,0.05852304398744996
148446,0.001994178656273633
148447,0.004880863891254033
148448,0.0010593752392468803
148449,0.0006699796268709818
148450,0.0014249579143622859
148451,0.002403696007880674
148452,0.0034039868924760353
148453,0.02838199819736446
148454,0.0016083484797906754
148455,0.00020765966927019787
148456,0.0005208570930883919
148457,0.012825879003680579
148458,0.0004331234605759674
148459,0.00047830628123814514
148460,0.0004683674587497861
148461,0.0007595233015176332
148462,0.0002150982432049195
148463,0.0004490399335335983
148464,0.003058594549969996
148465,0.0002821150733112302
148466,0.0002307118550819499
148467,0.0010718986538949726
148468,0.012188277585673136
148469,0.0010641614174533075
148470,0.011240070546711748
148471,0.0028954901942844368
148472,0.0007489386638366698
148473,0.27009917147479656
148474,0.011723796286404282
148475,0.000636471707525929
148476,0.9921482399571541
148477,0.9833690473158906
148478,0.9870907009945313
148479,0.0002681792448963212
148480,0.0021140341265143414
148481,0.0008456691441562145
148482,0.9747751140004965
148483,0.02847997732145552
148484,0.00024121440191546593
148485,0.0002821886400223783
148486,0.0004647725209379544
148487,0.00026724163174198553
148488,0.00015938782337246134
148489,0.0019967266079340936
148490,0.002353298916133217
148491,0.0038394900195094944
148492,0.00020843588357777736
148493,0.0005687491664179274
148494,0.024355841875655777
148495,0.0010147453503955937
148496,0.042107432098474395
148497,0.00023283660234767482
148498,0.0015897362059561512
148499,0.004189562287731668
148500,0.0003063961285160634
148501,0.0038779916339955066
148502,0.036212855713100886
148503,0.2539810528715628
148504,0.9943315693904963
148505,0.00027066151394815997
148506,0.0005906331461253998
148507,0.06590397306544543
148508,0.00032789045225411584
148509,0.015225280189006353
148510,0.0002505121541696247
148511,0.0012722772674695554
148512,0.0005574462983188976
148513,0.00018401314457312543
148514,0.00035291180791640166
148515,0.005185596904635524
148516,0.0025820297527434843
148517,0.0037884499525306643
148518,0.0008849135531353393
148519,0.9911374234488364
148520,0.00033087269842001747
148521,0.0003360387538096615
148522,0.0009404924775615421
148523,0.0007859969509519553
148524,0.00037034514406677474
148525,0.008664163781738315
148526,0.000676781861536558
148527,0.00022974715179463053
148528,0.004185219527831715
148529,0.00031773122778969913
148530,0.42533385641392446
148531,0.016284502707400717
148532,0.00018533818533926141
148533,0.9945117662512151
148534,0.0004309306405779354
148535,0.030969566448803065
148536,0.0020591411713573146
148537,0.0015672257992743518
148538,0.03347607524755886
148539,0.9933439854049608
148540,0.003677207191581759
148541,0.0005945076773527034
148542,0.00017108833144825153
148543,0.7566247160930928
148544,0.001384377150558359
148545,0.0005948217061186673
148546,0.00023322756527565983
148547,0.0005556722586808548
148548,0.0002882613309657355
148549,0.006115711271555206
148550,0.0006316909881261985
148551,0.00018766824708682183
148552,0.0025726623823463164
148553,0.00038666521619538864
148554,0.0012189372223575688
148555,0.0002688238831261556
148556,0.0034426417211141573
148557,0.011289554223363979
148558,0.00047737795730018744
148559,0.010871998388352276
148560,0.028085193465060273
148561,0.00024075567729468393
148562,0.9883387330545621
148563,0.0027187302411936036
148564,0.00020699403733514285
148565,0.501665481792902
148566,0.012833498391112287
148567,0.0019467599575896078
148568,0.0032821157271173958
148569,0.009819738678971646
148570,0.1077897935019109
148571,0.019677946986953382
148572,0.11260487221597654
148573,0.0002670295989955171
148574,0.07989069267309007
148575,0.00037170759429294313
148576,0.014009674969109197
148577,0.3568621179544315
148578,0.0005414072427804399
148579,0.000805647303673997
148580,0.001585072667244807
148581,0.9872553269774137
148582,0.00043330865418689983
148583,0.0005840264610557673
148584,0.0003291489238720936
148585,0.0004853211522139596
148586,0.0027387120590687767
148587,0.00017449013204983747
148588,0.00023858962170464828
148589,0.0015758305890698637
148590,0.0001529639961038702
148591,0.0012775486381831089
148592,0.0012228416437372624
148593,0.0021249173155249764
148594,0.0022373442831425013
148595,0.00044034965523029074
148596,0.0009498982874741721
148597,0.0003443722247315473
148598,0.0004072193905681302
148599,0.9870610840664943
148600,0.0020436246717945457
148601,0.00038389823016253576
148602,0.009016090327977936
148603,0.0010988114604609733
148604,0.0010272156898732858
148605,0.0008911732383628926
148606,0.003448528728994343
148607,0.9942537605182197
148608,0.0037554827420794223
148609,0.0005813993457314757
148610,0.004534779793052334
148611,0.0003046881645969392
148612,0.0012013693441535454
148613,0.001183324426553739
148614,0.2853084192014541
148615,0.0018183258490578852
148616,0.0019290839828597888
148617,0.02593714324672802
148618,0.002256849438962344
148619,0.0004499964636997501
148620,0.00020516097507871587
148621,0.001341686335091611
148622,0.002181900391670709
148623,0.000564637924860473
148624,0.0008903633803692455
148625,0.006393093047863493
148626,0.00044576455555003433
148627,0.4183754802877626
148628,0.0005739023949981222
148629,0.0001589502530142534
148630,0.0006510976333198133
148631,0.0003205158833313632
148632,0.9601437247900092
148633,0.000805650799032197
148634,0.0003216575212976616
148635,0.019752897684993925
148636,0.001889890607723716
148637,0.9932920381390244
148638,0.0007674345040662393
148639,0.0002675039592586908
148640,0.0001312528987545005
148641,0.0007437765700570265
148642,0.007916559378894973
148643,0.0014821224163660573
148644,0.847719365785241
148645,0.00029082338671233224
148646,0.031005401103493035
148647,0.001367803713664871
148648,0.004883226572044665
148649,0.0002912473258364548
148650,0.0007676083069761672
148651,0.9835317684338863
148652,0.006866727109783543
148653,0.0006328631452821677
148654,0.0010149784265751057
148655,0.9964926280244493
148656,0.00022698346644394994
148657,0.001337351447761898
148658,0.002693442086829248
148659,0.001517755877118652
148660,0.009524689454387626
148661,0.005929394170746276
148662,0.0007945348421392921
148663,0.00015217104994501708
148664,0.0004418329403223659
148665,0.011659585949454786
148666,0.01003866152898669
148667,0.019519283557681483
148668,0.0005852260504924317
148669,0.00021492838009066763
148670,0.0003984776147099041
148671,0.0018765371819196278
148672,0.01188754755075862
148673,0.00013784274554994413
148674,0.006206831213791999
148675,0.0024314055680282123
148676,0.008342227216114675
148677,0.001333728175559275
148678,0.4965853171353416
148679,0.0016754485831109792
148680,0.0072990144516030895
148681,0.01001951744556469
148682,0.00046783836657556633
148683,0.0008414842128494148
148684,0.001333308596933725
148685,0.00022207465417076807
148686,0.0506123929627717
148687,0.0014905290962276458
148688,0.0017908470478197758
148689,0.0006577178575072967
148690,0.0004572543024912761
148691,0.0005475567325370764
148692,0.0038844285216638238
148693,0.9847296800370272
148694,0.0010513322467378564
148695,0.1326714976265329
148696,0.0014003076101236779
148697,0.001570795156679811
148698,0.006460971719547741
148699,0.004103776233346902
148700,0.0005904065561247124
148701,0.018344519095004005
148702,0.9931681334590619
148703,0.06410316426746338
148704,0.02562758254549603
148705,0.001714077057670255
148706,0.011373110696694628
148707,0.00019379885460165706
148708,0.004477021500770259
148709,0.00024241919479268053
148710,0.00028660443782077484
148711,0.0022881401796427648
148712,0.004380987509127671
148713,0.000664638615693149
148714,0.0016770289382098003
148715,0.00020611641671339258
148716,0.0002390428925049632
148717,0.0005236042112529329
148718,0.00028221568073752315
148719,0.006493220616150872
148720,0.0013281211736669784
148721,0.0068232067921036
148722,0.007440257119096044
148723,0.001652244746084953
148724,0.0035987965259688406
148725,0.0004930570483221614
148726,0.11686991431609645
148727,0.027873407390407643
148728,0.001111937811354532
148729,0.0007183697341806638
148730,0.0006857226902369565
148731,0.001273881783954767
148732,0.000310478713402949
148733,0.05754336166643755
148734,0.002288242668215809
148735,0.001287224098125774
148736,0.00142852074385658
148737,0.5037568382365816
148738,0.0005826576731818849
148739,0.0004610657861432619
148740,0.0018310860815968731
148741,0.0005088523316665251
148742,0.9875042659675206
148743,0.0010986938083936608
148744,0.0003162634965850246
148745,0.000372167271898963
148746,0.9845902024978589
148747,0.04775421759789359
148748,0.09601197244821243
148749,0.0015986961967911753
148750,0.00026554898345544886
148751,0.005656826158455483
148752,0.017038385926387244
148753,0.00023413211139153617
148754,0.8053716047360632
148755,0.08571483137454279
148756,0.0010095283205382515
148757,0.9936579721839114
148758,0.008246414712943018
148759,0.9834524671523269
148760,0.0003371367069106033
148761,0.012753725158289524
148762,0.0014258388407814779
148763,0.0007408739463920162
148764,0.0003586609029010687
148765,0.004716113714828435
148766,0.9780749825141801
148767,0.0006883585898161332
148768,0.0003215654229581943
148769,0.003387598533119481
148770,0.0018532606692568967
148771,0.000187198263658798
148772,0.001289109128512857
148773,0.0010714101560378502
148774,0.01733497372396423
148775,0.001961052004894201
148776,0.012172915188278347
148777,0.0004969224575418855
148778,0.00015555457234607228
148779,0.0001871448691792573
148780,0.0008276576754737021
148781,0.9774935236320736
148782,0.0023260050427240373
148783,0.0006968668910417843
148784,0.0012585743950671564
148785,0.006078514829648911
148786,0.00045033283996646526
148787,0.00033041257297563366
148788,0.9864671350671804
148789,0.02410681464737496
148790,0.0004869311302274289
148791,0.00018416291213874502
148792,0.00026120820994010536
148793,0.0021488724081656424
148794,0.0002950629417295174
148795,0.00014566810860190406
148796,0.9893130294348601
148797,0.0003480975915428782
148798,0.0004041601816064552
148799,0.007600178925000167
148800,0.00046701065238276593
148801,0.0004353131474043537
148802,0.0008863768772339337
148803,0.0011763107270624633
148804,0.9895547947360863
148805,0.992948721031515
148806,0.0008875127584300184
148807,0.9789547357562155
148808,0.00023100759424446896
148809,0.0007607899154187539
148810,0.009804530554013964
148811,0.0063871323164412085
148812,0.004491585991457171
148813,0.0005030524040938015
148814,0.9862572736561968
148815,0.00035496959961539527
148816,0.0006973964709527766
148817,0.9942540497325584
148818,0.001577308412517826
148819,0.0009696339305592961
148820,0.0004858501887630617
148821,0.0002120187793251514
148822,0.003883838964045143
148823,0.9937764392444294
148824,0.004807544115857781
148825,0.00016453793161311106
148826,0.007052342711488762
148827,0.001755887845287872
148828,0.00033516641350769783
148829,0.004723478317313236
148830,0.0013070506692243453
148831,0.001745394268695535
148832,0.0013311100268771309
148833,0.00021856469627566834
148834,0.0002899236375897597
148835,0.0009315705057318768
148836,0.00016774367390771716
148837,0.0003751098331965841
148838,0.012774557221710064
148839,0.011968957918902089
148840,0.0003212622466410468
148841,0.004770465599048946
148842,0.0009626296923503894
148843,0.0005078358569311613
148844,0.0006127029500080581
148845,0.000504581062986497
148846,0.009849859078324185
148847,0.0004106070108029688
148848,0.989328218629028
148849,0.0012889889617769994
148850,0.0003063923375255988
148851,0.00032817208232167547
148852,0.0003377518386585836
148853,0.0148463453877344
148854,0.0005645009708563443
148855,0.0002945170473699965
148856,0.0018161561036217193
148857,0.005307076600972453
148858,0.0035049413415068386
148859,0.0014764872831690074
148860,0.000875821047146927
148861,0.00014720194188185424
148862,0.03027042399972685
148863,0.0011738630567465526
148864,0.0012845209684364087
148865,0.0010259763179460322
148866,0.0002866483622788389
148867,0.9932840404962596
148868,0.0006300664642510183
148869,0.0016176624848234663
148870,0.001392529196998483
148871,0.005284894966138169
148872,0.0006954521793519934
148873,0.00018723952015063764
148874,0.23027998719218717
148875,0.011589995356433716
148876,0.0032567699818382783
148877,0.0005601137216452231
148878,0.029863786997506248
148879,0.002799013064595065
148880,0.0003950554715181696
148881,0.9374594409770802
148882,0.6252610664666437
148883,0.0009433884633982257
148884,0.8949910929003286
148885,0.9871072780228227
148886,0.004845694686304719
148887,0.0017658197323528304
148888,0.0020707388663271506
148889,0.00018763143103575435
148890,0.00034368656750948743
148891,0.0008896071823343706
148892,0.9892804960727587
148893,0.0031414619690295167
148894,0.001506282311758155
148895,0.0006204204917471357
148896,0.07162339639688388
148897,0.0010108211712124336
148898,0.019415750701085036
148899,0.00038900811413585245
148900,0.9936512035486128
148901,0.0003469007056319423
148902,0.0014135632112990799
148903,0.004171017590531524
148904,0.0026648371220791118
148905,0.006909810482831342
148906,0.0007590527776697057
148907,0.0001832973127435271
148908,0.9703226137497353
148909,0.003918046015231655
148910,0.0004745687275942889
148911,9.39352763866901e-05
148912,0.0019829102539390153
148913,0.016772309398185744
148914,0.9378229253280327
148915,0.6960008810925851
148916,0.9827465618638174
148917,0.0004567404317553395
148918,0.0002148565837751544
148919,0.00048367667910303606
148920,0.0036089263871968797
148921,0.9836233186834469
148922,0.019570131360150768
148923,0.9852424891662367
148924,0.006329627772728018
148925,0.012346317142842348
148926,0.0013146551884294035
148927,0.00018006169142505824
148928,0.9947163558170515
148929,0.0002914169827278489
148930,0.009768378347455697
148931,0.004853297593348651
148932,0.0002933024873200097
148933,0.00036775067840546523
148934,0.00245073816995895
148935,0.2292148340417329
148936,0.000784497083910761
148937,0.0005591676660634561
148938,0.688303352924117
148939,0.0008030182470792621
148940,0.00011413343521348935
148941,0.0002457389533037069
148942,0.004282902898461697
148943,0.001982858409485831
148944,0.00025668964582032663
148945,0.007456372251831619
148946,0.0029703983440331305
148947,0.0036860134849033156
148948,0.9781174535588637
148949,0.005742680334613704
148950,0.993261935633783
148951,0.0007929733023928893
148952,0.0003144058750908361
148953,0.007125175225364792
148954,0.015012634616590638
148955,0.006432402252277017
148956,0.01599270925317408
148957,0.0011066794535659137
148958,0.0023272808814294374
148959,0.001240521103216679
148960,0.012804629451609265
148961,0.000354597119145801
148962,0.0004286024876476627
148963,0.0005464128458615766
148964,0.10088772517392407
148965,0.005813883915732736
148966,0.00042465835169419873
148967,0.010411509626823965
148968,0.0014047327835025572
148969,0.06367963998569377
148970,0.010664709277939737
148971,0.011784062323540765
148972,0.00023901094971715898
148973,0.01443738498799071
148974,0.0011315854515080467
148975,0.2996965553262943
148976,0.008959908707908082
148977,0.003331639843157303
148978,0.0016864496290275198
148979,0.028647195062439002
148980,0.967347266070239
148981,0.00039589830560268205
148982,0.1451852447922616
148983,0.00042732534989770027
148984,0.0007242187180848354
148985,0.00030784587801514345
148986,0.004594490604408341
148987,0.0004310599870390889
148988,0.00027543887600068754
148989,0.000339795201040582
148990,0.0006094605850350861
148991,0.0011463495133663497
148992,0.0003871263844650102
148993,0.0028102665250767595
148994,0.00021511404020052634
148995,0.11861302908157192
148996,0.0016197166251790652
148997,0.00038482640666107407
148998,0.002066819058490734
148999,0.9932449540173313
149000,0.0001727756322909574
149001,0.0007867721408281082
149002,0.0003561830082684069
149003,0.000756290833359842
149004,0.0013490301199914287
149005,0.0033949218613336754
149006,0.005584674032409006
149007,0.010160801634679978
149008,0.0026290780268401932
149009,0.013405265075381844
149010,0.0006125754771967252
149011,0.0123385202523482
149012,0.0007036702670250448
149013,0.0018658199639282507
149014,0.12987507449943195
149015,0.9893356924167029
149016,0.02273540304668725
149017,0.02890763363778886
149018,0.0025162375532389787
149019,0.0014359575381667714
149020,0.0006833703700154644
149021,0.00014410242221282206
149022,0.000299220485388589
149023,0.020109881168459645
149024,0.0017446308354793017
149025,0.0003084077462721293
149026,0.0009994030752343787
149027,0.0004785651795735757
149028,0.9829293375769723
149029,0.0021040183575065452
149030,0.011544322272871964
149031,0.0005399190939934123
149032,0.00801069211907783
149033,0.0005887260727969982
149034,0.000576364731074919
149035,0.0007543736393475198
149036,0.0015625080871591011
149037,0.000745626112071015
149038,0.0016972752028279522
149039,0.0010881909821587007
149040,0.015644198948255496
149041,0.9190894504497185
149042,0.0003185150754131403
149043,0.016093828984662557
149044,9.813766694294949e-05
149045,0.0002643352523133111
149046,0.009293394293992853
149047,0.010770143634380468
149048,0.0011918899527708904
149049,0.0017640634652469772
149050,0.9916323723209745
149051,0.028936892817673848
149052,0.0001874365215943369
149053,0.8322708845467756
149054,0.0004637930344629015
149055,0.9896746616021291
149056,0.012483510948914275
149057,0.00020511928780116015
149058,0.0005865857624508261
149059,0.004398273469824624
149060,0.033783679450925926
149061,0.0060082201806704785
149062,0.994624608099149
149063,0.00035704855700291385
149064,0.009466576955668118
149065,0.9932166868208743
149066,0.0025179734994767618
149067,0.0036806449501509955
149068,0.0007883975496154199
149069,0.00024683353783478253
149070,0.00031075892485743083
149071,0.0003319805322427594
149072,0.0006292071587038286
149073,0.025622569885665695
149074,0.00045910958554995826
149075,0.005387983999211444
149076,0.0006089357563398348
149077,0.0003974687848271876
149078,0.00018861549577409392
149079,0.04436367196316175
149080,0.0039355300397307
149081,0.0033778220212933967
149082,0.02241967046923055
149083,0.0013435868824534236
149084,0.00024333223398776115
149085,0.004017045026852409
149086,0.0002975015094867783
149087,0.012448145655702712
149088,0.0007823774003922912
149089,0.002283326154977236
149090,0.0003280480862662662
149091,0.0001530615305741227
149092,0.0018364785755673918
149093,0.00041732948936482365
149094,0.00027598497974496306
149095,0.0022599832897448333
149096,0.00030150844621969084
149097,0.0031568207542474985
149098,0.00028455042336114216
149099,0.0014292314988541895
149100,0.00027561563862699297
149101,0.005334930028762144
149102,0.00041624907172795305
149103,0.003255088860538005
149104,0.0003776966169771881
149105,0.0003357023165603738
149106,0.0017666608573558731
149107,0.001199762715605139
149108,0.0007487071977470719
149109,0.0003761382564771622
149110,0.23644778727516452
149111,0.0009194163547835912
149112,0.00042190228767278125
149113,0.05161488642038251
149114,0.0003015702790326564
149115,0.9949494845878545
149116,0.00026892803903925163
149117,0.0003856966639548561
149118,0.015833227921409523
149119,0.030081112289562555
149120,0.004028233490264713
149121,0.00024134603384678855
149122,0.2827123747274691
149123,0.9812449147788302
149124,0.0004880977230853464
149125,0.0037371147831213947
149126,0.0008140425601050695
149127,0.000325145086342541
149128,0.145429154488873
149129,0.00023307840353805123
149130,0.00015530034754941802
149131,0.0050719462046175355
149132,0.0016842307638246208
149133,0.0005319994027148616
149134,0.0023385121458331056
149135,0.00030954282533807794
149136,0.00021811246734618667
149137,0.5876260671333104
149138,0.0007404258294123221
149139,0.7655970188482195
149140,0.0016900462770187696
149141,0.020039744706966574
149142,0.0009302085932902857
149143,0.002411210597983188
149144,0.0014916226898968915
149145,0.002600111316614835
149146,0.0001128906546540199
149147,0.0066443576708169055
149148,0.9956166587135203
149149,0.008230195710184698
149150,0.01822476756406148
149151,0.01648814767182201
149152,0.0013970746823960872
149153,0.0021468740203203027
149154,0.0003318942946387772
149155,0.0015955484027579928
149156,0.0002334416932056427
149157,0.00039055393024880716
149158,0.00034358148392673395
149159,0.0003606493584524237
149160,0.0001777369428268769
149161,0.0003905526099100664
149162,0.004861380091264352
149163,0.00027023988405461334
149164,0.9914549452907879
149165,0.006215491329076193
149166,0.000926456363496252
149167,0.2672581774362687
149168,0.000477816779234634
149169,0.00033696180614335827
149170,0.4740556690302266
149171,0.0005003580667654674
149172,0.9914822651760798
149173,0.01535702741769826
149174,0.0005796245079170792
149175,0.019784972666156947
149176,0.001238709043184035
149177,0.0002627943833384689
149178,0.00022038746988187828
149179,0.0009910716968644382
149180,0.9820923596462413
149181,0.09609974551169309
149182,0.0058219699898962715
149183,0.0014648181984590995
149184,0.27773301407463286
149185,0.0002320527495798548
149186,0.00029099326402819636
149187,0.5654900915716121
149188,0.0005130016212579729
149189,0.01154469429501772
149190,0.0005507185512739169
149191,0.005751803912957983
149192,0.00042043991258588614
149193,0.00035147442765146454
149194,0.00017300269482922693
149195,0.00023505519256965588
149196,0.0005474426187735631
149197,0.9974920756541926
149198,0.0002730845210214559
149199,0.043772123186319026
149200,0.00032758253969415117
149201,0.003851948056740027
149202,0.0016763600701799684
149203,0.013730463994078028
149204,0.0003408419179278652
149205,0.0004221288441365035
149206,0.003641799610677158
149207,0.00038831332123089697
149208,0.0018635754190606832
149209,0.001323809128893327
149210,0.008349038304972712
149211,0.34960834149892234
149212,0.0014726984981871523
149213,0.0019947534539162216
149214,0.0003038822942366337
149215,0.042621461009271874
149216,0.002439896004702322
149217,0.003941442463240234
149218,0.0005762228452520376
149219,0.0010454370975282719
149220,0.0013356713405174414
149221,0.0021677991185371894
149222,0.000534232763201745
149223,0.0002714512197661976
149224,0.0009381540356673026
149225,0.0010086320136586079
149226,0.43319414635828063
149227,0.0005796379970262047
149228,0.0005182729490356095
149229,0.0004304819518392256
149230,0.0013499638067146526
149231,0.96635033759029
149232,0.0014876569656638637
149233,0.0005962219607306907
149234,0.0013925742993075522
149235,0.0004403888588071003
149236,0.00660404242437915
149237,0.032048843100122314
149238,0.00043562134975319073
149239,0.00038711887602646913
149240,0.07663526024901074
149241,0.049053345807343426
149242,0.00034089728308730067
149243,0.004050119773420773
149244,0.0030430141112062817
149245,0.0008175560042661479
149246,0.0002103010352094406
149247,0.0044683762480965065
149248,0.00042953780625343393
149249,0.0006729211545639419
149250,0.00040683736331483574
149251,0.002469676301834376
149252,0.00269497768958629
149253,0.954799125631479
149254,0.9910817628194991
149255,0.0002431141287703118
149256,0.0007931854441446029
149257,0.0010932135217318548
149258,0.000709794712570275
149259,0.0017927593367234723
149260,0.006792012330887091
149261,0.0006067706881113159
149262,0.00048601860692015027
149263,0.9915660257785618
149264,0.0005307130240571297
149265,0.9915980238151091
149266,0.09949283320564493
149267,0.0014351121281286432
149268,0.9953532308885119
149269,0.7248261522095105
149270,0.0002642322123363034
149271,0.0004584413924477803
149272,0.014752206672298006
149273,0.001762065762587462
149274,0.0005443841569138919
149275,0.0030557392348179906
149276,0.0009303450438625225
149277,0.001073379274405296
149278,0.00038326628006680514
149279,0.9916638301862234
149280,0.0018730660912899813
149281,0.0011916807609156437
149282,0.9892082894292283
149283,0.0012132553325692544
149284,0.002061517571416496
149285,0.0005760090013849248
149286,0.0014013266928325568
149287,0.9512281939625621
149288,0.00047561403589211796
149289,0.0013580708671744356
149290,0.0001557089635382297
149291,0.0007109680557858564
149292,0.9943378501403608
149293,0.00452874636118618
149294,0.0017803800530473352
149295,0.983859077875632
149296,0.00020528803640161052
149297,0.00023283907451104936
149298,0.9873396173556628
149299,0.00034903182484561594
149300,0.8722973529378371
149301,0.0009299550866122479
149302,0.004077413717726384
149303,0.0004358179050378683
149304,0.017574477711808
149305,0.00039567836354513226
149306,0.0011549057041267041
149307,0.00013414614831178817
149308,0.00033171072952530625
149309,0.01655743913741756
149310,0.003116848656252821
149311,0.3110755180330784
149312,0.0003001702735640577
149313,0.007287429538331858
149314,0.003598829001667168
149315,0.00034251977604466934
149316,0.00033982273128213184
149317,0.0010234681548509962
149318,0.0020769922715136915
149319,0.007323518484878339
149320,0.0005488713358898895
149321,0.00031922423930703865
149322,0.004742347170289327
149323,0.002194109533524202
149324,0.010656057464086788
149325,0.004872225495109607
149326,0.9840756108243209
149327,0.0005893752774219792
149328,0.000742985235157305
149329,0.0007488352873797811
149330,0.0003398847696887077
149331,0.0012241566744474492
149332,0.006823630864044994
149333,0.00032301557017402525
149334,0.001167758484613577
149335,0.00023111574109041004
149336,0.0019639235005014227
149337,0.1144465985264531
149338,0.00014894485627718477
149339,0.0002231498913641704
149340,0.020523748771497555
149341,0.00038635236691172227
149342,0.0004975261324229268
149343,0.005560473755452998
149344,0.022408885703746478
149345,0.0001848389550046697
149346,0.00026074003517971377
149347,0.0006302518841610543
149348,0.12719215398474312
149349,0.0002313203365817122
149350,0.0002918137577156036
149351,0.00022063539393559734
149352,0.0059189216366879
149353,0.000929407048571102
149354,0.004121506235812857
149355,0.0006177892582376809
149356,0.0004222180649382662
149357,0.0015075984003036817
149358,0.00034065923234741577
149359,0.004946772716711387
149360,0.00023664245899036074
149361,0.002561275199458702
149362,0.9956076005704274
149363,0.024604872565466184
149364,0.9858676902143694
149365,0.00028766107408040515
149366,0.059388755723578365
149367,0.9135269968542166
149368,0.40026116100256653
149369,0.0010875464120409975
149370,0.004775450284683427
149371,0.00022144132933576567
149372,0.0002683794713582036
149373,0.0008302947217921621
149374,0.00025515320270858076
149375,0.00023556036460808345
149376,0.00021112696749972035
149377,0.001066478245112408
149378,0.0018884821049285584
149379,0.0008770601239205766
149380,0.0004508706893991747
149381,0.011223941563616955
149382,0.0013881699062891367
149383,0.0002760936390500121
149384,0.00014881255723818462
149385,0.9816663500302953
149386,0.0004982401476576622
149387,0.0008884881597912963
149388,0.0006553258351517879
149389,0.002016107312382237
149390,0.0009497371063346597
149391,0.0019235938823035485
149392,0.029262223319759525
149393,0.00033603225118055715
149394,0.0002659783116265766
149395,0.0002727836014218722
149396,0.00027937285960008063
149397,0.0002508347300584359
149398,0.0007788293445337572
149399,0.008974425129202244
149400,0.000636002097802504
149401,0.8622366335703486
149402,0.00045285726662723145
149403,0.000277686902904373
149404,0.0017233390183876089
149405,0.0007293733806971172
149406,0.00035244580390037076
149407,0.0006992089724210341
149408,0.0007397031102615036
149409,0.016348603204730132
149410,0.009916460380252467
149411,0.015220269803732022
149412,0.00033520244434652626
149413,0.0004336856990853931
149414,0.0034298791299437054
149415,0.0007556902219340027
149416,0.0018073407556347682
149417,0.00040679809799012783
149418,0.0005919395167563513
149419,0.0026412352239356908
149420,0.008012969542999621
149421,0.0021782258208842926
149422,0.0002549256108827207
149423,0.9198330233473357
149424,0.00048672249219482454
149425,0.0007373992511634979
149426,0.00016087966518481348
149427,0.00017862543736232097
149428,0.0023748734597129864
149429,0.002498824147245692
149430,0.0005541033547911674
149431,0.00022335494189246728
149432,0.0007194979688318037
149433,0.001289637806834525
149434,0.018938470732992745
149435,0.001429557844668626
149436,0.00392600131528835
149437,0.00018062801969349917
149438,0.00026095723192758643
149439,0.0133234391823848
149440,0.00032511893404735064
149441,0.001020743787684833
149442,0.0696746082484899
149443,0.08106458017221095
149444,0.004156398430885492
149445,0.0005603879053794489
149446,0.9881907000850909
149447,0.010781881116485752
149448,0.985983842951057
149449,0.0017556206781470399
149450,0.0005255258331423624
149451,0.003520438737425421
149452,0.005805879392694089
149453,0.0002571656112719755
149454,0.0015243432040647946
149455,0.005159653351797016
149456,0.001325135346366233
149457,0.0003669913074634899
149458,0.0011978471961705942
149459,0.03330475985912614
149460,0.021446903088776746
149461,0.009391249633970993
149462,0.00029408622626993393
149463,0.00044321801423006916
149464,0.007685959636508003
149465,0.0009256442937277333
149466,0.0003045758986480282
149467,0.0010489913429655557
149468,0.029076938611301614
149469,0.001136509678726525
149470,0.9957225521939354
149471,0.0012645412053789704
149472,0.0025131596520931907
149473,0.001485120229463207
149474,0.00366404993413248
149475,0.0015261022541944752
149476,0.012483465508874508
149477,0.0035453955468419556
149478,0.2544243157285869
149479,0.0003195528752616379
149480,0.004656564205669425
149481,0.0005328289765703685
149482,0.44782016624750554
149483,0.001416724577158299
149484,0.004137452073826137
149485,0.0004341983012998281
149486,0.0011972190644191094
149487,0.015377170023282342
149488,0.0020873179647828283
149489,0.0010732557219058157
149490,0.0007029894266240094
149491,0.0002191362795801059
149492,0.0012923346385724024
149493,0.004339286103184437
149494,0.0022498691694006053
149495,0.0007743503188688922
149496,0.0006915853886472467
149497,0.0009458521131331919
149498,0.00021945881123251016
149499,0.9408253511161737
149500,0.0002135197126575861
149501,0.00041769528552108035
149502,0.9957127178922651
149503,0.00018964769007009024
149504,0.9685725495759675
149505,0.0019169096127847904
149506,0.00043212670434551715
149507,0.009415861838862078
149508,0.007638390621435476
149509,0.004178976142637885
149510,0.0007358850655549372
149511,0.9947817110499687
149512,0.9561410127863346
149513,0.0007514772804294104
149514,7.67887066865909e-05
149515,0.9830263756517754
149516,0.0022350170134202933
149517,0.8315040235937793
149518,0.000420610759175397
149519,0.00026814007633488746
149520,0.9919064728348324
149521,0.00056157999634278
149522,0.007216615382378346
149523,0.00270324537806577
149524,0.0004089202448369957
149525,0.0002836277045095669
149526,0.0007209408322461196
149527,0.0008140459851936526
149528,0.0011354741187642099
149529,0.0005123501718937971
149530,0.004442174348272108
149531,0.995087943045012
149532,0.0016520899934221712
149533,0.0014920181006855345
149534,0.0002803305529115738
149535,0.0007098621740051234
149536,0.0706203341805998
149537,0.01326465473231435
149538,0.0016055919613282307
149539,0.00882359172317675
149540,0.0011339330375814318
149541,0.14283275832049583
149542,0.005671625016214383
149543,0.00902774423141135
149544,0.0003264340459335162
149545,0.005521304883380635
149546,0.0017007134833068214
149547,0.11226535976614535
149548,0.0009270425596923904
149549,0.017041361916921315
149550,0.0005392303414812349
149551,0.014841021438703977
149552,0.008077821448682115
149553,0.00040845788305070383
149554,0.03334689281835301
149555,0.0007240071015286169
149556,0.011993261534027182
149557,0.0008286560476822553
149558,0.00028484131620142125
149559,0.005221619401285047
149560,0.07818993207902064
149561,0.000968273655582325
149562,0.0018201221102473648
149563,0.5969372025279817
149564,0.00038125451714746594
149565,0.9793449897510418
149566,0.001407906798306973
149567,0.004299097847011089
149568,0.0003257689122716548
149569,0.0004166453868042368
149570,0.00020625956155456736
149571,0.001681272995562347
149572,0.0008741149848135901
149573,0.0055101375473354435
149574,0.00011189105537776523
149575,0.0005020837980676429
149576,0.0006651826832334083
149577,0.0074698724077977945
149578,0.002048886326658609
149579,0.0005701584741359348
149580,0.0284134234539587
149581,0.0009406309555014966
149582,0.00026943407797629077
149583,0.0008595371251343515
149584,0.001662920455120125
149585,0.00031161754083008306
149586,0.9868857406040654
149587,0.0065619435758266466
149588,0.028824950967319164
149589,0.0022987477635388895
149590,0.000284527923596878
149591,0.0001631796077445105
149592,0.9844979178487664
149593,0.008541491310875633
149594,0.0001438102014503651
149595,0.0013870005352083542
149596,0.006532212798961154
149597,0.00022647337818230666
149598,0.0014097279646886707
149599,0.00023693098140912465
149600,0.9906677590546189
149601,0.0005573179443419923
149602,0.024818152996197877
149603,0.0008742314885615578
149604,0.000671151468432618
149605,0.008874153425674193
149606,0.0005399771103710226
149607,0.9256317562041924
149608,0.0018057214702423402
149609,0.005436717410737667
149610,0.0019031122902936255
149611,0.026887480454294562
149612,0.0002006344501964353
149613,0.9876297791174813
149614,0.0004992282090842213
149615,0.0005257921642007956
149616,0.009235776271997878
149617,0.00030588411108024854
149618,0.00382145078790846
149619,0.004904736696852804
149620,0.0010773467945544525
149621,0.011291500029194093
149622,0.00019220716719219204
149623,0.0008657777993193562
149624,0.0005463678834744029
149625,0.0015392506309773884
149626,0.0006558636927861665
149627,0.06276141391697332
149628,0.9837669141223553
149629,0.0003792714603179647
149630,0.0026031453854776856
149631,0.00019374768061574643
149632,0.0010598489664836242
149633,0.0005639034130377662
149634,0.00018929189696397368
149635,0.0005485534017913942
149636,0.00023109037892906031
149637,0.12911638888127053
149638,0.01565319243716472
149639,0.00042990291545250066
149640,0.00034618035227282123
149641,0.021095970388887445
149642,0.0002639645634240425
149643,0.02312776059312769
149644,0.0006061676899923476
149645,0.001224001556808372
149646,0.0001393997970160736
149647,0.0008156210476507209
149648,0.01619997657274459
149649,0.004452925825009589
149650,0.0008214390359320247
149651,0.0005643233741174341
149652,0.0003832693448672057
149653,0.01711391247866261
149654,0.0028822975283688923
149655,0.9827056657020146
149656,0.9905104325040159
149657,0.0005463326712272008
149658,0.0023908671335343113
149659,0.000429740468360912
149660,0.0002989795428902706
149661,0.0005235895800233056
149662,0.0005512098330211512
149663,0.002804362958824
149664,0.010117939073970902
149665,0.00042247665134698397
149666,0.9898169785419153
149667,0.9815153079088338
149668,0.00047477347620481034
149669,0.00047955242836526373
149670,0.0008037044549877598
149671,0.0025346454158242313
149672,0.0013292641638645178
149673,0.004356472868464098
149674,0.0026863931551250925
149675,0.00015820053081088572
149676,0.002107696442508481
149677,0.040988817640877875
149678,0.0021108937097713645
149679,0.00011174344400560625
149680,0.022346641825527543
149681,0.0003744196124893965
149682,0.017723281922229116
149683,0.0019167506691681836
149684,0.9913494419625716
149685,0.0009727182543990157
149686,0.015171282163296275
149687,0.0003766306565939406
149688,0.0008423871502884011
149689,0.0011391246738315906
149690,0.015125530374752899
149691,0.009584310307744136
149692,0.006592602272281736
149693,0.00029369681134899344
149694,0.003236396097921457
149695,0.9865680972918148
149696,0.0004538498824813834
149697,0.006191765796222996
149698,0.00022806035958470452
149699,0.00026277742343752637
149700,0.02468840448413881
149701,0.023702002707108445
149702,0.000597280603977829
149703,0.0029128315006070123
149704,0.0008580043468952506
149705,0.0009282048568967777
149706,0.00015718051597058522
149707,0.0042637540968841975
149708,0.00035178195620033155
149709,0.014463429500941967
149710,0.026692501575164267
149711,0.00035224005603995846
149712,0.0003412251740196896
149713,0.0005492512581308427
149714,0.0008528140394180216
149715,0.0310930174351754
149716,0.006139846064470034
149717,0.00036244914115723297
149718,0.8025659209306102
149719,0.0009084085011320801
149720,0.004401340977567251
149721,0.9944892195859706
149722,0.0004992916524038135
149723,0.00027943608024945886
149724,0.0030182466505529193
149725,0.0004375922351209648
149726,0.00014594194257584565
149727,0.0003325149949885484
149728,0.032829146133044364
149729,0.00020498976119680913
149730,0.00022052292147232644
149731,0.06278563910982582
149732,0.0014538267247030878
149733,0.0010414506167186067
149734,0.00040130017930585114
149735,0.002176589602489289
149736,0.013269664523617912
149737,0.005330396810704362
149738,0.0042767481584462756
149739,0.00039361087085241727
149740,0.0019882029146671035
149741,0.004246342294774414
149742,0.0004571737786629147
149743,0.00111473941066769
149744,0.00031762150737964484
149745,0.008010141969018175
149746,0.0065670822053750895
149747,0.01626226946501016
149748,0.009486743140674719
149749,0.017883244592416282
149750,0.000598036683127921
149751,0.009562924361877553
149752,0.00017157438171945774
149753,0.0012063120956752808
149754,0.026164012648913333
149755,0.0512599573649559
149756,0.0003147929268731571
149757,0.03524018029586945
149758,0.0004087980739055454
149759,0.9955214435554746
149760,0.00042190189293757194
149761,0.010939569574639627
149762,0.0018659239518106713
149763,0.00037244219913746705
149764,0.0003629954841336896
149765,0.0004078556179422137
149766,0.004024924366415242
149767,0.010245451583194407
149768,0.002358733920090136
149769,0.001268000842981303
149770,0.0001664968152245519
149771,0.003528180743787765
149772,0.00024042172816456813
149773,0.0007103244805763234
149774,0.00024282474751224188
149775,0.0009754126857073449
149776,0.0049154893840392235
149777,0.001472800110324296
149778,0.0068270917052229325
149779,0.1969743118335121
149780,0.0012085163098911119
149781,0.006354540716745644
149782,0.0004691809760520351
149783,0.004463414380987114
149784,0.03665424459765793
149785,0.0003236742890639468
149786,0.9822382985911654
149787,0.001066746644388988
149788,0.0004202712780289886
149789,0.00041376710342721243
149790,0.0003338660231753922
149791,0.0066849273118341985
149792,0.0004078355264585441
149793,0.00029229190115104395
149794,0.0005771684913450092
149795,0.0014342962760323776
149796,0.00010101817757879845
149797,0.002028391988775158
149798,0.000610850727991958
149799,0.012617899794146594
149800,0.013523784428827937
149801,0.00024807782445483885
149802,0.0004690572003259454
149803,0.019853967504972155
149804,0.029436225280351096
149805,0.00029112102721981313
149806,0.029200161126150433
149807,0.001887153374990686
149808,0.004764325570422842
149809,0.0003141922942404506
149810,0.0009500889494576406
149811,0.003988086129335471
149812,0.0053607365361147356
149813,0.0008687644659772101
149814,0.0022717812524246177
149815,0.0045208070770777035
149816,0.0008524858419992985
149817,0.0030341285941519586
149818,0.0007396310701939695
149819,0.9925842743360734
149820,0.9936248916660246
149821,0.00031062283454449653
149822,0.00017980352485026449
149823,0.00021886353194038122
149824,0.0012900235454553189
149825,0.0014740008697465056
149826,0.00030691732080299666
149827,0.0005368843357601025
149828,0.0004275910509837238
149829,0.00034181607158928137
149830,0.1642704264990083
149831,0.0025403417392774936
149832,0.07852076839298076
149833,0.004488709745315764
149834,0.019284710389294697
149835,0.0004588034712752701
149836,0.0003668773339087123
149837,0.006622183787794769
149838,0.027942701673502858
149839,0.0007359243843129794
149840,0.0008942343924190335
149841,0.006808997305372288
149842,0.005944208230232604
149843,0.0005344980835482699
149844,0.0012617418013829006
149845,0.004808618457405276
149846,0.05279477309279513
149847,0.00023103170591522312
149848,0.0018446714907942477
149849,0.0026336421359690393
149850,0.000807581637484032
149851,0.07362386343549264
149852,0.9903885311406823
149853,0.9962978598670494
149854,0.0011490178546305816
149855,0.0016449211631946953
149856,0.00021986561109737658
149857,0.9824720205517933
149858,0.00017694332719997514
149859,0.00025101989741635244
149860,0.0031632047944919663
149861,0.0003438334481733228
149862,0.00028642588389224014
149863,0.013208631905651295
149864,0.0007798741708198611
149865,0.000286353427697607
149866,0.00243189878380859
149867,0.0029528723518395202
149868,0.00015285976727759853
149869,0.00025285584531431525
149870,0.0005924049924549011
149871,0.005829390397689786
149872,0.0006519605883009857
149873,0.0022649205660082196
149874,0.0006322427711544179
149875,0.0003336972251583591
149876,0.9893398491123211
149877,0.00031342961631970604
149878,0.43789334840695077
149879,0.0005971035696903824
149880,0.018821387492106607
149881,0.018172141974499238
149882,0.004662431433417642
149883,0.0012277995067743349
149884,0.0005779750988507488
149885,0.0013635232553073748
149886,0.00028870419456500975
149887,0.000853513520136808
149888,0.8413773644674154
149889,0.00035903797070740073
149890,0.000651636482026614
149891,0.97791382418219
149892,0.0006966917012293306
149893,0.00039427509227459354
149894,0.002347614004279295
149895,0.00033855621837518876
149896,0.0005446081134438165
149897,0.005050598668974362
149898,0.0031311358365680793
149899,0.0005807385309173963
149900,0.0004456328123204017
149901,0.001751184969764297
149902,0.0007898638935886887
149903,0.0014684387142747724
149904,0.008975686696010551
149905,0.0006567597695613224
149906,0.9934473263676524
149907,0.17164888530940667
149908,0.00033309582260456665
149909,0.0029920799939960455
149910,0.005633529305885452
149911,0.00026812584702401963
149912,0.020969644047829108
149913,0.9881235289211169
149914,0.0005402245683578735
149915,0.00018102667411751874
149916,0.0009776868341200662
149917,0.00246540429090377
149918,0.8438288983211746
149919,0.0010969126181983625
149920,0.7549622293539657
149921,0.0005128717404532424
149922,0.001291672197149286
149923,0.0006621372571801419
149924,0.41057103385276084
149925,0.0003926597973383689
149926,0.001126011406828161
149927,0.0008755650420605115
149928,0.00035076070098750164
149929,0.9901579903284577
149930,0.0012233626474766682
149931,0.0006670998080309286
149932,8.467344769392317e-05
149933,0.0007168942265816453
149934,0.002020494560883979
149935,0.00037359378641085156
149936,0.0005677052967670858
149937,0.0009629395594518867
149938,0.0010520732947539213
149939,0.00928408467038664
149940,0.00037726628962774737
149941,0.9797716290182841
149942,0.0005047314638840762
149943,0.00013252057649509888
149944,0.00018071685357810637
149945,0.0004615840912817276
149946,0.00012236324747813383
149947,0.012007080136984693
149948,0.002793704185970493
149949,0.0024514642970934635
149950,0.026661139746622868
149951,0.00017685648648534767
149952,0.0036701165520474895
149953,0.000579000476307454
149954,0.0024195388230438173
149955,0.0003162939447250167
149956,0.00803697653983359
149957,0.006288972919905087
149958,0.0001606600774061745
149959,0.49716536485043467
149960,0.19118151201955338
149961,0.0009039482534214
149962,0.00030432375502500037
149963,0.0005233372752378942
149964,0.0004694255077003947
149965,0.0003423443277621886
149966,0.00016692748092504969
149967,0.9819191631701379
149968,0.0006357246593871998
149969,0.003430994590403545
149970,0.0024190033858824535
149971,0.0005410011096889578
149972,0.00031824911026558106
149973,0.0002345882840660997
149974,0.9947731736491929
149975,0.00048432034150794063
149976,0.00041584348762662717
149977,0.0009874221018795184
149978,0.0003495224551344813
149979,0.0002961579319073852
149980,0.0012262493253598987
149981,0.9959482422675009
149982,0.005838382034682819
149983,0.9509869145017632
149984,0.0022476891973931446
149985,0.000293189820645591
149986,0.00043362699136150097
149987,0.00021583094867973234
149988,0.0003035210510483803
149989,0.02794136750086807
149990,0.008518010794279265
149991,0.0033029872855811033
149992,0.0004965368553430818
149993,0.9758368213860246
149994,0.00044972009418433137
149995,0.0004728429849355368
149996,0.0005600972447777872
149997,0.0002687028677728389
149998,0.00017945482794287963
149999,0.0002819305499318001
150000,0.0008848932205409757
150001,0.0017340104637351308
150002,0.0003027566434024989
150003,0.00109939652670506
150004,0.0024365115411406203
150005,0.0011520970689114297
150006,0.00030739056673827274
150007,0.0025467838534948754
150008,0.0296250860357484
150009,0.000522513264998651
150010,0.001875938126893417
150011,0.000688817185549825
150012,0.0018882107245835307
150013,0.00013415527904689603
150014,0.000634269618804616
150015,0.0055058241447041465
150016,0.00019659004030994043
150017,0.013499108208104448
150018,0.09732887763963419
150019,0.0030758694359070515
150020,0.00023113221789214825
150021,0.01649787292156724
150022,0.00013337090224203613
150023,0.0012570154374092037
150024,0.9943477106971129
150025,0.005255568260262757
150026,0.010087729813467889
150027,0.00026912994606807637
150028,0.987838867095007
150029,0.9911552630038114
150030,0.0003396889476752692
150031,0.0004079940311866464
150032,0.001388569494741499
150033,0.986676037768876
150034,0.0009663093553447092
150035,0.00026854866822744757
150036,0.00025015680673851385
150037,0.0016485058711171847
150038,0.00044140074693952905
150039,0.0004992036077199492
150040,0.0004208902402050769
150041,0.04745502721803296
150042,0.9810923309981258
150043,0.9845681583733811
150044,0.0008757496014962403
150045,0.004931044990535775
150046,0.001052094827696401
150047,0.0002674372208486624
150048,0.023609987897291258
150049,0.01624668410212279
150050,0.000739535890659597
150051,0.0012437545928401267
150052,0.0005034321860502412
150053,0.00215693988280382
150054,0.0007886358958342632
150055,0.006574402038778037
150056,0.004258951008592376
150057,0.08359585992173325
150058,0.9965925278476444
150059,0.0006740587446669823
150060,0.00024304739967841846
150061,0.006952268397439466
150062,0.151325693742653
150063,0.00028038714755380923
150064,0.0007217630538108842
150065,0.00047263242764796696
150066,0.00723691664009072
150067,0.03012014250300193
150068,0.000293536923744271
150069,0.0997534148758517
150070,0.00039057411462879835
150071,0.0003908582577834012
150072,0.00018619180704129154
150073,0.00033504549156878916
150074,0.0005240539447689054
150075,0.0014700293193217347
150076,0.1537426435534405
150077,0.0016632532470063528
150078,0.0038572412991943485
150079,0.0007235150782691584
150080,0.0005993540323127321
150081,0.0016392262994655597
150082,0.00016033139405148436
150083,0.00043048988518640957
150084,0.9905640928173889
150085,0.00046469050188719497
150086,0.0011631555160203325
150087,0.0011007123034007858
150088,0.0006321132822849811
150089,0.00016011849002717867
150090,0.00971196573569364
150091,0.0004425569364954446
150092,0.05238463191506972
150093,0.008907607787153701
150094,0.011753228728374603
150095,0.00017836113442768527
150096,0.0002597775252629473
150097,0.005165138614294159
150098,0.002298994630035229
150099,0.00012291743653305003
150100,0.014564637553548464
150101,0.001323510145851829
150102,0.00011481401017851717
150103,0.005793207015452567
150104,0.0004788946739926683
150105,0.0004672169404073266
150106,0.00813027288869222
150107,0.0022274242107364604
150108,0.006288311775563353
150109,0.0019660892405555346
150110,0.9840081131076437
150111,0.00038063379050429127
150112,0.006167445461912553
150113,0.00038202944840418903
150114,0.0004941443880397869
150115,0.003089192926796207
150116,0.00039613015313957835
150117,0.0005574529731370621
150118,0.0039679979851226285
150119,0.7304651072086512
150120,0.0005586681393869986
150121,0.003405827462870063
150122,0.0001969291548924507
150123,0.0004946658146226603
150124,0.993554840939457
150125,0.0011859853591954241
150126,0.0027887921768891006
150127,0.007391748971060099
150128,0.016605456127970795
150129,0.0016897149293691174
150130,0.0003905641882862453
150131,0.0004069937136033088
150132,0.0006033567263913334
150133,0.0006554049201180349
150134,0.0013487920841591193
150135,0.0001492930574228458
150136,0.9773009763986922
150137,0.0003166246633811926
150138,0.0002928386346169267
150139,0.991302548884934
150140,0.0014063882074928792
150141,0.0006448629202712804
150142,0.0005748433918672239
150143,0.00037364606108745757
150144,0.031491248857918604
150145,0.0019449618416913124
150146,0.00031237108359255755
150147,0.0004576672633776464
150148,0.0018676329951565018
150149,0.00014057017883409138
150150,0.0009020956995541264
150151,0.00024905223343163967
150152,0.009074878888121944
150153,0.9061633534455754
150154,0.0001567472304165343
150155,0.010424733899024673
150156,0.002888813506836243
150157,0.001301145837437803
150158,0.9951723200262051
150159,0.008931408847605106
150160,0.0005333956657799926
150161,0.22677284410676168
150162,0.0017518434861077336
150163,0.0003786143170890335
150164,0.0035398128263202325
150165,0.00028861459882636336
150166,0.9885775843587407
150167,0.0006804257651553963
150168,0.01888984844814908
150169,0.0031458684916656674
150170,0.00021538775599925258
150171,0.0004921755348799114
150172,0.0002824913432189139
150173,0.9829536519586195
150174,0.0024097122141202142
150175,0.00017873739748018884
150176,0.9786210815854348
150177,0.0005276844388899937
150178,0.0006668224706283743
150179,0.0035084292603433623
150180,0.0018935797338454387
150181,0.00019926199259974437
150182,0.04121110999611636
150183,0.0017051126989751086
150184,0.0009283484396307691
150185,0.0008760284293029472
150186,0.0003432524015320742
150187,0.9805717311439017
150188,0.011367912862830799
150189,0.012092146057916212
150190,0.0007568618227650154
150191,0.0010693169937084645
150192,0.0007659835740936119
150193,0.00018935402128008601
150194,0.06951131786648702
150195,0.9931505358713307
150196,0.07431587660391645
150197,0.005191273356567229
150198,0.00044203238610199844
150199,0.000667172834237158
150200,0.32250851687189463
150201,0.0019935535665273688
150202,0.00029381735387968617
150203,0.005457147423771778
150204,0.00048731356610833996
150205,0.0004832913329278347
150206,0.00025427933496628414
150207,0.0007674303703333217
150208,0.0037804145368488785
150209,0.00016536529739719777
150210,0.001672118729532498
150211,0.0016688484163552971
150212,0.00016740911120270783
150213,0.0032719273004433885
150214,0.00031278958127758716
150215,0.0003834317492777325
150216,0.00031207330500719995
150217,0.0006437183067396689
150218,0.019171070960023108
150219,0.025589956674367125
150220,0.0003651000128806661
150221,0.004295317144917572
150222,0.00038863156130918366
150223,0.007159068084348792
150224,0.0024451716173343554
150225,0.0006612033145406321
150226,0.022177434699849227
150227,0.000794131334122387
150228,0.015880102228368297
150229,0.0003430743760114459
150230,0.00027294275504398955
150231,0.02026224217004481
150232,0.00028863532945702316
150233,0.0004806804527937307
150234,0.0005605133851835009
150235,0.0005651547798680212
150236,0.0003784589663828634
150237,0.0006496408735107022
150238,0.9885776321329696
150239,0.9895671840853277
150240,0.016349410977292107
150241,0.04259212385390805
150242,0.0010867473777603773
150243,0.025855702030906393
150244,0.00021251151462912246
150245,0.00041790477253052667
150246,0.0001904289122140716
150247,0.0012301775499182484
150248,0.0004016066907292969
150249,0.0004671270630236211
150250,0.004443871832604074
150251,0.002480608498753214
150252,0.0008054047006758667
150253,0.9938103057575802
150254,0.0007187862798261633
150255,0.014252168083268752
150256,0.987333984146312
150257,0.000295857504905771
150258,0.0006927016585916867
150259,0.0036770881507808186
150260,0.0004947360800802461
150261,0.0003236704880668187
150262,0.0008461222139658267
150263,0.00024006173650741475
150264,0.00018359344162147373
150265,0.04184573777694991
150266,0.0045411228031673285
150267,0.007075661072725412
150268,0.9789171506202886
150269,0.0016441142188489183
150270,0.4074233101740891
150271,0.9914015086590745
150272,0.0012697447807598842
150273,0.9966127194942636
150274,0.0008857865585940888
150275,0.001550122299573282
150276,0.0007784775125083154
150277,0.00046815213572988984
150278,0.0040915775192984245
150279,0.0004452139821494867
150280,0.0004436003513341651
150281,0.000742984950894027
150282,0.0019427429866788973
150283,0.0005339141332400222
150284,0.001871347985519507
150285,0.0035487448790772567
150286,0.013864267594890772
150287,0.020346064269901067
150288,0.03411292471922897
150289,0.0003479759757642085
150290,0.003428185387249342
150291,0.0004399426576471784
150292,0.9851936869959027
150293,0.00025128463119259494
150294,0.03558580466974146
150295,0.001187574075445341
150296,0.004308769793907773
150297,0.006152109105990668
150298,0.0006680857321340205
150299,0.0009627477105455931
150300,0.00037270677448422246
150301,0.001438142095222882
150302,0.0014254994257440964
150303,0.0002825147424286713
150304,0.04269477118650449
150305,0.0017589332278186176
150306,0.9948409502367952
150307,0.0002738554527462018
150308,0.0015790046620481688
150309,0.00027714067392161485
150310,0.002858904946535621
150311,0.00043552512088159697
150312,0.006307376908382694
150313,0.0005816319994886411
150314,0.018762714878744886
150315,0.0003302401472014417
150316,0.00019640825090463718
150317,0.0011067436406314224
150318,0.0005116525024589081
150319,0.0003786082285208286
150320,0.004093408202229054
150321,0.5342874045111253
150322,0.03178548993737349
150323,0.00027179490917589896
150324,0.05529077216827795
150325,0.00048745932210193506
150326,0.990211987661706
150327,0.007807313214927597
150328,0.10568190984395961
150329,0.005389886366051842
150330,0.00025999892638804326
150331,0.0013233215234273426
150332,0.000795109590747146
150333,0.06607865840253217
150334,0.00016594121127363245
150335,0.985601177008256
150336,0.9857959161013019
150337,0.0021943250692477885
150338,0.00313549927368137
150339,0.01398782412558103
150340,0.00032420125218799074
150341,0.0008856228442696056
150342,0.00038234817195901096
150343,0.001215277574280323
150344,0.0015061069758165757
150345,0.9889836888036462
150346,0.007031608105914907
150347,0.00041119039123375175
150348,0.0012642342861679146
150349,0.8343000429746973
150350,0.0002948597073764377
150351,0.010494592824154254
150352,0.011767250108615497
150353,0.0004627778883720687
150354,0.00024056668460187018
150355,0.0021709553100837413
150356,0.0011116047742183916
150357,0.002400799492522499
150358,0.00028003579135476507
150359,0.0004266824022737398
150360,0.002478327601869773
150361,0.031968257362802524
150362,0.0007682801842693854
150363,0.0003295648404368946
150364,0.0018604576777718157
150365,0.0017626111830961137
150366,0.007171959683998882
150367,0.0008031202286761693
150368,0.0015760792812734878
150369,0.00023245410943266423
150370,0.006202143632244733
150371,0.009047085572922694
150372,0.0002534865514055682
150373,0.0011508932004448678
150374,0.0004610273416947247
150375,0.0004870647916458986
150376,0.0031785227514892576
150377,0.00024707072224751706
150378,0.0022492725108386614
150379,0.0001369476628567392
150380,0.0005930115165923469
150381,0.00035035682110190014
150382,0.9884029964107779
150383,0.00039030196869767943
150384,0.013222555888814472
150385,0.0008070344689259489
150386,0.0011618418048901253
150387,0.0059153762105783195
150388,0.013301848907688226
150389,0.0006922379451982711
150390,0.007625577902325401
150391,0.22536636542865757
150392,0.0009703381851230029
150393,0.9795772274355141
150394,0.00041295389574540935
150395,0.989512229168723
150396,0.0005702310170480919
150397,0.0013112574959579812
150398,0.000206568651520351
150399,0.00015570985799142728
150400,0.000793154509869964
150401,0.00026483887013660235
150402,0.022022748233469076
150403,0.0005585722582456559
150404,0.000634871564833956
150405,0.006780564051627928
150406,0.0765878443552463
150407,0.00038949293383949213
150408,0.985491636811933
150409,0.9840455829621841
150410,0.0017022880793961684
150411,0.0010938213841059966
150412,0.0022743377099808107
150413,0.00034701767649869737
150414,0.0009265843643494895
150415,0.0005893520674675703
150416,0.0014709718465794077
150417,0.008034459261467945
150418,0.0010251741398701621
150419,0.009721877914537864
150420,0.0002129304480440014
150421,0.0020798825600910637
150422,0.00029026737858300173
150423,0.0009600050418770333
150424,0.0001278058399139127
150425,0.0009623907069507172
150426,0.001669387475780186
150427,0.00038597038883167944
150428,0.0006259657417990544
150429,0.0035423501525338767
150430,0.00042200970591699195
150431,0.010807943990138758
150432,0.0002961338945649486
150433,0.006083738461069112
150434,0.002841280429127662
150435,0.9817558543953729
150436,0.0003573623553472756
150437,0.00025941614839318
150438,0.0012732413383600505
150439,0.0008794478283556212
150440,0.0015203431837733303
150441,0.00031578008336757433
150442,0.00023628681034094096
150443,0.0009238475815324379
150444,0.004838073652732733
150445,0.000852884161607561
150446,0.0004761406177657547
150447,0.0006015641732132564
150448,0.00042816511442957567
150449,0.8150575568112354
150450,0.00020645377307174035
150451,0.0003290934092405116
150452,0.00038763514542842803
150453,0.000205493067688913
150454,0.012089084112628793
150455,0.04024359646465635
150456,0.0008016352218544922
150457,0.00969851492367934
150458,0.0003006398048919358
150459,0.0002932781976120244
150460,0.00011817401345531788
150461,0.020996541530210414
150462,0.3734792167713663
150463,0.00032996528432783687
150464,0.0002992762713607514
150465,0.9449809772042168
150466,0.0001945312189742913
150467,0.00031328372988218695
150468,0.01675305054265289
150469,0.0009808523755036962
150470,0.0034010827851704358
150471,0.0005398534500068446
150472,0.0003462330199529087
150473,0.005043412904958953
150474,0.002322279722155815
150475,0.0005480409138071996
150476,0.00025342516374306766
150477,0.3146971468079277
150478,0.0027268980208627574
150479,0.0010188483056660076
150480,0.00043808437069678245
150481,0.016398242894227172
150482,0.0005588468205993154
150483,0.0058591502099636945
150484,0.00044388203812570343
150485,0.8224056337610574
150486,0.001757157384571493
150487,0.0013556290339031382
150488,0.003986634051477329
150489,0.0026235317259435138
150490,0.00031401050269195424
150491,0.0003231092396918587
150492,0.0010686359697386872
150493,0.011388630314672927
150494,0.988959958527062
150495,0.008634804804470536
150496,0.00041881895361167856
150497,0.000689727034811308
150498,0.0007916121206477682
150499,0.0031004537986349784
150500,0.0012532524223019105
150501,0.0008420323167595071
150502,0.0003471089585735924
150503,0.005304061162066179
150504,0.00042093676856383926
150505,0.983540934959084
150506,0.0002580377985965212
150507,0.005579158545163679
150508,0.0009707081325439543
150509,0.0006952576996869838
150510,0.9887868166225612
150511,0.00027999485122584734
150512,0.016049046922309216
150513,0.0003138315930211825
150514,0.0003576201359721153
150515,0.0032074837823413823
150516,0.00013074188310306032
150517,0.007364950174553995
150518,0.00029471079667817054
150519,0.0008836805056345778
150520,0.00034123572137982405
150521,0.00022703474497438793
150522,0.003484315081890102
150523,0.0008695794194509198
150524,0.000341268667227979
150525,0.006794375673077523
150526,0.05057648353848733
150527,0.011675027078660418
150528,0.0023441736128052668
150529,0.0030727057088991597
150530,0.00021479246727593306
150531,0.0008829496580845171
150532,0.0011210096318741295
150533,0.0031653471110268624
150534,0.029350735452838714
150535,0.00019075486682161826
150536,0.008076988519194767
150537,0.0003365285302261091
150538,0.9949879056207006
150539,0.0006941839087591516
150540,0.00021705644962496183
150541,0.00026904847946696486
150542,0.0003038963211543866
150543,0.0058620172668012544
150544,0.994358667764635
150545,0.0037591176169479495
150546,0.001964975635299831
150547,0.00037754353128964253
150548,0.984363790641944
150549,0.9854388342299624
150550,0.1355980427779573
150551,0.01510861134219356
150552,0.0002897343217799691
150553,0.08434274693941678
150554,0.002085242678986308
150555,0.000777829764813987
150556,0.0007408032210737094
150557,0.0004906011817902347
150558,0.0030901571113784165
150559,0.0002461971905272625
150560,0.8968843371366892
150561,0.00031350031749300013
150562,0.00022257634488070583
150563,0.0005223897955209168
150564,0.0021797951353801012
150565,0.00018276212753446343
150566,0.0009026965538093322
150567,0.000326551291891349
150568,0.9941105158539676
150569,0.9829882524503055
150570,0.02980182023491227
150571,0.023773370429868615
150572,0.021394648836281244
150573,0.004442938192889368
150574,0.0005962605171723744
150575,0.00041444570117803875
150576,0.0002426568474312638
150577,0.9935655656903609
150578,0.0029213924827587094
150579,0.006191268420403829
150580,0.00025983038367363503
150581,0.015796355422103503
150582,0.0002871885159488577
150583,0.0025543284923833726
150584,0.00015032331536055148
150585,0.019330412666566432
150586,0.001114181311956757
150587,0.9950878694850119
150588,0.00020334609264304515
150589,0.00037023593155258855
150590,0.001975684425272359
150591,0.0008966633104264308
150592,0.0008545570228999793
150593,0.00035623015001492135
150594,0.0018564470839234576
150595,0.0004829237232777108
150596,0.016941926941018953
150597,0.03311521070747789
150598,0.008355923471490662
150599,0.00655233166527602
150600,0.0007397515299628134
150601,0.0007225697580009626
150602,0.0017812504029948142
150603,0.0027722247938015243
150604,0.0030005496814367615
150605,0.00032687985089880066
150606,0.0001786433367169421
150607,0.0013336857281229428
150608,0.0003145140211607633
150609,0.00015253796430918652
150610,0.001209085637285125
150611,0.0004651228312418532
150612,0.00028821456921323326
150613,0.00029471421013176454
150614,0.0030347188364046713
150615,0.0005051644646243053
150616,0.0016473535409686246
150617,0.037283567587681705
150618,0.0013860807577100065
150619,0.9871205385792555
150620,0.0012726828545829845
150621,0.9247689957633873
150622,0.00023092233292097803
150623,0.0002689150085430006
150624,0.00382491902908183
150625,0.018635295110384725
150626,0.000895786573324073
150627,0.0006468005148114789
150628,0.04578794062276943
150629,0.001184214436153369
150630,0.0003197146470449662
150631,0.9968077942968586
150632,0.00022952974626226915
150633,0.05901837522096549
150634,0.0007429315838085519
150635,0.004079961887134006
150636,0.00026174839864603503
150637,0.001564640562359771
150638,0.002743955869917607
150639,0.9941801888450073
150640,0.00036668405597434174
150641,0.0008032788343990017
150642,0.007543510509799622
150643,0.0005098731554493599
150644,0.00026425715986654665
150645,0.8372168568931956
150646,0.995851955474349
150647,0.02655382579177235
150648,0.9889804973859457
150649,0.0003266128259169537
150650,0.00018897048547460962
150651,0.0005033581961025168
150652,0.00046901936512252243
150653,0.0002602553402543794
150654,0.00027985219836344744
150655,0.0019570857262426852
150656,0.0003273255335779088
150657,0.000226682014924211
150658,0.0006780825203936858
150659,0.0005766328017786176
150660,0.8758755665091609
150661,0.991816435925414
150662,0.011969786116610422
150663,0.002254255871793308
150664,0.000214384639225531
150665,0.0002521689631291022
150666,0.00017500538743460889
150667,0.0002751115570025163
150668,0.00025301485845866096
150669,0.014522316058448708
150670,0.0026235787099082876
150671,0.004324954315624885
150672,0.0005577611161338721
150673,0.0001693980991706981
150674,0.022855261019362052
150675,0.030460369192641154
150676,0.0005862647040796967
150677,0.004570573068799874
150678,0.011833955721942914
150679,0.011911192361638087
150680,0.0020214709201776923
150681,0.000488970635432869
150682,0.9743236978312929
150683,0.0003798064565472472
150684,0.9877592871629762
150685,0.975114451380134
150686,0.001324249175853244
150687,0.00025306870737077465
150688,0.9931736062906635
150689,0.00019936026759391522
150690,0.003197669371482655
150691,0.001035977932450516
150692,0.0005813590007393595
150693,0.00041135782278117105
150694,0.00017788798582612326
150695,0.003513418396776807
150696,0.00033123341111645593
150697,0.14060244369047137
150698,0.003617733567280274
150699,0.0010775355891818705
150700,0.010693684827053414
150701,0.015481095300166767
150702,0.00022956387670860438
150703,0.0005946743012928845
150704,0.005178126290374121
150705,0.005616220724315371
150706,0.00016378621927406467
150707,0.0012493563807436184
150708,0.00036964798055929724
150709,0.004322439632673213
150710,0.00042313271191095266
150711,0.002520797164192641
150712,0.0001966464355445667
150713,0.025672558177154928
150714,0.00037501645831914364
150715,0.015377832044734382
150716,0.00023325093621873638
150717,0.0014111029831594339
150718,0.01689043031657797
150719,0.0015049850073222846
150720,0.3663286859546888
150721,0.9869271404364761
150722,0.9637478921707336
150723,0.0011859271517322993
150724,0.09680944993072953
150725,0.9890970005004617
150726,0.0008828637419773896
150727,0.0054518453309157534
150728,0.017572782598970205
150729,0.00047604463305255624
150730,0.0003750113309967527
150731,0.0005568156150732648
150732,0.39420097167813684
150733,0.002822083791277748
150734,0.0004093798453628007
150735,0.015596655757230729
150736,0.00020294959769800026
150737,0.0011053114322573667
150738,0.12534213471469957
150739,0.009945537396989567
150740,0.0003840350770948518
150741,0.0005455076149351673
150742,0.003752773395711294
150743,0.7314880216300874
150744,0.0005514397367561421
150745,0.007267845072317313
150746,0.000513903903010786
150747,0.00020794792313879286
150748,0.0005752211531891376
150749,0.00026930091070532565
150750,0.0019526184507152222
150751,0.0060980571827532306
150752,0.000469688575016026
150753,0.0008577480192971976
150754,0.0010841541212256993
150755,0.0005042972096990694
150756,0.704929660081267
150757,0.00019040404196605455
150758,0.0002676384319682599
150759,0.023020102893298564
150760,0.0011378955109207533
150761,0.00028742255169843256
150762,0.0008578226844777632
150763,0.00015273978160183004
150764,0.002052601916288893
150765,0.004412479793137409
150766,0.0003805520396625912
150767,0.013354434392986954
150768,0.0006076545413163627
150769,0.0052939307900773435
150770,0.0005031448980973415
150771,0.0008720481607229464
150772,0.9602876778283768
150773,0.0004887636018555529
150774,0.0002621109288643815
150775,0.0013889393977625714
150776,0.05078931210296358
150777,0.0001283486397335891
150778,0.9908989092213836
150779,0.0059450791818180596
150780,0.001420452048591135
150781,0.007588281402247905
150782,0.00044221099588149566
150783,0.00038352257028038755
150784,0.00014426291734881183
150785,0.014223752159452513
150786,0.0009163531822526665
150787,0.00021182639007788674
150788,0.0009296190632180688
150789,0.00021706434189632974
150790,0.9622932654022134
150791,0.008260785680716545
150792,0.0006467880331224693
150793,0.001313424077833702
150794,0.0015145634542399488
150795,0.0007367786064458607
150796,0.00014405118547645198
150797,0.01738696709969334
150798,0.00041428015329786095
150799,0.0018947865148393867
150800,0.0014470250021695525
150801,0.009943920834308399
150802,0.0002888732007229397
150803,0.0006208650673488132
150804,0.00022357423431260313
150805,0.0005677421764067472
150806,0.0009007438805871556
150807,0.0002656234127449181
150808,0.0003932673057444343
150809,0.004279130787031013
150810,0.03638157525694191
150811,0.0002476581346591105
150812,0.0003520227222567604
150813,0.0004590216112516209
150814,0.0003513155249782002
150815,0.0023719793162124557
150816,0.0002050311969592896
150817,0.0012356748507632825
150818,0.0013275391922891932
150819,0.010480397046465674
150820,0.0002351459960825126
150821,0.00019835246802990986
150822,0.0005345271393036912
150823,0.0011237153824995992
150824,0.002746946415671585
150825,0.9773023729661839
150826,0.0006922187701472223
150827,0.0016089770519439365
150828,0.9910074306609261
150829,0.06013996375944534
150830,0.0009466566117212301
150831,0.0003279571994682736
150832,0.0005025664298923925
150833,0.000733068811365298
150834,0.0035864882591073455
150835,0.0003843917529587349
150836,0.00027591649194272697
150837,0.9254231487923757
150838,0.988071130679702
150839,0.00679722688634577
150840,0.0011428895483716443
150841,0.0005580382578466623
150842,0.014504063378743421
150843,0.0015499397205189192
150844,0.0006631822498187771
150845,0.009804113336712201
150846,0.9918715809786658
150847,0.001253989542909572
150848,0.00022109526794358562
150849,0.003495654342623861
150850,0.015448573388788982
150851,0.000835978671756163
150852,0.0004861524798355861
150853,0.749742168281318
150854,0.8819261483562824
150855,0.0012692622590724653
150856,0.024517517380423993
150857,0.9876353012770165
150858,0.2346728205842655
150859,0.9899904773357829
150860,0.0013900570137729644
150861,0.000867045178915627
150862,0.02845691911574142
150863,0.0017558613107573847
150864,0.00047517398043203744
150865,0.0002939095693861764
150866,0.0012468632153999073
150867,0.00043143386750175137
150868,0.0005757238177646971
150869,0.00024775590388137513
150870,0.0012160031380891102
150871,0.0005337008141847087
150872,0.0007684695603904354
150873,0.0680729837448009
150874,0.00017497234584680816
150875,0.00042233398010158474
150876,0.0005790280027122985
150877,0.00016347130774884062
150878,0.000502947139877141
150879,0.0005234806208815118
150880,0.0002033923882730987
150881,0.00017678381541486954
150882,0.0002463697321663352
150883,0.00076752934310861
150884,0.0002794999921560225
150885,0.01868784343100105
150886,0.002745071313356437
150887,0.00033007456930083756
150888,0.0016202706429437246
150889,0.0032439297341636574
150890,0.05656275988448523
150891,0.0011928993665331076
150892,0.007233463380241136
150893,0.0002451799019088952
150894,0.9629891189475068
150895,0.00043139903993301166
150896,0.0006424020355897466
150897,0.00021816937499513555
150898,0.9916194894126666
150899,0.00251590476291401
150900,0.001272012391889708
150901,0.00021468836140185973
150902,0.037540046170853714
150903,0.0006781992048324741
150904,0.0016868404485227964
150905,0.0006564864483352687
150906,0.0002488951246873335
150907,0.00034383686923083345
150908,0.9891150807219681
150909,0.00045780213314862477
150910,0.0032795265533689484
150911,0.0006265411339927608
150912,0.0003569373274014043
150913,0.023574272476789795
150914,0.0033370434238763585
150915,0.018299939221420262
150916,0.9482491899690492
150917,0.0008347184064752043
150918,0.0006906543739173377
150919,0.015609070490881274
150920,0.000258188689524795
150921,0.0011860157970063163
150922,0.00034686699527643135
150923,0.0027169150928029093
150924,0.13752815852712302
150925,0.0017155737620141403
150926,0.0007227492617785469
150927,0.0017148778225245253
150928,0.02070127121809057
150929,0.0010204078798109128
150930,0.005685922933732232
150931,0.00018722923424620703
150932,0.0029465775865775362
150933,0.003934043206240367
150934,0.0005865209686566548
150935,0.00042625153229537287
150936,0.0007587935535205664
150937,0.001037381282199818
150938,0.0012750685950861484
150939,0.0011287735559746897
150940,0.0003206565094861123
150941,0.0007328494491281127
150942,0.000466495469186832
150943,0.6207070414566015
150944,0.02915034749320377
150945,0.001006122268104456
150946,0.00012717993384931946
150947,0.0003090096881369166
150948,0.00049938407853453
150949,0.011001763396192384
150950,0.001666946496283253
150951,0.0009524667504122092
150952,0.990475814142695
150953,0.0003104731713809879
150954,0.9756634907748662
150955,0.0016844588384498556
150956,0.019025141694773567
150957,0.016726751138674466
150958,0.0019036636349477646
150959,0.0004131224295411212
150960,0.007506670493739568
150961,0.00033270861417657567
150962,0.0008099493981023104
150963,0.23790534850239756
150964,0.0021050326429117505
150965,0.0004037382236840546
150966,0.000994090006728191
150967,0.00021655002682227626
150968,0.0002595206425589042
150969,0.00044720622398445567
150970,0.0002834285927580339
150971,0.0003432407494173175
150972,0.003489970657290798
150973,0.06307232828734077
150974,0.0005762772075912386
150975,0.007474384921769772
150976,0.001178739738331917
150977,0.0005357209819547547
150978,0.00029328176565934224
150979,0.00017396842527000157
150980,0.008979741831409241
150981,0.0007526180675865011
150982,0.9203148555130345
150983,0.0010122909317449157
150984,0.0011504219510491789
150985,0.0004350172052799843
150986,0.001313672484874229
150987,0.0005781275141857221
150988,0.001098828048440628
150989,0.031219158838236463
150990,0.9833250047040013
150991,0.002520038956328233
150992,0.0005053839308907841
150993,0.9369398251103727
150994,0.0002602309145956347
150995,0.990747482664291
150996,0.0016935417103969464
150997,0.022728653426377823
150998,0.18542362633155393
150999,0.00019676008130102028
151000,0.00035256085594309177
151001,0.0010229136108979321
151002,0.00015745493235458827
151003,0.004404129058834992
151004,0.0005252598209354828
151005,0.0007673708580126187
151006,0.0037036992950891857
151007,0.9746878557537152
151008,0.00016452721973791412
151009,0.0017115948867540282
151010,0.0001316660401909789
151011,0.0004365677290212087
151012,0.030247226835919003
151013,0.01434096913034195
151014,0.00041173470777149926
151015,0.0008833377955660994
151016,0.00017244565694082004
151017,0.00030694005046859725
151018,0.0002989559538328148
151019,0.0006957133551185239
151020,0.00023486906648284293
151021,0.002949298893987103
151022,0.00021550268098886828
151023,0.00025767193345095613
151024,0.000640284958824651
151025,0.00017891777172327148
151026,0.00017094717406988192
151027,0.023191211702181167
151028,0.0013304912887216866
151029,0.000280030735684952
151030,0.0007151012254667434
151031,0.0010367828045610215
151032,0.0015467799496394646
151033,0.000484753811585973
151034,0.003677880526173226
151035,0.0017688581640471909
151036,0.00045213506483187565
151037,0.0020082757866389913
151038,0.020389414826665564
151039,0.0025737204926655167
151040,0.0017527719655585673
151041,0.0019021454586147263
151042,0.9931162503758616
151043,0.9915572498500556
151044,0.0015824146010428588
151045,0.0006832058155244597
151046,0.0317333379777029
151047,0.00012870840377266748
151048,0.00043242780417829984
151049,0.001030284742117345
151050,0.0002420948678225885
151051,0.0013604584410056933
151052,0.00038128004031872146
151053,0.013981609355504639
151054,0.9905406414170937
151055,0.00031155530051504984
151056,0.00034775813862475587
151057,0.001211045649834486
151058,0.007289586638967254
151059,0.012429590022642096
151060,0.00038535704310600343
151061,0.13432044232263163
151062,0.0003649495647495246
151063,0.0031504653727881106
151064,0.000259795342077267
151065,0.9906068787377109
151066,0.000161224334472051
151067,0.9922427308673955
151068,0.014192800413771068
151069,0.001512434675762775
151070,0.00019189522634570274
151071,0.9903976858796718
151072,0.0003187427262817842
151073,0.00024404626392919167
151074,0.6526726490871012
151075,0.003425211073646634
151076,0.001231908492667888
151077,0.00039781034514665227
151078,0.9895540480180296
151079,0.00016906150197317323
151080,0.0005389700216171939
151081,0.9948416183992926
151082,0.0006449276349672323
151083,0.0003711679054641663
151084,0.00035448979227622286
151085,0.0004379516094053272
151086,0.2879825089499113
151087,0.02463612210023795
151088,0.00015734118712967308
151089,0.0056784018628702245
151090,0.0003708242725320941
151091,0.0037550829202829383
151092,0.008201907861462715
151093,0.010008415419036788
151094,0.0010943431806409163
151095,0.9730451945130631
151096,0.0005691971500028246
151097,0.0003377405893395938
151098,0.00024760693280506397
151099,0.002626602077193211
151100,0.006001425554292063
151101,0.001910271140132436
151102,0.0017641112621847226
151103,0.015034836125518666
151104,0.0026358570131168727
151105,0.002560171098465639
151106,0.020277682344514356
151107,0.00120049603772104
151108,0.0003627571216988879
151109,0.008281299774245429
151110,0.0003537148924784792
151111,0.004294783177428575
151112,0.0025351632495862696
151113,0.0008200258474164188
151114,0.0006806043078116349
151115,0.06205473954701538
151116,0.003364242664651638
151117,0.0004018887014837155
151118,0.0006795096689815787
151119,0.0011165603295011958
151120,0.00042711326689329356
151121,0.0013469601729366404
151122,0.00012068738727754635
151123,0.018079649449121594
151124,0.0002811698220871031
151125,0.9212185335136572
151126,0.0006978302822653398
151127,0.9104865708259915
151128,0.00033946635268685516
151129,0.0005278822780726396
151130,0.0030520794740963456
151131,0.00044970198190763023
151132,0.0008477914142466402
151133,0.03973333153107586
151134,0.0007823941523864237
151135,0.0003563951733418162
151136,0.0005525232128643463
151137,0.03043572574755433
151138,0.0013742749369590184
151139,0.008682188395882508
151140,0.7556181917940182
151141,0.00796353402948368
151142,0.007597952635836113
151143,0.0003279372177338221
151144,0.001126066739693259
151145,0.9590562357674158
151146,0.0002657667776781585
151147,0.0013319752389688822
151148,0.0002638229780177767
151149,0.00025693701452908485
151150,0.00031764829640628755
151151,0.0057716359594871605
151152,0.0004481971123860141
151153,0.0001465830757695609
151154,0.0007033710641833434
151155,0.0399992986938722
151156,0.0004404960084598706
151157,0.930607976462618
151158,0.0008338009145667288
151159,0.0017908471237568229
151160,0.004530821368409885
151161,0.00044419473365719204
151162,0.02985952845580481
151163,0.006095315769396689
151164,0.00018218398075359223
151165,0.004096897455815133
151166,0.0003781842108535913
151167,0.0005079904012069851
151168,0.0055851228209051395
151169,0.0006285030755004824
151170,0.11262139423335239
151171,0.3072805293552467
151172,0.009817884553402979
151173,0.0007014996789509936
151174,0.001015106408771295
151175,0.0004764047308070294
151176,0.0004531660538826045
151177,0.0002850949824882847
151178,0.00043055029436589204
151179,0.0005535975085801969
151180,0.001004460562267234
151181,0.9888857711816508
151182,0.04667459645369084
151183,0.0002576940064311388
151184,0.0005537157063244537
151185,0.005665118639789353
151186,0.003065264138999722
151187,0.004715979619422636
151188,0.0006061912160442197
151189,0.003289453756369678
151190,0.9855991196979685
151191,0.0007118718781945576
151192,0.011599799114756627
151193,0.0007785203533683144
151194,0.0017564951266398495
151195,0.0002176240691163448
151196,0.00014692914154578937
151197,0.9769107036680823
151198,0.00023065461530202947
151199,0.0009023573101482612
151200,0.0003266329521669231
151201,0.09583458387186355
151202,0.000951883625010131
151203,0.001469562466666289
151204,0.0016168875936695922
151205,0.00029162607300786583
151206,0.0003835057836910136
151207,0.0005927285627964834
151208,0.03975652776698887
151209,0.0603560691193848
151210,0.9284522556194799
151211,0.00017393170592743974
151212,0.0006872152121007579
151213,0.01666136751091069
151214,0.00016852770073443724
151215,0.0007473720344893434
151216,0.00039305370360536254
151217,0.0003767591944236378
151218,0.025795554887294757
151219,0.9887381947144308
151220,0.00011486411014850809
151221,0.0004110502827850759
151222,0.000174793064080017
151223,0.0010446610954983166
151224,0.0004734708533712901
151225,0.0009650230202600567
151226,0.1250361632303954
151227,0.0004900461443643992
151228,0.0002476948276610784
151229,0.0006579025147393789
151230,0.000526691175293243
151231,0.0010079405622714457
151232,0.7224457042679121
151233,0.007381323698347888
151234,0.002074083980737775
151235,0.00026286502901295733
151236,0.0016436760191882985
151237,0.000613636724782028
151238,0.012984270203564208
151239,0.00032177070015685115
151240,0.0037132694289093615
151241,0.0012202153677411144
151242,0.1666944282144609
151243,0.00025288285252433114
151244,0.4580534181274268
151245,0.0004552417500486259
151246,0.14958764675681785
151247,0.0039315559386356195
151248,0.0006897054622324512
151249,0.008348876500621
151250,0.677665887788037
151251,0.01968119689959231
151252,0.00019174321786778232
151253,0.013350665614446406
151254,0.006144170227265301
151255,0.003919488419299912
151256,0.000284060098548381
151257,0.001339937122776009
151258,0.989889233445489
151259,0.07753622327830194
151260,0.0006781078583156162
151261,0.0010304292127776664
151262,0.00011561303446544073
151263,0.002888336338849321
151264,0.00041807459936838755
151265,0.00035070813334773463
151266,0.003819269292637899
151267,0.06914391302512148
151268,0.0003681588076737058
151269,0.00020788709809321535
151270,0.0018665370793079239
151271,0.005389398557551871
151272,9.419268769488337e-05
151273,0.9947870201727798
151274,0.02832563822368677
151275,0.009613754702549408
151276,0.0008387669096005704
151277,0.010349719796602543
151278,0.00040457276984680183
151279,0.00037109327420544076
151280,0.00022311364481991997
151281,0.0013040425597807194
151282,0.0008452218532109946
151283,0.00047665904066025846
151284,0.011719275679049634
151285,0.00086970677832491
151286,0.0402527597349337
151287,0.0005134155079408179
151288,0.0015437925767103017
151289,0.0009174035199689304
151290,0.0006209622877832138
151291,0.0002401538884448571
151292,0.0011923026248873915
151293,0.06432760131993118
151294,0.00015710688861037862
151295,0.013587365946775523
151296,0.00017584446848477737
151297,0.00020437787076066756
151298,0.00016748438742671958
151299,0.00018641058183362387
151300,0.0015594403701892606
151301,0.015970024029182326
151302,0.0002552790143559668
151303,0.000241279358422001
151304,0.00046751978547491504
151305,0.0002567143985273981
151306,0.049461457534273744
151307,0.00028239153094784407
151308,0.00032029154783614917
151309,0.9944649368206435
151310,0.0007001692995127445
151311,0.0032979651186494066
151312,0.0025184133429351995
151313,0.0007794144338723036
151314,0.0012086640995364088
151315,0.004166063753791138
151316,0.0018376201718850373
151317,0.9661452871774088
151318,0.0003185621196426971
151319,0.00024727932455230435
151320,0.00044732185177468695
151321,0.1423346398855528
151322,0.0027782526934157043
151323,0.0006589997504369133
151324,0.0008636074096238891
151325,0.00024141658679167427
151326,0.002733678413945635
151327,0.0020322334805070582
151328,0.00043814212826721936
151329,0.00029928936505649046
151330,0.007017045010995106
151331,0.03617322319898131
151332,0.00015486767961717996
151333,0.00031564597116564045
151334,0.002415690680016822
151335,0.000752642042853977
151336,0.00035328692774253494
151337,0.00890707379877682
151338,0.0039368412553208365
151339,0.0004705048815194616
151340,0.9940238046252357
151341,0.00042475158878820635
151342,0.0006254513961308992
151343,0.0018519887295704277
151344,0.9787752196373596
151345,0.0003930278368352456
151346,0.9901029846569402
151347,0.0011566333234040757
151348,0.9886447158876988
151349,0.974293792766237
151350,0.0003455839476202338
151351,0.00012069106921435854
151352,0.0012062544473678727
151353,0.0009518314463376516
151354,0.00017308843021450186
151355,0.0010464087273373863
151356,0.0023044185612853484
151357,0.003943698643262076
151358,0.0019342511474197397
151359,0.012303081979628686
151360,0.0008000299655336014
151361,0.00021885982517176342
151362,0.9403180359980721
151363,0.0014374337024650027
151364,0.005363986774663456
151365,0.0019253720355236219
151366,0.023973827619436693
151367,0.0015838411164655858
151368,0.0003357080322635594
151369,0.0002952910939078205
151370,0.0006009612724239502
151371,0.0006073729773290906
151372,0.00040886130651030596
151373,0.0012881214683252659
151374,0.0002601137032740303
151375,0.0044897231613717946
151376,0.00017072757409950954
151377,0.0004899280275550658
151378,0.00015948892180188068
151379,0.14920099248807603
151380,0.0013871556904055911
151381,0.0007659224858928695
151382,0.20475338733730508
151383,0.00033191152673711416
151384,0.0010672620057145725
151385,0.00021828107749639246
151386,0.0012357699786298875
151387,0.016282267726601494
151388,0.002553768151776396
151389,0.08630637672890314
151390,0.9900208434981297
151391,0.003345994052509074
151392,0.000551490483764169
151393,0.0002013552594217811
151394,0.0011605749141097754
151395,0.025619326350134194
151396,0.003747840521843123
151397,0.0005039677526798768
151398,0.0002371867489581601
151399,0.0004496340625793308
151400,0.00399880687583999
151401,0.0013574632266803908
151402,0.006421525582945687
151403,0.00023580558933918467
151404,0.09870316665637663
151405,0.004486061382973876
151406,0.0013858167973490683
151407,0.0016159925132893979
151408,0.0003304455761394873
151409,0.033607746439911955
151410,0.0002465480163050868
151411,0.175903912290996
151412,0.0011910034140148117
151413,0.0005164466192029075
151414,0.0002617085385832916
151415,0.00021591102854608778
151416,0.0015596512777657496
151417,0.0022803496832210627
151418,0.0011529439985170156
151419,0.0002512676131740088
151420,0.0002570364712298968
151421,0.00031044436398599797
151422,0.0009070439249533202
151423,0.0006702824948712275
151424,0.007580501761752922
151425,0.6458485233750169
151426,0.00037815501586107404
151427,0.9941401540279744
151428,0.0003490206972011715
151429,0.0005114161713950204
151430,0.0002557404645842938
151431,0.0006082072543790768
151432,0.01899233548953106
151433,0.9885743873058865
151434,0.00022151300058617407
151435,0.0017484410432762085
151436,0.002456475623635822
151437,0.0006499232208063816
151438,0.0028787414995706524
151439,0.005959874132263727
151440,0.0036128198058892483
151441,0.02845098552587573
151442,0.00017328696422114518
151443,0.00027927850653030613
151444,0.9826514464944389
151445,0.556377500191136
151446,0.00023875339994973272
151447,0.0028531930147285708
151448,0.9339315938675762
151449,0.0015902074454454283
151450,0.0026156135146870644
151451,0.0008638677927585764
151452,0.00395223910506389
151453,0.00024527484983965874
151454,0.9861489791388908
151455,0.00023932862398760315
151456,0.0003058065232428098
151457,0.9897303725263874
151458,0.9967880953090826
151459,0.006281325338635422
151460,0.001111544495733271
151461,0.0038263204137999707
151462,0.00014937464057459927
151463,0.00020417561940380395
151464,0.7801306149149568
151465,0.0007212455996986532
151466,0.019539456392120753
151467,0.0005289087561067177
151468,0.0003219571837625373
151469,0.0005026458720099436
151470,0.017556449987036003
151471,0.0026640683457771243
151472,0.0004731946229136945
151473,0.003753145365606933
151474,0.010991528142657468
151475,0.00020514541579174983
151476,0.001633496207904367
151477,0.00729552724434343
151478,0.001285263249313803
151479,0.009537964230785357
151480,0.0004408413485285913
151481,0.006759966512458588
151482,0.0009729478833756112
151483,0.0004404920740927283
151484,0.0005166681387075347
151485,0.007017882631711997
151486,0.0020604500874601313
151487,0.026977359348295173
151488,0.0002370651683679171
151489,0.9357953767078008
151490,0.5863173354890351
151491,0.00017462602460482875
151492,0.0004050813016776631
151493,0.00041705154402720966
151494,0.00017352891937612563
151495,0.03968454887582851
151496,0.0015702782469517336
151497,0.0006952373954511306
151498,0.0008853221848777436
151499,0.00026506829775674074
151500,0.00015933765225155998
151501,0.0005623055783106165
151502,0.0011176726243307435
151503,0.0006757465902668811
151504,0.0006788124661091013
151505,0.00041174801985292933
151506,0.00039059900296076053
151507,0.0011239619473799752
151508,0.003127990085232682
151509,0.001190709657431186
151510,0.0036377797463195507
151511,0.0002361955198958557
151512,0.002318466584910956
151513,0.987008518324909
151514,0.0033053000489264668
151515,0.00012435061194638938
151516,0.002091633526380712
151517,0.039629325990242596
151518,0.0002553103988939952
151519,0.006325630919917452
151520,0.004807894689878669
151521,0.02110149237397881
151522,0.001677228942154882
151523,0.004010757095080646
151524,0.0006494516657321844
151525,0.0003653051023317226
151526,0.0006803367483663987
151527,0.0002884843547725049
151528,0.009755001598913685
151529,0.05271475090412976
151530,0.0008769356386668872
151531,0.011733018959822072
151532,0.0012094454167154499
151533,0.07345091669085514
151534,0.0002645255400453626
151535,0.0005335221764394538
151536,0.00028950479678758995
151537,0.0868776671507126
151538,0.0013301462707881382
151539,0.012031556892455983
151540,0.0013084403142199536
151541,0.005100171088988536
151542,0.004229709975414869
151543,0.05044953692670211
151544,0.0003184759970324216
151545,9.145739756532295e-05
151546,0.0003737562573854131
151547,0.001632772022211869
151548,0.017840911544826178
151549,0.037828828216658256
151550,0.0036935207165426616
151551,0.0015305184999238667
151552,0.00022617126489748066
151553,0.000920884937966872
151554,0.9914832481020506
151555,0.9929505141439907
151556,0.00018350875700917987
151557,0.00028492907901864206
151558,0.0018656889978535993
151559,0.9889229682519953
151560,0.0011898073379702405
151561,0.0003284273639716768
151562,0.0006855722074825518
151563,0.0027808039178330614
151564,0.0009910066747216807
151565,0.0005587721923397459
151566,0.00031025095012659164
151567,0.0036309571404950767
151568,0.00020837287611838757
151569,0.0004997946499281606
151570,0.0010387414360702562
151571,0.0005033219049761293
151572,0.9804500736186718
151573,0.993041024045198
151574,0.0003900273939323628
151575,0.000349782282607049
151576,0.002313161429932006
151577,0.001124886350279703
151578,0.0024786686098596782
151579,0.001151702228745077
151580,0.14228595540569597
151581,0.0011144958366809676
151582,0.0015055798928060161
151583,0.00034326487060022285
151584,0.00025090936106881786
151585,0.0004821254449868137
151586,0.0054269093422710775
151587,0.0002203147656539848
151588,0.08088485707795531
151589,0.0009503252616005594
151590,0.00047324365121839045
151591,0.0006617780351841413
151592,0.00056538802196843
151593,0.9938057621726203
151594,0.9871378978038079
151595,0.0005439649280246675
151596,0.0013795780524680785
151597,0.00026952726527687554
151598,0.0033693871458580593
151599,0.0005835147119730263
151600,0.00307738470965691
151601,0.0002441465323454039
151602,0.00027186579928272886
151603,0.0007501162617022454
151604,0.0003030913965070915
151605,0.0004182172123876263
151606,0.0033189982792636353
151607,0.00015985563546350374
151608,0.0008052894812383959
151609,0.00025830003584781597
151610,0.0012327752697093416
151611,0.0005685855111754765
151612,0.00035322567099814684
151613,0.0034686642098144785
151614,0.001087584402191288
151615,0.0022868532362174806
151616,0.0011534295294301253
151617,0.022615162014410956
151618,0.004396037780383965
151619,0.0012943421405658129
151620,0.990888686023305
151621,0.0006057015767543594
151622,0.0011730114678663083
151623,0.0010116008607389093
151624,0.014925277333717096
151625,0.032994434930351646
151626,0.16010431953704596
151627,0.005189194146446412
151628,0.961874226537967
151629,0.007899964594490449
151630,0.0021814993919688328
151631,0.010536901252896884
151632,0.001802168936485536
151633,0.005724476515993215
151634,0.0019213952693439866
151635,0.001078427402359318
151636,0.002661816635344714
151637,0.0011274484154806788
151638,0.9929709886498413
151639,0.00029382452815269886
151640,0.984978217300803
151641,0.9881274781258355
151642,0.00035599763476825785
151643,0.001388412783645994
151644,0.0002596313223625905
151645,0.0004396917348268725
151646,0.004893690038983224
151647,0.00027768315921740936
151648,0.002561913958487315
151649,0.00027666619187058584
151650,0.033037544731947345
151651,0.5148510756227324
151652,0.09077536459647623
151653,0.024562531139421685
151654,0.010090835976484983
151655,0.03965565724730275
151656,0.0006098782392063747
151657,0.008386122955228859
151658,0.0002518662569967249
151659,0.002770765037719362
151660,0.0007237997545737475
151661,0.000997390933004848
151662,0.023217724740946456
151663,0.06163150087953429
151664,0.0010195667515939927
151665,0.0012973302670281986
151666,0.0001899119579858486
151667,0.0005411660384051636
151668,0.0036004503450616514
151669,0.004238053609900252
151670,0.0011485888909657696
151671,0.0009193877219562156
151672,0.9895655531926705
151673,0.0004529530327783023
151674,0.0006411006052122458
151675,0.0010473649584783983
151676,0.0005449466352595893
151677,0.0003115838763761926
151678,0.00034756283542806277
151679,0.0036636714729121247
151680,0.003387185534917445
151681,0.0005714754075058035
151682,0.0035407186567222785
151683,0.0017462111136443662
151684,0.9956749373958407
151685,0.0067821121453703875
151686,0.017205527739279695
151687,0.003577571577110726
151688,0.00038462078447504803
151689,0.00023541391092928122
151690,0.0032883018650042835
151691,0.5588869276840841
151692,0.006227980347459249
151693,0.0023211808989872735
151694,0.003022191363488526
151695,0.0007494053107147095
151696,0.033957356931698615
151697,0.005429960042679634
151698,0.0002820430312356066
151699,0.0009604754969292245
151700,0.003215862465888299
151701,0.0007561069454974026
151702,0.00013976938177511414
151703,0.0004089765803505399
151704,0.1408058200963504
151705,0.00024358033066702856
151706,0.005552413809193959
151707,0.00979761941446634
151708,0.0013312198689999187
151709,0.00036840874557352477
151710,0.00030112245660094604
151711,0.0002273970711757256
151712,0.3312893646692573
151713,0.0033560060149061847
151714,0.0008266721781370988
151715,0.000230953379702329
151716,0.001054170301062514
151717,0.0006702359360499145
151718,0.000310273472398979
151719,0.0003206312279871589
151720,0.029870082429280936
151721,0.0013348805253151897
151722,0.005352189865403692
151723,0.00022557192074376827
151724,0.0004214386248550472
151725,0.00034923611257519304
151726,0.0005136262874719468
151727,0.001324248374876144
151728,0.0537656707176943
151729,0.0008340977185925555
151730,0.9942584775783674
151731,0.0025258333515496543
151732,0.0694238665772407
151733,0.005004769719285666
151734,0.009518799853565322
151735,0.0002940397292283915
151736,0.0038501580247193553
151737,0.0035598664661098543
151738,0.0003598601942280086
151739,0.001080396407616242
151740,0.001843158477843945
151741,0.007176832635299183
151742,0.0004925058342134825
151743,0.0028493667539759115
151744,0.004869556054791823
151745,0.0003097948664592414
151746,0.019918925585070406
151747,0.9688650487115005
151748,0.0017776110206557956
151749,0.0003888402767378071
151750,0.0004017441904971917
151751,0.0002650876260289818
151752,0.0034356368683680165
151753,0.0021696960649859
151754,0.0005447561614384782
151755,0.9925251290895142
151756,0.0014056043014828556
151757,0.03889400984357474
151758,0.9898686902118417
151759,0.07897408274305927
151760,0.24387607103993914
151761,0.24790385986292
151762,0.0017798946005527932
151763,0.9941769261896071
151764,0.006695098358178053
151765,0.0012534819605254815
151766,0.9923543429800054
151767,0.004463761069622819
151768,0.0014379909482238995
151769,0.00015360957179848364
151770,0.0004972181612231115
151771,0.1681201123470055
151772,0.0002201208297587289
151773,0.0009502948910108232
151774,0.0016038143812234836
151775,0.03192288407307461
151776,0.002001358713628368
151777,0.0008067696213742123
151778,0.0049463812087452725
151779,0.015103172837586196
151780,0.0006042144205898157
151781,0.0003443793392154584
151782,0.0006307142246274488
151783,0.017835399960425834
151784,0.003077553061348842
151785,0.0064991537002381285
151786,0.0003388860651737131
151787,0.0005472470948272868
151788,0.00038642346793182653
151789,0.000438340675360185
151790,0.017925378837533354
151791,0.0003459615269896836
151792,0.00018220244640591754
151793,0.0003375336524482561
151794,0.0003692128054841999
151795,0.00011207848915947308
151796,0.0011162266688573529
151797,0.001680063006240753
151798,0.00025868952189086537
151799,0.0037541961278500045
151800,0.990782127762718
151801,0.001019631888574724
151802,0.005844918476091625
151803,0.0002325063689484779
151804,0.002242327097042065
151805,0.025115230174058187
151806,0.9813389310103464
151807,0.0007947587495265733
151808,0.0009115483407869288
151809,0.9920355702146137
151810,0.0006123964891377669
151811,0.0007187603897631063
151812,0.00020042320842695685
151813,0.0014331358537405228
151814,0.0008781205157527354
151815,0.00930401600012218
151816,0.0006088817064630422
151817,0.9893039167350672
151818,0.007143625354572173
151819,0.006319218755706018
151820,0.24395468102549842
151821,0.0009502128992562094
151822,0.0004349515975646548
151823,0.000743266565769577
151824,0.0013425834055195978
151825,0.0008376331295596031
151826,0.011306760764961775
151827,0.011147497915570195
151828,0.027632326640148742
151829,0.0008901123961205136
151830,0.12323256314129503
151831,0.6465688702160285
151832,0.010620874422606558
151833,0.00018477840161503338
151834,0.012429165533088316
151835,0.0002413900721281604
151836,0.0004101031691444539
151837,0.0002685173771110269
151838,0.0011269685047912501
151839,0.00041438089833591884
151840,0.0003153431200237908
151841,0.9933186874246094
151842,0.0001571562218994283
151843,0.0023125330121792705
151844,0.0019640982554923994
151845,0.5020893772913076
151846,0.0007766314753006695
151847,0.9889935589751855
151848,0.0026933292601762143
151849,0.03192352305536756
151850,0.0005254192930503731
151851,0.00020886758992257507
151852,0.01011035018360897
151853,0.000535749470737409
151854,0.9856126641362004
151855,0.000535439673503756
151856,0.001390448278454914
151857,0.00047513828963448724
151858,0.00046789487656600983
151859,0.0010710521394341366
151860,0.0010984947083744576
151861,0.0012059836789568932
151862,0.0005999774001384162
151863,0.0005487795603726601
151864,0.4311062389723973
151865,0.000994226728797718
151866,0.001159190812778051
151867,0.0001431167948280491
151868,0.0006663070052892021
151869,0.0032768077654273782
151870,0.9236750274472895
151871,0.0016458806637799108
151872,0.0005703059544516495
151873,0.00015869096100011663
151874,0.00850780958450067
151875,0.011544891239033836
151876,0.00034623944565220413
151877,0.00031478021724259405
151878,0.000937301453648715
151879,0.0003675938368711629
151880,0.9906734025743041
151881,0.0005424371609772521
151882,0.0009405487530190786
151883,0.03696048555001286
151884,0.007851759441052276
151885,0.001149575646590197
151886,0.00045860028328283706
151887,0.0002902503963936126
151888,0.8586419271195115
151889,0.004814472303236324
151890,0.0003363528681231905
151891,0.003988256597860986
151892,0.006649788312778204
151893,0.0008749330271255915
151894,0.9581347741025229
151895,0.0011576006446701325
151896,0.01869347937036908
151897,0.0005077868628980701
151898,0.003147698282387451
151899,0.02225410517531024
151900,0.002731289376638694
151901,0.003281061533270896
151902,0.004955774621974415
151903,0.0036693941646255474
151904,0.0006192750843469656
151905,0.9944619885069614
151906,0.01256606354562591
151907,0.00030312338648914
151908,0.0007266410342866822
151909,0.0005883055761593519
151910,0.0001654542097158205
151911,0.00024199991701112257
151912,0.0021544893382322147
151913,0.03435775048236265
151914,0.007387506429432096
151915,0.0025948046424322845
151916,0.00047833584556916274
151917,0.0002017078934887458
151918,0.0005203081699473488
151919,0.0025502169375715205
151920,0.001071330462716796
151921,0.004449806087777262
151922,0.9254644623457621
151923,0.00022220192886593889
151924,0.0009481558682622546
151925,0.01497301844814654
151926,0.006378266062425277
151927,0.0009915355953209364
151928,0.0002642425349215527
151929,0.0005922623314211136
151930,0.00027110734734150515
151931,0.007840452295660058
151932,0.0002926777670314872
151933,0.00015090798177147733
151934,0.0005436471969170755
151935,0.0003342961980471261
151936,0.000409150373554758
151937,0.986675243647276
151938,0.004296284023885963
151939,0.018310098595192677
151940,0.00024109703921482405
151941,0.0031287236726617765
151942,0.00020529170825926945
151943,0.0003467120641466085
151944,0.005812281266390141
151945,0.003422659723001372
151946,0.0009480664992382264
151947,0.00041358126356422356
151948,0.00038118195379049436
151949,0.0008964116350382627
151950,0.9863764510564362
151951,0.017167991919251026
151952,0.005346543448493666
151953,0.004193622883498971
151954,0.9974763485602368
151955,0.0019955642999787723
151956,0.00134063057421806
151957,0.00019424062077299031
151958,0.014327491127364764
151959,0.0009214025253920247
151960,0.0005845958234142921
151961,0.0007258864681131015
151962,0.027610874992229074
151963,0.0006714827139629503
151964,0.020056830978979936
151965,0.0007465390549310522
151966,0.0001696023535868472
151967,0.0010503344645973248
151968,0.0009701629177060423
151969,0.00016838245123224904
151970,0.001662854649256937
151971,0.9881306453345595
151972,0.0005229029244490501
151973,0.0004950640208596402
151974,0.0001596454582142374
151975,0.010921270517391222
151976,0.0004935139361842368
151977,0.007655988102099135
151978,0.0010779985075222757
151979,0.00042448274494426313
151980,0.9938743955978656
151981,0.0004772499566143364
151982,0.0003802634995740586
151983,0.996799043931982
151984,0.03700210315668109
151985,0.00037868815805456837
151986,0.9863401031924507
151987,0.005798009014191836
151988,0.0036396409992281624
151989,0.9660948341438454
151990,0.008059145439478575
151991,0.00050394203954211
151992,0.0003453176269718395
151993,0.002531944555738615
151994,0.0006290162305595238
151995,0.00022237832016920445
151996,0.0003625488773964171
151997,0.12373653443074314
151998,0.00032033075723066225
151999,0.0016641105193764797
152000,0.00017072531738219517
152001,0.015474631691030576
152002,0.0005104545644748725
152003,0.005999337187052813
152004,0.0016736027421626787
152005,0.00039924139741604354
152006,0.0008524178990451151
152007,0.00016220100389123025
152008,0.006829164295318408
152009,0.026564527239449746
152010,0.008089564152815976
152011,0.0004381436230592102
152012,0.00014216001580618035
152013,0.00027450743704565716
152014,0.00015875368893365267
152015,0.046860909587684414
152016,0.0002065745490256219
152017,0.0005318071739015607
152018,0.0006765525812938479
152019,0.0007331277066909292
152020,0.000628331826522974
152021,0.00028357281176334334
152022,0.0018511773522065372
152023,0.0014418635571526895
152024,0.9885837991491582
152025,0.6801895018489191
152026,0.0038891931051994845
152027,0.0008666726648108502
152028,0.0011843429650795964
152029,0.00013668504977923542
152030,0.0012192533976630798
152031,0.004440262171196055
152032,0.0008548891255280328
152033,0.000929150181198869
152034,0.012346218909007492
152035,0.0006110390749181848
152036,0.004161523400912231
152037,0.0009348485552505985
152038,0.0002899693684597413
152039,0.024505152191474963
152040,0.0009283886893749233
152041,0.000269674867710741
152042,0.0016990711569982654
152043,0.0003061443485725324
152044,0.0008267427100751732
152045,0.041489693604211265
152046,0.008753877602560705
152047,0.0018748270161321752
152048,0.000131540919031687
152049,0.9927342014674875
152050,0.0088989997696271
152051,0.015601262278258064
152052,0.00011300106042223082
152053,0.010810116269008598
152054,0.13702195879110596
152055,0.0001760517699111821
152056,0.0002794296959489622
152057,0.0010283543410152666
152058,0.0009828176636215095
152059,0.0037982706264873384
152060,0.00023221256352642125
152061,0.0010256558982147572
152062,0.00047690032728468323
152063,0.0006800313361212555
152064,0.0010477857059504145
152065,0.0006027497297853533
152066,0.010428916303009161
152067,0.0038300656873591415
152068,0.189428587485925
152069,0.009096432915266621
152070,0.00033291569845858386
152071,0.003651745369585471
152072,0.00031049627116756974
152073,0.9912138696514727
152074,0.018991637491925735
152075,0.01556437795138692
152076,0.000674445522237981
152077,0.0062836106056456545
152078,0.0026573065488473243
152079,0.0070484738967907445
152080,0.0006847099272988531
152081,0.00023531257681345147
152082,0.00676370432642108
152083,0.0024629182228322367
152084,0.0006064324931480493
152085,0.00021880199597485613
152086,0.000780212762764257
152087,0.00032247060153475744
152088,0.00015156081109797903
152089,0.053973886507876066
152090,0.4226460708859377
152091,0.008924322633223692
152092,0.008458955573472673
152093,0.00041895812910239884
152094,0.00033072390212148824
152095,0.0008244252836647897
152096,0.0009823030561123508
152097,0.9845622119456906
152098,0.001983958999757845
152099,0.00022417394079744145
152100,0.00043632889138260666
152101,0.00031399060902214765
152102,0.0022366889083287817
152103,0.010910200099030331
152104,0.003971776803978635
152105,0.00048166239169003446
152106,0.011482172213080571
152107,0.004428680650519646
152108,0.0005414677770585413
152109,0.027472296787123138
152110,0.0004227430151631762
152111,0.00019161207218240997
152112,0.006066845857586099
152113,0.0004733972485347917
152114,0.0002442411414091457
152115,0.003797022262522032
152116,0.0017747224745682138
152117,0.0016158292954607093
152118,0.9745585229806998
152119,0.00024270396768987169
152120,0.000451250434010235
152121,0.4369306842886432
152122,0.0016490943047475872
152123,0.0013504275810141536
152124,0.01209203825042688
152125,0.00043296382459491066
152126,0.001445584514259226
152127,0.18310354339321902
152128,0.0025628204763396088
152129,0.00034364174171652495
152130,0.9936230681035858
152131,0.12002854719708118
152132,0.014750330538185162
152133,0.9968583397155988
152134,0.0005058888007474919
152135,0.0005624747049444637
152136,0.004056648822479465
152137,0.001032662258775564
152138,0.0005525070901386736
152139,0.7955249439169453
152140,0.0003899782298238189
152141,0.0034023180825435498
152142,0.0002958457895415889
152143,0.01484747151208766
152144,0.0014969188510578755
152145,0.001467640016856691
152146,0.00037924836166922083
152147,0.0016686237555468863
152148,0.00024565657420875934
152149,0.004074847677804271
152150,0.014777052199291655
152151,0.0012280147258270783
152152,0.9910903336850208
152153,0.9932745812751963
152154,0.9824313284318303
152155,0.0005796974114199703
152156,0.0007402507959105359
152157,0.0011232889212445926
152158,0.0007398972078875104
152159,0.00035808777429236676
152160,0.0014652679301383972
152161,0.0005901732147001566
152162,0.0002644703829996017
152163,0.0019727406831755254
152164,0.0008239558994452784
152165,0.9789968773603471
152166,0.0019609148254757986
152167,0.007570733637359434
152168,0.0013340068920412024
152169,0.0001612968219360416
152170,0.001154146956220193
152171,0.006354092841986919
152172,0.016140827596862806
152173,0.0027191196242088225
152174,0.0006969778364744757
152175,0.0021440200973461103
152176,0.0022205241893786393
152177,0.0002338404945519411
152178,0.9863477682862807
152179,0.00071255555829149
152180,0.010981810298842246
152181,0.0002645028547700977
152182,0.0016959829297294546
152183,0.9723493256664474
152184,0.00041098089952027226
152185,0.0005037063611508233
152186,0.00023749384787350009
152187,0.992200737096337
152188,0.0004632163424724956
152189,0.07734015212052955
152190,0.10982220050544216
152191,0.00029032831934493316
152192,0.000326339811935989
152193,0.0019227096905256496
152194,0.0007529464813878749
152195,0.002203274431211058
152196,0.9918170138393305
152197,0.675470232918727
152198,0.0011582590189707976
152199,0.0005314899644447433
152200,0.0006561861905559303
152201,0.009537016434012434
152202,0.0014601107192145422
152203,0.00850320224230762
152204,0.00025194627315950767
152205,0.0006574179486291475
152206,0.0045333464475967936
152207,0.006787365355961887
152208,0.0007974284681419489
152209,0.0034020856079735686
152210,0.0037252659071924446
152211,0.0011068695891992436
152212,0.00047301153880014503
152213,0.00027824635296226375
152214,0.0006969124471419281
152215,0.008372173598313588
152216,0.00019679934935282515
152217,0.0003390174406748976
152218,0.037287858228721854
152219,0.0007095307510497606
152220,0.002980081322149406
152221,0.0006293800975124574
152222,0.0017454855135089129
152223,0.00019114658210118155
152224,0.0019558876808079065
152225,0.006983158572814565
152226,0.009759317113777815
152227,0.0008428121517394218
152228,0.0004755539973201558
152229,0.0003976252432138932
152230,0.0005706497392382613
152231,0.00013948973917389957
152232,0.008405309656718266
152233,0.0005602551051130047
152234,0.0003775711740158278
152235,0.0004083646301044758
152236,0.0006172288757929449
152237,0.0008538436080422829
152238,0.00014476238195716787
152239,0.00031057678326397843
152240,0.0019910284489745374
152241,0.0011504628079157177
152242,0.0003889456007215693
152243,0.00010975104055878685
152244,0.003456230266611363
152245,0.0005705431744451261
152246,0.007834927708366206
152247,0.01097970383050034
152248,0.0001509335661252744
152249,0.00035913059907883703
152250,0.2500642053837636
152251,0.002053130855940416
152252,0.008301409797562267
152253,0.25405974057815234
152254,0.005918033480945212
152255,0.0006034948148311119
152256,0.0008907603028655755
152257,0.0003015468692229913
152258,0.9739171034996277
152259,0.0006418897780799066
152260,0.015153549946121336
152261,0.992858009797928
152262,0.0001318482117423149
152263,0.0069131458006284705
152264,0.001621054895495685
152265,0.0008582440669782297
152266,0.0008457192200210671
152267,0.00033794410613358105
152268,0.0008802464405016278
152269,0.0005044356845130862
152270,0.9949247526246509
152271,0.0024685993122411536
152272,0.008888881265971225
152273,0.005503719076032657
152274,0.060918466977686866
152275,0.00032222005092395376
152276,0.00024568927251277374
152277,0.00021299953171327002
152278,0.00034889075515324644
152279,0.000771833948263174
152280,0.0001813616762483111
152281,0.00041856092630467023
152282,0.00038210921393128447
152283,0.990496823631436
152284,0.007385555722172476
152285,0.008030899473898916
152286,0.006355725073003882
152287,0.00213614264694921
152288,0.0003630748475152823
152289,0.0035154282387722165
152290,0.00639300261779588
152291,0.9894659858019458
152292,0.027200780030703264
152293,0.0005228155964705486
152294,0.00046652016201109453
152295,0.0003883832134983367
152296,0.002584996292446684
152297,0.00025869111039825463
152298,0.9776787841264831
152299,0.06388272642693267
152300,0.00030072019258144914
152301,0.00042195055637823936
152302,0.0002588486102190947
152303,0.007489043151127284
152304,0.24749229457143695
152305,0.04363774819121093
152306,0.04034416279145481
152307,0.0001821409626491163
152308,0.00023199664236318634
152309,0.00022912661563683536
152310,0.020789429656907093
152311,0.9706903046029516
152312,0.0012358669820971802
152313,0.008082680328053808
152314,0.0012194302335114037
152315,0.00024396015031818646
152316,0.00111203714976327
152317,0.00047584709369875324
152318,0.0032886091411545287
152319,0.0009447719600868506
152320,0.003704372143761085
152321,0.0021008871207785266
152322,0.015544869602513839
152323,0.0005824473424837421
152324,0.0018952049847299128
152325,0.002493815710250448
152326,0.002541828953270981
152327,0.0003547464719516021
152328,0.0034508359448731083
152329,0.0004365057515085943
152330,0.011162729258506619
152331,0.0003716670134595882
152332,0.0009193303738769921
152333,0.00032851268112138617
152334,0.0058631877305760395
152335,0.00018649337297772328
152336,0.007255366034783863
152337,0.009520267908736857
152338,0.0033198969933006116
152339,0.0007347816130376863
152340,0.0002184066756132007
152341,0.0003710273596394993
152342,0.0022842383428528933
152343,0.002422336723120312
152344,0.0007473423156257877
152345,0.0004551196005701403
152346,0.0003594030102248186
152347,0.0010381708724143295
152348,0.0004606683912728377
152349,0.0001651928923393288
152350,0.006926966174029968
152351,0.0016047415283689877
152352,0.0004513230190108211
152353,0.006442537163578961
152354,0.0010778480066921592
152355,0.0005929505146220058
152356,0.00028457628406849657
152357,0.005910648936353717
152358,0.005681881858908287
152359,0.807123268526163
152360,0.006219992333368341
152361,0.00039427371845676944
152362,0.0002981479043268689
152363,0.9938883998659946
152364,0.00021030608164291408
152365,0.0012524519735176048
152366,0.0015645362358815676
152367,0.04028164916120146
152368,0.02624358345127993
152369,0.002041740039163802
152370,0.0001852906582989806
152371,0.000277019654037617
152372,0.00031316374397091605
152373,0.020011479397131975
152374,0.0066264154624092195
152375,0.000818996969319878
152376,0.0003240292014488959
152377,0.00031248968375854457
152378,0.002764909457380441
152379,0.0006196555528120316
152380,0.0017963916920378847
152381,0.0007955138099738071
152382,0.0002333289053425132
152383,0.0013671290856187067
152384,0.995286779122289
152385,0.0002500324848977335
152386,0.0033719284260309294
152387,0.00016274009683345703
152388,0.0007779908890364532
152389,0.008797896801638958
152390,0.010902209095412629
152391,0.0010563144976661692
152392,0.0003367576178434883
152393,0.00032829213090611206
152394,0.00028631226294525297
152395,0.0016992058346770634
152396,0.9875408379582636
152397,0.0010563011340312257
152398,0.006893291017185969
152399,0.00032364452529257375
152400,0.0003305457282470788
152401,0.03659646964618462
152402,0.000680069337399421
152403,0.0015866145835544555
152404,0.0009819360632044318
152405,0.002179042956760591
152406,0.0031267119167794175
152407,0.00024563273942891824
152408,0.0003615869396476188
152409,0.0002683800605212546
152410,0.8714331689622258
152411,0.0012590680182279095
152412,0.0004386655980501076
152413,0.0009676258277105626
152414,0.04031406516178136
152415,0.008501071114340767
152416,0.010095437853825594
152417,0.00015280491271988192
152418,0.00030609659824182685
152419,0.00031998546854335527
152420,0.0010147547609473373
152421,0.00030277179019130406
152422,0.005342257457686367
152423,0.008559277757082664
152424,0.9872575549243121
152425,0.003869326506405185
152426,0.0030729330244279834
152427,0.0008236765704258645
152428,0.0011060905729618948
152429,0.0003213086821900933
152430,0.9936331184395051
152431,0.0019353771791802107
152432,0.0016349243421101545
152433,0.009128209415987552
152434,0.0006469660840635942
152435,0.9846011240495993
152436,0.0002822920255539189
152437,0.0003789971744145844
152438,0.12658624529775186
152439,0.0004359429767757444
152440,0.0006640337804705368
152441,0.0013683454092162566
152442,0.0007963633520869248
152443,0.9930148528876445
152444,0.01200507387474277
152445,0.0007296877796205141
152446,0.9546732587163421
152447,0.0029177442624297462
152448,0.00016032907418315546
152449,0.0009789815858462967
152450,0.0016658051438101843
152451,0.025160153056285797
152452,0.0009211448157420855
152453,0.016882453954092345
152454,0.0006864009429539563
152455,0.0011941553314761399
152456,0.9845229905960773
152457,0.02416307201064405
152458,0.0003356086894750983
152459,0.00151164445757073
152460,0.00033529509746490783
152461,0.916771218524528
152462,0.0018231471708314022
152463,0.002341427574092638
152464,0.006501947979962888
152465,0.04138001808826605
152466,0.00014363186845443585
152467,0.0011889373752699516
152468,0.006116213753375725
152469,0.00034325450161712005
152470,0.0002357431741038892
152471,0.0010619731321045952
152472,0.00017720993250432352
152473,0.0032350371630769257
152474,0.02774378292351504
152475,0.000515191617963761
152476,0.0002191711896283825
152477,0.014033979133003976
152478,0.0022622360444001254
152479,0.0009541129695594948
152480,0.00017141217148234768
152481,0.0046270898820960785
152482,0.00016819122616335707
152483,0.003524256340864589
152484,0.0029890150727004197
152485,0.002020220124211776
152486,0.9894419720240623
152487,0.0003702317500761917
152488,0.0011854367667506992
152489,0.00018401376397552926
152490,0.000314890054456896
152491,0.00018187576743620783
152492,0.0009076168344106862
152493,0.0003433634731111431
152494,0.0009556977545814792
152495,0.0004136846326507515
152496,0.913236443411011
152497,0.00033069123159462296
152498,0.0011966982177794056
152499,0.001734072753477998
152500,0.00024088523471473239
152501,0.0007880933595472522
152502,0.0002163290779789667
152503,0.0020081925275286998
152504,0.9884251253461485
152505,0.0005219523571878438
152506,0.00026169527249025876
152507,0.0019430417615482534
152508,0.0027480765617548023
152509,0.004818191031259616
152510,0.0032906633632969534
152511,0.00047434723656410746
152512,0.012924761638968345
152513,0.00027496513479025384
152514,0.0019088419357790641
152515,0.001863684296609035
152516,0.0004619391096672169
152517,0.00227684425134082
152518,0.007072347018473878
152519,0.0003044187494076705
152520,0.33126274138671136
152521,0.023682810457526213
152522,0.0005458929209073367
152523,0.00013926608098788353
152524,0.057652988467202584
152525,0.00016796563489628982
152526,0.0004209692546200123
152527,0.0018574225345234269
152528,0.10972559820894426
152529,0.0002944994478784168
152530,0.9884013939564618
152531,0.00041711809146697143
152532,0.0023406784452341426
152533,0.0024428557245125843
152534,0.0007845274074440188
152535,0.0013389845385630727
152536,0.0004048945114394283
152537,0.0016400563453719066
152538,0.0008203117810459415
152539,0.00596321670321221
152540,0.012045099594045634
152541,0.011460530227748808
152542,0.9918365466383395
152543,0.00466784910514894
152544,0.004387465130156143
152545,0.0001527240129496893
152546,0.05153618239203351
152547,0.0002526668972150619
152548,0.0031743447747697453
152549,0.0012769006659632913
152550,0.0008056970402200778
152551,0.0006258163658412953
152552,0.10884537964986712
152553,0.0006708091102981028
152554,0.0011478025588184807
152555,0.0004011158219088742
152556,0.0001976572875144224
152557,0.0007932260517540243
152558,0.0020552887918960086
152559,0.00021100931725434341
152560,0.10579943631159305
152561,0.00024104833308137932
152562,0.00026517257168309945
152563,0.000891994251564258
152564,0.03672657631581675
152565,0.0010290902048165865
152566,0.00029247224678906775
152567,0.004312301333099101
152568,0.0005863431971647138
152569,0.00021654076347596331
152570,0.0008758661937581898
152571,0.0003384808650583814
152572,0.9894579469776623
152573,0.0003663390960722248
152574,0.010367229138947656
152575,0.044440534059699235
152576,0.0014499322176866932
152577,0.0062149811546644085
152578,0.00033006836315694975
152579,0.000731236149371498
152580,0.0002672095950055526
152581,0.000452828639420673
152582,0.0005551828005093713
152583,0.0007887551287713532
152584,0.11903780892993866
152585,0.0008246605960131932
152586,0.0005944149886693355
152587,0.00013903179875864456
152588,0.0002546819831176331
152589,0.0010075624279764354
152590,0.0008783213111543974
152591,0.5280380130030425
152592,0.9054960411335995
152593,0.0004722654360356802
152594,0.0017777855158454619
152595,0.019540961694635754
152596,0.00041765209768571625
152597,0.0003404130981480296
152598,0.0004359006833388494
152599,0.004556701293597714
152600,0.0009536677730283011
152601,0.0023634221450073508
152602,0.0003641716092871915
152603,0.9800861053556301
152604,0.0002346948022805443
152605,0.0007644847262223539
152606,0.9869164447800552
152607,0.00033737836443547544
152608,0.0012175119774926134
152609,0.0002333080349628166
152610,0.000972184815297618
152611,0.0006230963152576088
152612,0.0002059509076556044
152613,0.0010158441810764383
152614,0.0002444894102450767
152615,0.0011396882042396298
152616,0.0005774946827509606
152617,0.007507802938559218
152618,0.0004930555695317493
152619,0.03747548079006138
152620,0.0003458370504485305
152621,0.00023078338728810965
152622,0.002664461008508622
152623,0.9944080512068081
152624,0.010073639930536147
152625,0.015809517224452212
152626,0.9740405506030758
152627,0.9343554253203797
152628,0.0002615718650899233
152629,0.00691437210898279
152630,0.00022163493822540013
152631,0.05442496015644749
152632,0.06322506734565099
152633,0.055884604712570486
152634,0.0009831569100453407
152635,0.0007012228546648663
152636,0.9895767746597944
152637,0.00018086026103363798
152638,0.0002800764153062497
152639,0.0004703397086475826
152640,0.00045257965509118637
152641,0.0009304335630515624
152642,0.0007547838769834121
152643,0.0008900291750967456
152644,0.02059223998173863
152645,0.009761626464431123
152646,0.000383722259541467
152647,0.0003208028499909225
152648,0.0020925297856218827
152649,0.0007738691375164261
152650,0.0008280470389284934
152651,0.15232197134082898
152652,0.005272647584254675
152653,0.007345865455278256
152654,0.9773196472313435
152655,0.02420803335292707
152656,0.0014289026514861438
152657,0.0011903909155245968
152658,0.001113345601389939
152659,0.1803253494990768
152660,0.0011230303294968008
152661,0.0004367905572792145
152662,0.00028572395102035284
152663,0.0007246018815027699
152664,0.9184410586758235
152665,0.0005191495214012681
152666,0.001344397143388521
152667,0.9937727717952257
152668,0.0002906599996163248
152669,0.0011421754318705016
152670,0.0009245440976998844
152671,0.017556646735742466
152672,0.007265341279115898
152673,0.16987653432326152
152674,0.002017332846867513
152675,0.0008695646384680265
152676,0.0010876443978720411
152677,0.17583743749337968
152678,0.0003123128859273846
152679,0.00031811785572717974
152680,0.0001543205418016645
152681,0.0003200072338884779
152682,0.003264646430756213
152683,0.000843908556698382
152684,0.006956985412896899
152685,0.12569161725844735
152686,0.002086231513672601
152687,0.0018522765041627308
152688,0.0032824175053032052
152689,0.0002682977230883973
152690,0.0011706025708759342
152691,0.01143945492270382
152692,0.0003301509239188229
152693,0.007376499956820608
152694,0.00010030291217464816
152695,0.016362198847678946
152696,0.0009144202961567897
152697,0.0003743400084803033
152698,0.9910237817827109
152699,0.0027396030073870785
152700,0.0014398797154701187
152701,0.001490645501149497
152702,0.0002258624042050706
152703,0.9719952039495885
152704,0.00026786319391645935
152705,0.0059733116252088485
152706,0.0463654975938318
152707,0.00036063419894613846
152708,0.0006274281330781305
152709,0.0005379084262817213
152710,0.0018259638677530668
152711,0.0002430592599531338
152712,0.0169621063934361
152713,0.0003920132082025782
152714,0.5410549167309356
152715,0.0019224823694971656
152716,0.001738746252169667
152717,0.00022038991183215105
152718,0.04226767641626041
152719,0.0008314502567602233
152720,0.0009264353850658578
152721,0.0003661446637674795
152722,0.000830542277193345
152723,0.0015028570559201375
152724,0.010897461946492014
152725,0.0018185797296714139
152726,0.0014445681583704385
152727,0.00027537194303029616
152728,0.0014248366677154225
152729,0.005415295793424112
152730,0.00020061536659387737
152731,0.0005374484231150574
152732,0.8884712068148596
152733,0.000436419573010148
152734,0.013670792633645118
152735,0.023801963788029137
152736,0.0002880186778387476
152737,0.0005020046164977956
152738,0.004919815013668668
152739,0.011107713239187297
152740,0.00030963844259750443
152741,0.9779749735299348
152742,0.0002978840556486168
152743,0.9979293951804983
152744,0.0008102183522123055
152745,0.002198328976922298
152746,0.000504483363627304
152747,0.09049461585826371
152748,0.0003594524560311574
152749,0.00029083901604157154
152750,0.00038253055608170045
152751,0.000618657725164188
152752,0.00033507087984272366
152753,0.000683018759767528
152754,0.006548345307267165
152755,0.0016925272577048803
152756,0.021838219036770277
152757,0.003224704404128331
152758,0.000596844225789903
152759,0.018200196182622176
152760,0.0020020502170047033
152761,0.00034487480688017526
152762,0.007190504009311214
152763,0.0003867871993330432
152764,0.9889269930259071
152765,0.0019568714200850624
152766,0.002644110329637783
152767,0.00028860568485132544
152768,0.0002523327008199096
152769,0.00042314342057724725
152770,0.00037515936837799425
152771,0.002289679377996835
152772,0.07023007927861313
152773,0.001191540010855682
152774,0.00038302272976475704
152775,0.00030557703625505453
152776,0.0003460535250248722
152777,0.0010838547934772496
152778,0.0011768233367874434
152779,0.0002176994832551199
152780,0.00014469084750935986
152781,0.004332455286055176
152782,0.001938724602552365
152783,0.0009883202761496886
152784,0.004412327483613998
152785,0.014177747429812225
152786,0.0002786521702604577
152787,0.00030051913643518706
152788,0.02655588472901521
152789,0.00032346737248494054
152790,0.00035859812510230136
152791,0.0028792954106253376
152792,0.0006796914992423823
152793,0.9254553423217162
152794,0.004428495531987412
152795,0.0002162730845049494
152796,0.0020667200859733493
152797,0.00031799167718023837
152798,0.0007715805528711171
152799,0.006333457160714795
152800,0.0012479532018180401
152801,0.0004288585867962307
152802,0.7199240773539825
152803,0.0036513010908449783
152804,0.9907627296894165
152805,0.00025791389760686933
152806,0.0016936304843991063
152807,0.0005222510478272532
152808,0.0013189446834737419
152809,0.8304478759907673
152810,0.0018980755587380887
152811,0.0005789443705141263
152812,0.0003468048897250182
152813,0.0033361403290212903
152814,0.11900302294051922
152815,0.0004616500460935489
152816,0.00039515639313508863
152817,0.24776157993371875
152818,0.028592752394437756
152819,0.0036672807514835704
152820,0.0004879920162918311
152821,0.0006584724408071691
152822,0.0008789747552270681
152823,0.00029409189513964726
152824,0.0015882748141998733
152825,0.0035842306648396155
152826,0.9888360728023445
152827,0.005510074520591961
152828,0.0002480918627771979
152829,0.0012660830240976526
152830,0.0004271117275477525
152831,0.0017502263470988715
152832,0.0010875739232204147
152833,0.000549909730105202
152834,0.0002723586034143796
152835,0.00797338611204991
152836,0.0005539537687318224
152837,0.005578091400377493
152838,0.9975520576987488
152839,0.00029044672988569385
152840,0.00048139009891136895
152841,0.0002830154194226095
152842,0.9912707242721316
152843,0.0007643392475003917
152844,0.00368623966961181
152845,0.00034048817362421544
152846,0.00017655064554910534
152847,0.0008721448621931449
152848,0.006494510676562873
152849,0.0002796459074733613
152850,0.6208488660791284
152851,0.00018948444724560165
152852,0.0008551265228729164
152853,0.00027753838236658986
152854,0.004389109596541182
152855,0.0005620092126016834
152856,0.0005521404439578097
152857,0.001649045725072112
152858,0.002127170017077271
152859,0.009031643641199029
152860,0.0024779912115069614
152861,0.0021416401903820797
152862,0.00024664132357324743
152863,0.00029504831226137616
152864,0.010117823650851366
152865,0.0005472576406760784
152866,0.034430072835677665
152867,0.00768520861311294
152868,0.04957634309392356
152869,0.00038419928547289836
152870,0.0002240278768679344
152871,0.0004241116492347609
152872,0.0007946000800725468
152873,0.0009138631815485087
152874,0.0006158203831255506
152875,0.002147512119477628
152876,0.0003335140463322857
152877,0.9946619153352355
152878,0.9919960481952708
152879,0.00322001967740779
152880,0.00017675252276862474
152881,0.00111794708798837
152882,0.9854559089785062
152883,0.6441090717120678
152884,0.001473209338102456
152885,0.0005147037384987483
152886,0.0005707245658404894
152887,0.008902668730930529
152888,0.0003368502280592575
152889,0.001989460518614476
152890,0.0003814273143338213
152891,0.00019791442355470508
152892,0.02184130845898658
152893,0.4630385720253598
152894,0.0001133198833544022
152895,0.0014199132593117596
152896,0.05897111721123702
152897,0.9945450816540018
152898,0.0002364314757077674
152899,0.0003873820923615842
152900,0.0013223773679591194
152901,0.9897977177236362
152902,0.007000770879717568
152903,0.0017509457178415712
152904,0.0016298771389081721
152905,0.002249607742152891
152906,0.00035873396366115074
152907,0.0005552391632759937
152908,0.00026539427672068387
152909,0.001752910744064693
152910,0.01947194846243555
152911,0.00023097843647147594
152912,0.032842049498216924
152913,0.06521759054819198
152914,0.0009466606271139815
152915,0.05510703122514147
152916,0.000274306383385616
152917,0.9925147912768468
152918,0.0003507572967433693
152919,0.009679291222447612
152920,0.0019090308894397841
152921,0.9937000137180138
152922,0.0005072428836543497
152923,0.011024830994923993
152924,0.016314591096614647
152925,0.05671385539120291
152926,0.0007898993123456108
152927,0.000229996200833329
152928,0.8688002565817878
152929,0.0005220499703623893
152930,0.753838597362169
152931,0.9824835247169749
152932,0.002716553205082333
152933,0.0013059953531505387
152934,0.0018942589668872304
152935,0.0003200840200561701
152936,0.0020976078156399645
152937,0.004100624928323534
152938,0.9948224949963362
152939,0.0005351746068228093
152940,0.001013162084047807
152941,0.000418728660252005
152942,0.0023096165312063654
152943,0.0006036159046660792
152944,0.0014858446291850362
152945,0.0006265980259913101
152946,0.0007536324947640014
152947,0.977283093502697
152948,0.17745677021235676
152949,0.0005253992697580343
152950,0.0008117009534844289
152951,0.9934123299413548
152952,0.001307564481646412
152953,0.0007306550679495471
152954,0.0002700977745458418
152955,0.00012844153390628518
152956,0.0002648268807900676
152957,0.00033575814750113275
152958,0.009050770105593022
152959,0.0005598792016800653
152960,0.0001726117580889128
152961,0.0011702165373259524
152962,0.003911454319816176
152963,0.0011706591226689719
152964,0.0004038787568154108
152965,0.0004793118996023398
152966,0.0009350222611871716
152967,0.0002720629125403594
152968,0.001807171863526361
152969,0.0004342075359493655
152970,0.00020126449469288146
152971,0.993795723933974
152972,0.9827428473446969
152973,0.0009852660411662879
152974,0.0013733023432189228
152975,0.010841967810071875
152976,0.0013724857958615666
152977,0.9927670007730215
152978,0.986391576929516
152979,0.312667048361219
152980,0.03991518988251589
152981,0.00014109726341666695
152982,0.001632944943311308
152983,0.00016619640680900412
152984,0.0013556199476662694
152985,0.0032745630390579833
152986,0.0002819175817849461
152987,0.00161290267826267
152988,0.9910751875616789
152989,0.12662845885077315
152990,0.0004361050535620563
152991,0.000583425182110899
152992,0.02663686240641372
152993,0.00042064138545691153
152994,0.04318681078569516
152995,0.0004206251791074051
152996,0.0044188614351312674
152997,0.992065970480442
152998,0.0032869004989364166
152999,0.0028480426830406126
153000,0.0001299936221144867
153001,0.012283281399839897
153002,0.002431235841125425
153003,0.00018346128227951397
153004,0.01252309491020175
153005,0.0004662440444924856
153006,0.9938040413614562
153007,0.9921886554699342
153008,0.9968235854142127
153009,0.00036400374126243214
153010,0.08524134384353468
153011,0.001157479167273816
153012,0.00023458646841955383
153013,0.00037440070936114143
153014,0.00014419921467986595
153015,0.00919627910163639
153016,0.01627892984270568
153017,0.0008456385214199832
153018,0.00046714356056833936
153019,0.0003385615339009358
153020,0.0012039177554834558
153021,0.002402011648976483
153022,0.004175549465454345
153023,0.9899357639499424
153024,0.005868957336335331
153025,0.00023148387252519415
153026,0.009798257936144078
153027,0.002419494100294005
153028,0.0009242864170463433
153029,0.0015258955330784462
153030,0.0006873070216075972
153031,0.0003938127196267894
153032,0.00030916270272921274
153033,0.000403254408300017
153034,0.0029234341682883376
153035,0.0008268213167237056
153036,0.0004226647025612121
153037,0.0020547004145308133
153038,0.00037500079372949213
153039,0.0007871573614139465
153040,0.9856325524166446
153041,0.00198261211866791
153042,0.001571116722636558
153043,0.0003210988916195601
153044,0.0017647500572098547
153045,0.001113076575244709
153046,0.0003678717656752133
153047,0.00029545533400897296
153048,0.001000263356858657
153049,0.0012830268359821102
153050,0.0005188752965310255
153051,0.0002819012151222142
153052,0.00282047106408474
153053,0.0002787872528835107
153054,0.3292807410036022
153055,0.011680664521676858
153056,0.9941403098914843
153057,0.9939996277914397
153058,0.00029323600435792645
153059,0.9931751424290163
153060,0.00037481316816109523
153061,0.0016219194842884118
153062,0.00021128174752603067
153063,0.0003539918975161125
153064,0.003977675046187433
153065,0.0019838916804401723
153066,0.9914209032228524
153067,0.0006361799735958522
153068,0.0012187744805454077
153069,0.2711015252076673
153070,0.00150741743738083
153071,0.00017165056975215537
153072,0.014667498431729488
153073,0.0006518644935235263
153074,0.00027539138734565836
153075,0.022144607607430134
153076,0.0021778821701501526
153077,0.00028337722799490396
153078,0.0016422158024994684
153079,0.00037430822801625156
153080,0.0005209215673475622
153081,0.003926253306692061
153082,0.00021470525435729812
153083,0.0005715211316183537
153084,0.005359026339446363
153085,0.002425934743512075
153086,0.9911572844650702
153087,0.0020720423554358297
153088,0.9955987907953013
153089,0.00028662718847726203
153090,0.00024103197198866239
153091,0.0006078800668755144
153092,0.020617810212177023
153093,0.0007568460243617461
153094,0.0012574552666223782
153095,0.00017770202664416839
153096,0.0003160987077317085
153097,0.0037084079894823168
153098,0.13250483863882964
153099,0.005814968348773538
153100,0.00034406351647752094
153101,0.3176753169088133
153102,0.004075216567602216
153103,0.0015863808800435388
153104,0.0020535336832001347
153105,0.9482957656920848
153106,0.0029919588922480375
153107,0.992830346898946
153108,0.0015633233728185477
153109,0.035165998447997816
153110,0.0005019756941565502
153111,0.0002883342127777441
153112,0.0001524394651658289
153113,0.9830058870521248
153114,0.016479626965762852
153115,0.0003286555810207428
153116,0.0007816666764539689
153117,0.002821535290371358
153118,0.0022980258393131225
153119,0.0008265061006952908
153120,0.00037255181111961504
153121,0.0010580065633000342
153122,0.0007560445144683648
153123,0.9917087504870209
153124,0.005966000910942585
153125,0.00022376927615342247
153126,0.9940422696675245
153127,0.0069206201585428374
153128,0.0028177142330442764
153129,0.0003224725705276999
153130,0.001560705324013604
153131,0.00031226754947385305
153132,0.00771815145978679
153133,0.003726145685671068
153134,0.00014589744146319968
153135,0.00021484549189357876
153136,0.00021551391909292576
153137,0.012376478233811978
153138,0.0005911601052582444
153139,0.001116531510762089
153140,0.003361517735371076
153141,0.0003554127520612608
153142,0.0004657771137037653
153143,0.013081496484662707
153144,0.00037017572756761665
153145,0.0003567038228419672
153146,0.0010453997895269605
153147,0.0014404495595724525
153148,0.07567154562953718
153149,0.00010978970865870484
153150,0.0035929817364215182
153151,0.02372042605627795
153152,0.0004032860990859925
153153,0.0011348484348195976
153154,0.9903096882012392
153155,0.0002375616287351027
153156,0.00545017560336803
153157,0.00045702028362430344
153158,0.00019536247732155555
153159,0.0037168673148284667
153160,0.00021705407415033323
153161,0.00037014210522384966
153162,0.0043306799675232165
153163,0.0033500858124086486
153164,0.02210029482333995
153165,0.009196646937734707
153166,0.10139796845509992
153167,0.00027796005340435754
153168,0.003520203749424066
153169,0.003709525377448322
153170,0.9795801223763313
153171,0.002719130652890168
153172,0.9902730006015321
153173,0.021911790367178267
153174,0.00020196797215979887
153175,0.9854813003730115
153176,0.0006870712473916218
153177,0.03953860763707579
153178,0.00027400166577743466
153179,0.000570982654225276
153180,0.0002729592489945559
153181,0.0002559757631946462
153182,0.06792286245263356
153183,0.00038523933147881364
153184,0.0002089981112045119
153185,0.0015455472954083618
153186,0.00018987441687636232
153187,0.8733101988219323
153188,0.0055411595786103215
153189,0.0015870883474122656
153190,0.00031664047400834384
153191,0.0028411149995517127
153192,0.9838750764575578
153193,0.140176727065671
153194,0.000373806981990677
153195,0.00019463056592439326
153196,0.004060957330208857
153197,0.9921807303982542
153198,0.00047624313991077936
153199,0.008649866677970908
153200,0.9777032417146069
153201,0.0006836560785276289
153202,0.0340116682425171
153203,0.7232051481806459
153204,0.00045778676262625697
153205,0.0010550310396896935
153206,0.9894876145804429
153207,0.001058020639185956
153208,0.00021601746181853932
153209,0.018591108606831008
153210,0.0013569345837395987
153211,0.07105702599309371
153212,0.03240675856782249
153213,0.06569116870198856
153214,0.3892588118748359
153215,0.036471549850071894
153216,0.0011879104760118924
153217,0.0006078419805587479
153218,0.009761803755534265
153219,0.0024324676187445124
153220,0.0004881404159211939
153221,0.16825740863624808
153222,0.0012797721471855146
153223,0.0004288562809509882
153224,0.9938085937363547
153225,0.001756503874815404
153226,0.00044727570195820463
153227,0.0009450597641090034
153228,0.0015664645266935697
153229,0.004214998311733017
153230,0.0038949697436913744
153231,0.004970640056046663
153232,0.0008278106722011016
153233,0.07233607649024144
153234,0.031000247185669325
153235,0.00045519681578448467
153236,0.9431020756130338
153237,0.0005294152974947056
153238,0.0004910473188980058
153239,0.0005307050259404083
153240,0.0014293904733017264
153241,0.0017444527022701876
153242,0.0021242560929886586
153243,0.00098586727568063
153244,0.011673496424263779
153245,0.00040254810375469854
153246,0.0013440138080376251
153247,0.9924675698188015
153248,0.000355663701234726
153249,0.013092456354337232
153250,0.0004704996773626539
153251,0.9940008397132745
153252,0.007029797838858999
153253,0.000570835544565472
153254,0.0006450277980780473
153255,0.0027074548152522964
153256,0.004116816264204541
153257,0.0008902754102231603
153258,0.00020799071722371994
153259,0.016423225956415214
153260,0.004139707437231644
153261,0.9843962302100648
153262,0.0006926838170402473
153263,0.0008304017948886865
153264,0.0021793215677670514
153265,0.0007063085342630623
153266,0.9927514484138817
153267,0.00042208625460348777
153268,0.0002131530970676752
153269,0.0007860357522001683
153270,0.0017472602967359874
153271,0.07166894558321513
153272,0.0008333585311994803
153273,0.0030316325575510256
153274,0.035548879875099686
153275,0.9775045715561972
153276,0.00028801765332498374
153277,0.00032063375613507097
153278,0.7676090045598016
153279,0.007170889732242601
153280,0.0005776555099020643
153281,0.0010391134925135234
153282,0.002840780248979953
153283,0.0005796237075203537
153284,0.02492502141300192
153285,0.009242196083741916
153286,0.009819844774703651
153287,0.0003758235456811555
153288,0.0006082809508918156
153289,0.0009457590795482753
153290,0.00040873532244889893
153291,0.0012987362519440004
153292,0.00021171871757697677
153293,0.0001222824914612264
153294,0.0033468211241046253
153295,0.009172303501648937
153296,0.9939688716589388
153297,0.00332900588334034
153298,0.0032728331758741873
153299,0.011093310259348364
153300,0.000737892480613648
153301,0.0005552679749631155
153302,0.00022375211585999675
153303,0.001479459586523907
153304,0.0002490722556654279
153305,0.0005581083830338831
153306,0.0005077321501547036
153307,0.0034646503141630564
153308,0.0006805111330383433
153309,0.0013556686330313853
153310,0.00207213068626204
153311,0.002869640867018052
153312,0.0008652779452929694
153313,0.03808177408448553
153314,0.0006173684414803649
153315,0.00023550125792830398
153316,0.00016891500545631132
153317,0.9831583337026967
153318,0.015562287936435323
153319,0.007813025152297252
153320,0.0012972778470598221
153321,0.028021879446095747
153322,0.002535975514285448
153323,0.07379269850202444
153324,0.00037090416815312285
153325,0.0006337622284574746
153326,0.001614936807396815
153327,0.0010666923943469131
153328,0.04383398856447169
153329,0.005776442792455749
153330,0.0005852733175770002
153331,0.0003287452145324307
153332,0.011757023684790098
153333,0.00020010336501626058
153334,0.542569611799436
153335,0.002193870623122066
153336,0.001520187836809034
153337,0.00030531380472658353
153338,0.0003199720836275063
153339,0.0013112219452818567
153340,0.0008167060582712862
153341,0.0005807821415252108
153342,0.006542958976625281
153343,0.001009934755484576
153344,0.0014032244682317993
153345,0.002550150840114326
153346,0.9427741934899023
153347,0.00042235680532284805
153348,0.001434138542536444
153349,0.0015654152851479425
153350,0.0002854035620590282
153351,0.03404351905544733
153352,0.06408686954430334
153353,0.14470591892834803
153354,0.0023137322511746043
153355,0.0003841627180468319
153356,0.00033819876489768334
153357,0.0005708844183329251
153358,0.9877612789975768
153359,0.0007799260884644714
153360,0.0003887966795685288
153361,0.0034700686286616212
153362,0.000751094278439089
153363,0.0026344594556482657
153364,0.007121978902008575
153365,0.0018538531127773438
153366,0.00018024472097129718
153367,0.002767134321497826
153368,0.005577668439669242
153369,0.9941745844386011
153370,0.0003547890296661854
153371,0.00023552667369124085
153372,0.0009962054564612547
153373,0.0025343298194764347
153374,0.0005786939691081929
153375,0.0006537498914638404
153376,0.00038136051677354737
153377,0.0003243980110272512
153378,0.0010152316497033826
153379,0.0003431426625022716
153380,0.0004898419660726969
153381,0.011048597650745945
153382,0.04873161325266853
153383,0.989693272543566
153384,0.00024300894403941109
153385,0.0022589441112993856
153386,0.000493907585904718
153387,0.000367583564490279
153388,0.00020026928200402104
153389,0.0037867772410309923
153390,0.025851204825215024
153391,0.00039966268480010937
153392,0.0005542638512929175
153393,0.00711082671990624
153394,0.006086085024956842
153395,0.0024926206234466446
153396,0.001344553997457181
153397,0.9278480469743903
153398,0.9763638136972379
153399,0.0001541641446585022
153400,0.005749341224306075
153401,0.0006336605595549258
153402,0.09500477246674983
153403,0.0005366382135633437
153404,0.0001544697493403647
153405,0.0012332709059191776
153406,0.00018889930285103488
153407,0.0003815496433047509
153408,0.0007478259971018134
153409,0.017516107585490943
153410,0.0006322946636950917
153411,0.0006697375749996603
153412,0.015184644885191109
153413,0.010116462736697548
153414,0.023575621086753724
153415,0.017464682903367522
153416,0.923621573096761
153417,0.0004150876630795017
153418,0.05388070626658139
153419,0.0002307542601130854
153420,0.0025398289547470657
153421,0.0024891792781235413
153422,0.0004230018658622465
153423,0.00027291918902611767
153424,0.013724307258655205
153425,0.0007309931467821465
153426,0.0005858407902017194
153427,0.001411506591946445
153428,0.000807033733529112
153429,0.12799002873424023
153430,0.0010023064298657239
153431,0.0010604608260657835
153432,0.985978369897789
153433,0.19968673069380788
153434,0.0031092546186912897
153435,0.007238740024019
153436,0.00033747736384134
153437,0.45739822280864645
153438,0.982934528535349
153439,0.0004849601432437145
153440,0.0010608190399990461
153441,0.270106333124243
153442,0.0018935964837616432
153443,0.0004818243420783978
153444,0.0005984784888597114
153445,0.010137574009435012
153446,0.00673845894629894
153447,0.010426998925603245
153448,0.0005907047218221069
153449,0.00022713797690143296
153450,0.0018948992747666491
153451,0.3388729148984499
153452,0.04841083798984884
153453,0.00035141960118498954
153454,0.0005304417065338872
153455,0.030046095499572236
153456,0.0005383730825371035
153457,0.0015868140837895844
153458,0.0005641357197998439
153459,0.00046790231445546673
153460,0.0034280554959287388
153461,0.0017712705199611873
153462,0.00175457954151502
153463,0.00035046190831278793
153464,0.008580055011424373
153465,0.0213057403009339
153466,0.8298895881036715
153467,0.0003217923027496973
153468,0.015466632376584842
153469,0.00021473349034326007
153470,0.0013634624003983507
153471,0.00018377896318621604
153472,0.08359748062102074
153473,0.00024645811578151346
153474,0.000249560720428167
153475,0.010949642976821692
153476,0.00045955221497507865
153477,0.002877717486290655
153478,0.972473606765809
153479,0.0008630929877074914
153480,0.0008254847694611206
153481,0.009732015176178601
153482,0.0037043704162673125
153483,0.02688640809755415
153484,0.0009179124001493818
153485,0.001329562041641727
153486,0.0005604812442722671
153487,0.0005403233260614494
153488,0.9250101122585614
153489,0.05360821170227084
153490,0.08756825595103092
153491,0.004373619905522758
153492,0.0023360542947750405
153493,0.0021606472029113803
153494,0.00027321236372546305
153495,0.0008765424715002606
153496,0.00030865990741300414
153497,0.0002790943559052615
153498,0.002083419758894196
153499,0.000341459631935585
153500,0.1410837253210228
153501,0.2744115923895841
153502,0.017280142812645553
153503,0.9116524016250582
153504,0.00782783730337132
153505,0.0003163892700492789
153506,0.0005780624015209673
153507,0.0004983192321538452
153508,0.03536779055004451
153509,0.00859231949623869
153510,0.9891876932842258
153511,0.9395743544863709
153512,0.0063260298847844345
153513,0.015219341109836956
153514,0.0018609927089085555
153515,0.0005301794011057465
153516,0.0004720308783042064
153517,0.0004621450606166719
153518,0.05443895477924578
153519,0.0007142363937962181
153520,0.9830935429022991
153521,0.0009279276624233133
153522,0.005805031964863125
153523,0.0016736739903579685
153524,0.0005411035610982958
153525,0.00018636041820597256
153526,0.00019327241445362377
153527,0.07531595955865622
153528,0.010383370173719602
153529,0.0012294843671443888
153530,0.9944643863689067
153531,0.00032407320162678664
153532,0.007177378021052287
153533,0.0004494291155411666
153534,0.0017054541167121238
153535,0.0003066456719280026
153536,0.0006802334554501709
153537,0.0004984469628029603
153538,0.0006957583763578858
153539,0.9900795292609322
153540,0.7064026708326007
153541,0.0003846828778538222
153542,0.9950664369713573
153543,0.0003704732341040452
153544,0.0005130457365896525
153545,0.0002752368466479737
153546,0.04609175589404347
153547,0.13860518827444016
153548,0.0005546851757393533
153549,0.0006431615604410144
153550,0.009005640860574097
153551,0.9916967244646209
153552,0.00036315944980219934
153553,0.0014095525660228804
153554,0.005539235865891856
153555,0.07120769688615029
153556,0.000661268019999219
153557,0.0002452728906106656
153558,0.004125091560627365
153559,0.00026310846652322924
153560,0.00829206880945053
153561,0.0007875811111596792
153562,0.0011593992472381264
153563,0.0010437533920460657
153564,0.022060403342094623
153565,0.0286897898342826
153566,0.0002662995177476595
153567,0.016971556397947025
153568,0.00036061228593970985
153569,0.00107113040848992
153570,0.9945376127035787
153571,0.00022695712855171272
153572,0.0013167568139583641
153573,0.004882908990229594
153574,0.9883360251285123
153575,0.0003462300244999672
153576,0.00013514476240595235
153577,0.0002574514410236366
153578,0.0002729258733894648
153579,0.002057307688640542
153580,0.004513756873250064
153581,0.0007779615308605742
153582,0.00021988643787955285
153583,0.0003371267221076334
153584,0.014588097288503712
153585,0.5888575439744524
153586,0.10532967714135008
153587,0.0014013117539655074
153588,0.0005257422753854342
153589,0.00020554711923113946
153590,0.0008224389204664773
153591,0.0011539334418308015
153592,0.00015141215489379884
153593,0.006813730366028314
153594,0.0005955019639050364
153595,0.00027430421371803693
153596,0.005812991482067165
153597,0.006792019131530251
153598,0.0009321378091515489
153599,0.0002507477086376938
153600,0.0007131078269082445
153601,0.0006891542147019174
153602,0.0032870808802865008
153603,0.006749614576904482
153604,0.0012732135569564788
153605,0.002323566595397236
153606,0.0009413482586670775
153607,0.03365243928729898
153608,0.0003026110404139026
153609,0.00030964706078213554
153610,0.00023370974825013117
153611,0.001021291942187443
153612,0.0006917451163335302
153613,0.0011326158732686618
153614,0.00027495114008860007
153615,0.8124286152611718
153616,0.00014926957347134688
153617,0.0005990681660015553
153618,0.00040974651545963245
153619,0.9922439676797481
153620,0.0034572812398446255
153621,0.0012242307391323777
153622,0.027546075670443017
153623,0.0019713384775052467
153624,0.0012124488249492876
153625,0.0008329504851134848
153626,0.00024827100684328787
153627,0.0016377173067285708
153628,0.9882373447654079
153629,0.0006035335091693339
153630,0.0007748465118057057
153631,0.008552701418262825
153632,0.0008176597986345978
153633,0.002213468103498679
153634,0.00045587327083342267
153635,0.001346159630358153
153636,0.00048046812373786165
153637,0.1298797749341803
153638,0.0660455458912471
153639,0.37363095188450773
153640,0.9863876251555752
153641,0.0026119892830233226
153642,0.00024956833622676955
153643,0.670679847461383
153644,0.0008600607933926058
153645,0.00021388456346679643
153646,0.6271750264657832
153647,0.00045085456831947947
153648,0.00021085516126845668
153649,0.00029954228936390835
153650,0.0009248389218027892
153651,0.0012405294948113661
153652,0.013434360807699471
153653,0.010631825274494437
153654,0.0002923334090508784
153655,0.0013061456655930391
153656,0.0007575561946027634
153657,0.0007228912743488009
153658,0.0008867658337042655
153659,0.0012998398749548142
153660,0.198839747124953
153661,0.0038759575812986197
153662,0.990460743602003
153663,0.9902944326032503
153664,0.0014155659388995472
153665,0.000756724252184925
153666,0.8922620835215614
153667,0.09009206104399521
153668,0.0014002846765267004
153669,0.00017616487083829536
153670,0.00029377936677777507
153671,0.19133711135122072
153672,0.009295954723578734
153673,0.9892433538971047
153674,0.00022792002489497966
153675,0.024063226852935476
153676,0.7558683564729287
153677,0.00022874031245635407
153678,0.0007501205105715125
153679,0.029322594706640975
153680,0.00036897503712008246
153681,0.0007539815224397095
153682,0.0006358188673609768
153683,0.0008601452349395534
153684,0.0012282082298196518
153685,0.0017266267188646319
153686,0.1715741791829368
153687,0.04603356961533013
153688,0.00020406562826200564
153689,0.01611147092301055
153690,0.988970385052041
153691,0.00072604363325219
153692,0.0003417956051824059
153693,0.0009974444133628464
153694,0.00029784613901096587
153695,0.00032634218764112657
153696,0.00023819528097963202
153697,0.00030833603981409986
153698,0.042628037728547535
153699,0.013947558486039796
153700,0.9913680510316193
153701,0.0010992167418785394
153702,0.001733304742501559
153703,0.028688494696246448
153704,0.00018943394635207174
153705,0.010883838161907177
153706,0.0003246624722280839
153707,0.00019282100020865707
153708,0.0005738941694849865
153709,0.0004270080165370866
153710,0.001189827736420433
153711,0.9902845611101372
153712,0.003671531184014882
153713,0.0002638155187791105
153714,0.00026598510929389256
153715,0.0009629941995863602
153716,0.0007158102272220881
153717,0.05242680481740744
153718,0.0018808926026358988
153719,0.0012781850718047924
153720,0.0010253318100389148
153721,0.0009366230446208132
153722,0.0041108804159406915
153723,0.00159318137410455
153724,0.003412225388564044
153725,0.980581547441434
153726,0.002312124474181465
153727,0.0003794927048181436
153728,0.00017198956698035787
153729,0.0016255558741898285
153730,0.0009794471911471917
153731,0.9887965878848404
153732,0.0002603330685558203
153733,0.000682836526863225
153734,0.0007036301870586923
153735,0.001038666844708034
153736,0.0007775207772074743
153737,0.03684686495777483
153738,0.06627940070676387
153739,0.9880650285973142
153740,0.0007250595607280521
153741,0.04729967119376418
153742,0.03634878995453917
153743,0.0003023295272642741
153744,0.03308982970093972
153745,0.0014504209181493925
153746,0.0040749435080891
153747,0.0002607448959735805
153748,0.00040652303511723437
153749,0.003891957298012957
153750,0.006769625825849069
153751,0.002734859441840784
153752,0.020075450127003094
153753,0.010525614959163541
153754,0.001211594543453342
153755,0.00018943472096742187
153756,0.0011135133105856412
153757,0.007038832261686045
153758,0.0012144282613880965
153759,0.00022076860506136192
153760,0.0002541840767130605
153761,0.00033820438767409464
153762,0.0014666362509515366
153763,0.0005937882599286997
153764,0.0013018466636956737
153765,0.0002992168243416059
153766,0.00015788651313017665
153767,0.0007887609787196132
153768,0.00021301437714023647
153769,0.00026891828144622894
153770,0.0018988893553486658
153771,0.000642400370897053
153772,0.021962729189775845
153773,0.12378580805009312
153774,0.0013040087492081228
153775,0.007972446520774034
153776,0.015394587850704411
153777,0.0003420348904007492
153778,0.0005528051518826899
153779,0.0004490075350603807
153780,0.0003206762174266516
153781,0.002545744923272474
153782,0.007230012774051226
153783,0.4137942631421996
153784,0.0009860389045451394
153785,0.0006731998442734921
153786,0.00031636249803016517
153787,0.9826011367025411
153788,0.0005254354754415525
153789,0.0004081660412675375
153790,0.00041515458793353556
153791,0.0003797647295809727
153792,0.9714470088033428
153793,0.0009873189043701663
153794,0.0004899274103610437
153795,0.0013328580310505017
153796,0.0003969653971981341
153797,0.0003605012073263933
153798,0.0008645477569443152
153799,0.02185152940465394
153800,0.016570463750243927
153801,0.003909693106177944
153802,0.0006962938188665322
153803,0.0004978918148339985
153804,0.00032586636619624337
153805,0.0003709856794134643
153806,0.9840263066342319
153807,0.0002663993424234724
153808,0.9941912371947793
153809,0.0006355520169283623
153810,0.0007374835616615489
153811,0.00021093106764298022
153812,0.9704917014308884
153813,0.00036428724828263244
153814,0.0006974859351402614
153815,0.11875623981792943
153816,0.006305298202130513
153817,0.000220036618754735
153818,0.0025051185798565974
153819,0.0009588870286299172
153820,0.027335067532774752
153821,0.0005322094513320552
153822,0.005581460234257757
153823,0.0009164368644516768
153824,0.004406830782754813
153825,0.011406541142124943
153826,0.002330356760616754
153827,0.0009765967190966598
153828,0.0011102592665112306
153829,0.027913367467129968
153830,0.009154206518699684
153831,0.0014831177801181263
153832,0.010068792941363217
153833,0.0012872864338320529
153834,0.0009249074008014206
153835,0.0008236631784601933
153836,0.0007595389269648907
153837,0.0009222798550814328
153838,0.0004135518854576057
153839,0.00259784932044259
153840,0.0024179197135304887
153841,0.003110781776477056
153842,0.9934634099333068
153843,0.00016947121372136296
153844,0.0007144713608816641
153845,0.01859818108421392
153846,0.0011353438323097444
153847,0.00027824186954192456
153848,0.0003649843467088997
153849,0.0024427660535876637
153850,0.0032610358637435543
153851,0.0002808098597665633
153852,0.0004163933284355839
153853,0.000800665399786498
153854,0.0003791735924570489
153855,0.000393274840708811
153856,0.0004916619934326771
153857,0.0003593290722941526
153858,0.0031738019317780982
153859,0.0035837610039886453
153860,0.9915574609934126
153861,0.16340584014442355
153862,0.009693013103458105
153863,0.4575950880957229
153864,0.0013742967650613408
153865,0.0004109858493725793
153866,0.0006461939128590499
153867,0.0004365885822680374
153868,0.0015091832851924164
153869,0.0012549007174509036
153870,0.0037719318843349226
153871,0.004042544729124931
153872,0.0032978310346201698
153873,0.000809616787905036
153874,0.0003055300971046554
153875,0.07772008062311818
153876,0.008800981934960482
153877,0.0447944056157396
153878,0.00044933223982059826
153879,0.0011180917170610359
153880,0.001955879613357776
153881,0.008142485246439434
153882,0.00028081684877344327
153883,0.0006141962066671765
153884,0.0004456081329111525
153885,0.0663644772778621
153886,0.0019634798478870914
153887,0.0009964629781584332
153888,0.004937691749816547
153889,0.0017563951771606856
153890,0.0006687121510989084
153891,0.0003048232629508824
153892,0.0007792371219651149
153893,0.000552085732787646
153894,0.00035316614798929543
153895,0.018993616500764202
153896,0.03763499984395874
153897,0.0003448529871895716
153898,0.9783310679815742
153899,0.00043393973008756435
153900,0.0012963093859730622
153901,0.0002032409678909173
153902,0.0030958410194036447
153903,0.003194030343789036
153904,0.00046914493235262903
153905,0.028884586364732442
153906,0.9975878515547479
153907,0.683931529068791
153908,0.012606547281499689
153909,0.00023074987063126276
153910,0.0006546964152812906
153911,0.00037446274186845295
153912,0.00039869545171786956
153913,0.00020418975116300942
153914,0.001297205334612125
153915,0.001166095272392219
153916,0.002669027791939394
153917,0.0009476200505938118
153918,0.014905530722882296
153919,0.0019888402513803223
153920,0.0003554986474241546
153921,0.7188158919504439
153922,0.0023578641402755385
153923,0.00020524888257048794
153924,0.00032375000333037594
153925,0.010048202893253734
153926,0.0005365473694151922
153927,0.00036918289514525725
153928,0.0018264959237613578
153929,0.014109648753269
153930,0.0014559723262591445
153931,0.0009387036316702144
153932,0.0019848423712100645
153933,0.0013177221169524765
153934,0.0009832576446179547
153935,0.023810895359410066
153936,0.0009137473099435639
153937,0.0002861685177068306
153938,0.0001839547227447146
153939,0.004142539686108532
153940,0.9910009898311697
153941,0.016581624563591114
153942,0.0023955906651176827
153943,0.9895096788797741
153944,0.992202789671735
153945,0.0009067740279587092
153946,0.00396522229049514
153947,0.00019020376819444044
153948,0.9932080550002429
153949,0.0002354990809175987
153950,0.0010870142016123738
153951,0.018832528246065648
153952,0.0014791515399246572
153953,0.33049372445128994
153954,0.001146655530078571
153955,0.0038301357308339994
153956,0.0001801564367372584
153957,0.002105265762398149
153958,0.0003777366286094709
153959,0.0009048860513962662
153960,0.004253100518889611
153961,0.023464862686701303
153962,0.0010221473067524563
153963,0.04219470423664497
153964,0.03413098807749268
153965,0.0011007832432707169
153966,0.00021680438627908976
153967,0.0038433303902588537
153968,0.9853924917807759
153969,0.004877525528570167
153970,0.005470854983617384
153971,0.0009228789600329495
153972,0.0005365620723395285
153973,0.00019633746004651652
153974,0.015320267676300616
153975,0.00036933598896767087
153976,0.08948278971998876
153977,0.0006330576771573676
153978,0.0010281761757390086
153979,0.00010149559899691118
153980,0.983153388046547
153981,0.0011257321594178391
153982,0.00036571929092802464
153983,0.0003778825156117721
153984,0.0003781160028882776
153985,0.0001523081526180721
153986,0.0007252148739934731
153987,0.016186565654439825
153988,0.00102305276528759
153989,0.0073228353646916265
153990,0.0005028686544922958
153991,0.0002921707348289204
153992,0.006447666703700617
153993,0.0009203245453060082
153994,0.009037396943718107
153995,0.0003114579513276828
153996,0.019828502323586406
153997,0.000610208859239382
153998,0.005255563401182085
153999,0.0012296900469785886
154000,0.0002456100918676325
154001,0.000918619777710842
154002,0.0003405567786976909
154003,0.0010385691728812976
154004,0.981327529391288
154005,0.0002906752334254675
154006,0.0003538641932165747
154007,0.0005415038379967198
154008,0.0017031755042720075
154009,0.0018998129604475083
154010,0.004217975440972075
154011,0.001599097887578293
154012,0.00021715715375556893
154013,0.008205900893459682
154014,0.0002464916866869815
154015,0.008766010320029964
154016,0.02279771662990827
154017,0.9883368811624003
154018,0.003007041033253411
154019,0.004688297207271727
154020,0.005618692369614963
154021,0.000685067046495553
154022,0.005419609889181699
154023,0.0005205424084282652
154024,0.000444443687775176
154025,0.5036724866463764
154026,0.9105602375151943
154027,0.009983265442720017
154028,0.0019383509242663665
154029,0.22078761118783805
154030,0.0001582999650615747
154031,0.0015074099506956285
154032,0.0002561430612887465
154033,0.9915693985901203
154034,0.015494674167707957
154035,0.05611597591040259
154036,0.0001931151419242705
154037,0.0003127728448350871
154038,0.0019617713392602863
154039,0.0005672737582059323
154040,0.005360881141876817
154041,0.44114756683969536
154042,0.0038038862125504484
154043,0.9940062052930988
154044,0.9924240204982062
154045,0.0016552056493391418
154046,0.007480982583885622
154047,0.0021588883625922217
154048,0.0003665276668769794
154049,0.00015754974736401225
154050,0.00038675551266087715
154051,0.0004040038885248741
154052,0.0032052434734274916
154053,0.00798165483104628
154054,0.009581551168168828
154055,0.0005706473189223999
154056,0.00015103417786759224
154057,0.0019352231460559072
154058,0.0005529552184922005
154059,0.0010024451048956118
154060,0.0034980791889328944
154061,0.0005343456455615858
154062,0.0002277224958974313
154063,0.03585348282085785
154064,0.0006062342625224459
154065,0.001440434696660809
154066,0.0011624972733423374
154067,0.000321092981706601
154068,0.0011469511880064156
154069,0.00022453524072734452
154070,0.0018477175937477305
154071,0.0004214221312635325
154072,0.0001906876350140782
154073,0.0004825014227813747
154074,0.0005924043649450906
154075,0.00023457128861493985
154076,0.6152004182021569
154077,0.06689536648532439
154078,0.0005219273003587707
154079,0.001129454762749532
154080,0.02537583978120681
154081,0.0009009439769290656
154082,0.000682243338952398
154083,0.00031585648256187196
154084,0.013593516781657941
154085,0.005275002775348026
154086,0.00030814289422242654
154087,0.000775908298333448
154088,0.006855255184317794
154089,0.000759466497823322
154090,0.0008260835516731889
154091,0.00013350369846710367
154092,0.007879935370399768
154093,0.06291309586734252
154094,0.00028555844857827993
154095,0.9909379558024313
154096,0.0014152602153588974
154097,0.00325930592065179
154098,0.000837325826019893
154099,0.0005690632251746459
154100,0.0004595085085946173
154101,0.00017564001295684322
154102,0.0004993565810064597
154103,0.0008639521643261434
154104,0.0024581101147811138
154105,0.0008175729503908835
154106,0.3835661139906687
154107,0.0181869215135914
154108,0.00092365302124891
154109,0.004161975833550875
154110,0.026667948336867343
154111,0.00018922088991616182
154112,0.0023981926798071346
154113,0.09145759603177935
154114,0.0003060503369111475
154115,0.00013067586136298408
154116,0.029799415609937773
154117,0.0004376297022476475
154118,0.000771580517269622
154119,0.0007256707958105722
154120,0.9894873838719912
154121,0.001860881261896114
154122,0.9905738944396104
154123,0.0006771444921356565
154124,0.0001715290560530554
154125,0.0004237261967099556
154126,0.008073729326774602
154127,0.00029755513919883493
154128,0.9912055129021963
154129,0.003398341481023407
154130,0.0016253257691209004
154131,0.0005890875881857832
154132,0.007406542160641748
154133,0.0006799419901483494
154134,0.0003816092451574408
154135,0.0009373164027530827
154136,0.0005749479055435752
154137,0.9937262299353025
154138,0.0003261133911596024
154139,0.0016051123660670132
154140,0.0007201125051848595
154141,0.0012497778412803111
154142,0.00018902154061272195
154143,0.00023282776323459086
154144,0.0008896174143498343
154145,0.010640469640292017
154146,0.001532724132062845
154147,0.0005521396911761317
154148,0.00030142845703899954
154149,0.0012459702619065966
154150,0.0006556248032560849
154151,0.00020738122118950622
154152,0.0008892645413602841
154153,0.0001220732460358665
154154,0.0007003542454623427
154155,0.9968368636235595
154156,0.003790673644429699
154157,0.0016446009264648065
154158,0.0037350729048178234
154159,0.036116479931599964
154160,0.014561702609961072
154161,0.000519786874191573
154162,0.0003919796870137958
154163,0.004491395705944256
154164,0.0007201643118476323
154165,0.0005067515517415648
154166,0.0003868830955494543
154167,0.00038131439357285107
154168,0.010383944035036142
154169,0.004878464343857819
154170,0.0003252995904735047
154171,0.000704818265963804
154172,0.001423128098053725
154173,0.0006982030720227401
154174,0.005158201657218291
154175,0.01029953669914566
154176,0.0015771825435771244
154177,0.0003801012936201826
154178,0.0011173577681442227
154179,0.016234715480412488
154180,0.005552522842539217
154181,0.0040623715237450364
154182,0.004229124277197935
154183,0.0005238034955444367
154184,0.009750805509944983
154185,0.030515360804587475
154186,0.0006295175385006886
154187,0.0037686704852727786
154188,0.00993545864966045
154189,0.0008420848486770697
154190,0.0004860005760224579
154191,0.04001533071727517
154192,0.0001683699424851329
154193,0.9847629837623847
154194,0.005270134120150029
154195,0.009473315370355062
154196,0.00016934208637476436
154197,0.0008505604802510381
154198,0.9861315471039311
154199,0.00041583663171261445
154200,0.9841147041028934
154201,0.00012428863026265406
154202,0.0004727587278336347
154203,0.0007627579143908742
154204,0.0005843619183590933
154205,0.00012189245122340703
154206,0.014820533285266587
154207,0.06596752044289819
154208,0.0031041074492888505
154209,0.002898476327108837
154210,0.0012311413623257207
154211,0.9702226191385934
154212,0.0018377569450582036
154213,0.9932223386902085
154214,0.000250967122625691
154215,0.0074511586921086085
154216,0.0003819029408486367
154217,0.003908194618584763
154218,0.00044585280701559584
154219,0.012035550645901942
154220,0.00462093477344995
154221,0.0003958415044540663
154222,0.00023965032180792918
154223,0.0002703696253026325
154224,0.0002733018319646517
154225,0.003573290481665314
154226,0.006029469857740087
154227,0.0341524419371462
154228,0.018382739533081442
154229,0.00018652072642253491
154230,0.0019350332651029403
154231,0.0018176134439455115
154232,0.0003056082292849243
154233,0.005845460568787506
154234,0.0008086517978759366
154235,0.0025439087032794626
154236,0.0007302687613933905
154237,0.0009539523158940211
154238,0.01400894753163097
154239,0.00026999743449744677
154240,0.08590534540631585
154241,0.00013806575313709724
154242,0.0013697737082359965
154243,0.0028856661592445124
154244,0.0002949191932525779
154245,0.00628241050169616
154246,0.001961104123419014
154247,0.041396286486359644
154248,0.0019077972637494029
154249,0.06843389569892643
154250,0.048550317120974594
154251,0.0010496913880475584
154252,0.0015644973027170335
154253,0.00030018490639498446
154254,0.00024865350486911515
154255,0.002693637441039042
154256,0.00029907075184792644
154257,0.0013749677159404536
154258,0.00017048797356910121
154259,0.0019239688396795452
154260,0.0005828419919307832
154261,0.0013503647930140671
154262,0.0002779922745027338
154263,0.0013920641523761993
154264,0.0019313488063711795
154265,0.0005624432220379293
154266,0.0005409389930676625
154267,0.0014602568996163144
154268,0.0002932921173596678
154269,0.0010725245392688156
154270,0.9882162288750517
154271,0.0003411716500333382
154272,0.0003606407372649757
154273,0.000419728751615777
154274,0.0003120926459842648
154275,0.005516691553581985
154276,0.0004024852251974046
154277,0.0032301926718644393
154278,0.001366052948914889
154279,0.0007073358086508567
154280,0.9934567060060433
154281,0.00034307639845266994
154282,0.000255448401332045
154283,0.0041645922989097415
154284,0.0015647604967507177
154285,0.0003095980439859988
154286,0.006297782646828049
154287,0.01982855451402418
154288,0.004863758293555318
154289,0.000935737022578737
154290,0.0009448361043672331
154291,0.003282594126265666
154292,0.9897171331148086
154293,0.00021230033889318737
154294,0.0008888931826962067
154295,0.0007254395582003836
154296,0.9937583933450884
154297,0.15516436419976629
154298,0.004305366723246562
154299,0.03600874629529567
154300,0.001007482252100792
154301,0.00030013982971282936
154302,0.00023951647977419043
154303,0.030734599824900836
154304,0.003824571214164468
154305,0.0010688958565518488
154306,0.007344793984000444
154307,0.0001942083692427602
154308,0.0018649227246759243
154309,0.0037540878905696156
154310,0.000338979129129926
154311,0.012509590772846173
154312,0.0029214878703740597
154313,0.000392096886146033
154314,0.00020771744652995405
154315,0.0011477656187273996
154316,0.002615243129568579
154317,0.9870206711785542
154318,0.002924289761673701
154319,0.001483503415322174
154320,0.004194436133975668
154321,0.00030221077312556706
154322,0.011293460622280108
154323,0.00027902726623191786
154324,0.0016668634813826976
154325,0.9830935759609439
154326,0.01352510522294297
154327,0.0037160262955071707
154328,0.001351618370899039
154329,0.004238933565787525
154330,0.00010657810007474463
154331,0.0003844030185594398
154332,0.0016832661336294943
154333,0.0019141564592733257
154334,0.00029756176956176274
154335,0.05002625269714835
154336,0.005222647460499282
154337,0.0016276048799173718
154338,0.0004843887921059124
154339,0.0013025548893426454
154340,0.00023878865423111297
154341,0.993361064488919
154342,0.0007167337877326909
154343,0.0005528336003885021
154344,0.00037446380230770303
154345,0.00017941213666103708
154346,0.001617195110272696
154347,0.0032632388614121277
154348,0.0009812285831315194
154349,0.0005135277426891456
154350,0.0026296574071610897
154351,0.00039165052961490966
154352,0.0014565166296993993
154353,0.0011118823727077852
154354,0.0007492381311305795
154355,0.0010445457515856494
154356,0.9971456224448286
154357,0.0016488910558281617
154358,0.0006773368778006864
154359,0.00038061796628718615
154360,0.9862848316035541
154361,0.011558201097561378
154362,0.001035525286982755
154363,0.9947835136897767
154364,0.045820897757500256
154365,0.0011698452684198782
154366,0.0005439695961074982
154367,0.00020652645395639795
154368,0.00020132450217715667
154369,0.0003683848675706487
154370,0.00016896665566314237
154371,0.00016721855761023247
154372,0.0003082020881810938
154373,0.0007242561406612244
154374,0.023518075448330004
154375,0.006668039882015056
154376,0.00014951960007739598
154377,0.00032291564767515765
154378,0.00025734027898256063
154379,0.0014755398124400671
154380,0.005335166934637711
154381,0.002331392574069951
154382,0.002918332207290606
154383,0.0002204709260659826
154384,0.0003611149274847141
154385,0.0003216431312084215
154386,0.5916661124417035
154387,0.00017806891828448646
154388,0.8494658310936469
154389,0.0004341156310345223
154390,0.0012093833346799629
154391,0.6195077945288898
154392,0.002561747044581615
154393,0.013344161974735775
154394,0.00031709424566898073
154395,0.0005316438046520089
154396,0.00044464777804549994
154397,0.0004671975647372982
154398,0.0008607195101885685
154399,0.04531153137240519
154400,0.006669798324476955
154401,0.00031260505291306014
154402,0.00025423118924147015
154403,0.061485638160505986
154404,0.0008268397712346707
154405,0.0010697909477340687
154406,0.005617626353194412
154407,0.0010874802934327861
154408,0.000351844519095584
154409,0.00014839472268117656
154410,0.0005610004738440868
154411,0.0019375829822328037
154412,0.9942409538161295
154413,0.00015993767871601053
154414,0.0007945029067005313
154415,0.0030424778954398976
154416,0.0006438886909244487
154417,0.047280360552550034
154418,0.001585497213165029
154419,0.008884631913625037
154420,0.8660738573555843
154421,0.001888346262729366
154422,0.07856095902514217
154423,0.00946297758581739
154424,0.002224217774008369
154425,0.9932564177547842
154426,0.00041199981346398765
154427,0.000411096389708257
154428,0.9827942047916884
154429,0.0007219020574541385
154430,0.0010921870647637136
154431,0.003321559816052605
154432,0.0012958107953033825
154433,0.9511428675356709
154434,0.00029070276680717515
154435,0.10526838481494377
154436,0.0003648506816608296
154437,0.002859709572460072
154438,0.00021173047275766337
154439,0.0018689758799134313
154440,0.00028617578987739304
154441,0.00040832907222751246
154442,0.9935199408468998
154443,0.000295424710002804
154444,0.0010465950125800327
154445,0.00025822416155753627
154446,0.0013615922795482116
154447,0.0004254459597605474
154448,0.0005159259817771144
154449,0.00036470569570012435
154450,0.0008950973804974791
154451,0.001098722534369059
154452,0.00017808272708464012
154453,0.0011154882060515942
154454,0.0013225460565666391
154455,0.0005847853310167624
154456,0.001335166348939337
154457,0.005978039231189724
154458,0.030481007939676907
154459,0.0015012193977576337
154460,0.0007267139118399189
154461,0.00859209725223448
154462,0.00048572281749055724
154463,0.0002149594862821282
154464,0.011081523434725803
154465,0.001952723851595806
154466,0.0005476068985718702
154467,0.000947931808552699
154468,0.0004948220697003344
154469,0.4444703151218122
154470,0.0005943195981058649
154471,0.0029208245011634994
154472,0.0003609183322982204
154473,0.00028328993967900344
154474,0.005069527536896132
154475,0.007750287893479964
154476,0.0005049318291045946
154477,0.0005633937419296525
154478,0.0008572555914584497
154479,0.001225554455977447
154480,0.011788897290795474
154481,0.001472215061875648
154482,0.01216049477510647
154483,0.0014237239778291044
154484,0.0007881539093836375
154485,0.013864821123004833
154486,0.018473985152817587
154487,0.002780397353210107
154488,0.002275956555338763
154489,0.00026828954621565507
154490,0.9900254365527782
154491,0.00017368759733212585
154492,0.0005557115246761474
154493,0.006816903550151633
154494,0.0005748735628241727
154495,0.0002547747613320724
154496,0.9882014125260384
154497,0.00021346596014174907
154498,0.00023064995709224796
154499,0.00020053523092660342
154500,0.010505209621664423
154501,0.0005065544612332425
154502,0.0002925370150905842
154503,0.001284477889459033
154504,0.0068680528483037115
154505,0.0005577470759876914
154506,0.10758288922355515
154507,0.0015520726677820884
154508,0.002941551102556653
154509,0.0020706950973376566
154510,0.0004390130452387096
154511,0.002088672847254858
154512,0.004217924370370724
154513,0.0003927996271660525
154514,0.0005393275023521478
154515,0.259629281200375
154516,0.5486300745306989
154517,0.006569546955035638
154518,0.0006965553721067382
154519,0.00031692244746499363
154520,0.0030047037087388164
154521,0.03622879932207452
154522,0.0025693319033282826
154523,0.5110167084480619
154524,0.9950826390580908
154525,0.0004131740854306139
154526,0.0022605452271519245
154527,0.0006941755974415385
154528,0.0008941321343868715
154529,0.9916178543468895
154530,0.9805864631555261
154531,0.0005398287074425644
154532,0.14760122370453527
154533,0.0008768277681647232
154534,0.0020046774862041046
154535,0.001242630504514716
154536,0.0008753975676277112
154537,0.9618267905848106
154538,0.0023235603824312417
154539,0.00029166180214995955
154540,0.00048439164710248366
154541,0.0001698867953441387
154542,0.0011197692202948113
154543,0.005740805644325976
154544,0.0019229782665841923
154545,0.0011300035689536638
154546,0.00035918131778920676
154547,0.00027949338360394176
154548,0.01905308701434402
154549,0.002056675160607828
154550,0.0002959496227095904
154551,0.01011988319889932
154552,0.0002804070006520452
154553,0.0036792775932959956
154554,0.001498654814652227
154555,0.004322132137892745
154556,0.00572066829578091
154557,0.0002430946814389741
154558,0.0003103988485340933
154559,0.00025841995362412386
154560,0.00042474422876943635
154561,0.9881039728368718
154562,0.0013655820556445657
154563,0.001870857337892967
154564,0.010177230226005123
154565,0.00024239796315174387
154566,0.003049740423110933
154567,0.093455702242441
154568,0.10379282433121377
154569,0.0008417557275899597
154570,0.040179016810403256
154571,0.00013891449392134305
154572,0.0070026929293671054
154573,0.001514200514662201
154574,0.000251282789549198
154575,0.0031738137999954954
154576,0.0007287419270447418
154577,0.00020535645354826827
154578,0.0005627626626059104
154579,0.002147516588009436
154580,0.014526350988972394
154581,0.04370413097624203
154582,0.000378654203403001
154583,0.0008421214049417147
154584,0.0019885678136569358
154585,0.001572385623176618
154586,0.9565216557567491
154587,0.005872800738237063
154588,0.9975849805444803
154589,0.005547268689663334
154590,0.000750133034588294
154591,0.0003983387875514869
154592,0.00026077494898385414
154593,0.0028731049348569297
154594,0.009050914436068223
154595,0.0005780691070239638
154596,0.007167445932246441
154597,0.0020819338447239906
154598,0.043253755900342174
154599,0.5625517032612878
154600,0.005441210661810641
154601,0.0006262272695219634
154602,0.00036173826013908975
154603,0.0009187454711615592
154604,0.9935380987781501
154605,0.0009986771451564998
154606,0.0029353516427094457
154607,0.08126430473684806
154608,0.012194374242188262
154609,0.00047410056016911696
154610,0.0005033962404873832
154611,0.003339189439356103
154612,0.0005554003392510811
154613,0.0039493926316017
154614,0.0007252380013013783
154615,0.0005477349962730462
154616,0.019801080593360887
154617,0.9845014437666035
154618,0.003023776139840487
154619,0.00015185207717927245
154620,0.08458183441447878
154621,0.00023118542488433352
154622,0.0012710645521393695
154623,0.004570998467135983
154624,0.0016583039431340315
154625,0.00048355828854466573
154626,0.0006109989696782577
154627,0.0013076483132012247
154628,0.0002696689814337285
154629,0.0007289023620389929
154630,0.9918596010724278
154631,0.00030675135124386805
154632,0.0017257667845077915
154633,0.9830348785066142
154634,0.0007513505805293678
154635,0.027859707199212
154636,0.0269696774716757
154637,0.00045975572664165126
154638,0.0006229624435560215
154639,0.06136987310572166
154640,0.9671059181224382
154641,0.00015965980422910292
154642,0.9887428371351681
154643,0.003919572406239265
154644,0.006552606432954319
154645,0.0005431975067523248
154646,0.00016738612400270058
154647,0.9852199991157584
154648,0.005742488569493148
154649,0.0003646919146255761
154650,0.9903006074232429
154651,0.0009410695750828625
154652,0.0004910529944293402
154653,0.0015273696846441213
154654,0.0004709674516077455
154655,0.9893701049756944
154656,0.000202154148846559
154657,0.0004060288186669505
154658,0.002267050823290445
154659,0.0028623591875092066
154660,0.0015737737824069562
154661,0.06268612120957626
154662,0.0006600827951181578
154663,0.001689896995006729
154664,0.0005535248811648997
154665,0.7410817449856532
154666,0.0004208950406497008
154667,0.0009039401562901291
154668,0.000361129726607639
154669,0.0003645048995510623
154670,0.0009643714198923637
154671,0.0001073661613298464
154672,0.009887754055418219
154673,0.011841149093680345
154674,0.014059948000331434
154675,0.0019179419544881884
154676,0.00014633106240000265
154677,0.0026358843408159052
154678,0.002580326317164508
154679,0.0007158272629466147
154680,0.00023082953839585394
154681,0.16088875538198955
154682,0.0011320271231323202
154683,0.0009363371328497436
154684,0.0002835940406315353
154685,0.0012189539950519506
154686,0.00035893843202023485
154687,0.0006044619482571737
154688,0.002175910181868592
154689,0.0005627292950956469
154690,0.0004397100541872436
154691,0.0007242756408265148
154692,0.9747473855266519
154693,0.0006577049714932269
154694,0.0019128316625210999
154695,0.006575891996342441
154696,0.0007533133248395852
154697,0.0010688572004104492
154698,0.0003881683719190556
154699,0.03526476668916473
154700,0.0015188604265668733
154701,0.00040736558870813663
154702,0.001261759811968761
154703,0.017516223811425317
154704,0.005821680836369506
154705,0.0004711259855569955
154706,0.013831529631634176
154707,0.0025292202622344048
154708,0.0002451569472362606
154709,0.0005888966533116696
154710,0.0017671275837350718
154711,0.9927497525864264
154712,0.004109401166149896
154713,0.9805046057107709
154714,0.04958873917366643
154715,0.003764460648511612
154716,0.00026159136504490336
154717,0.9783162672637301
154718,0.03924074243289201
154719,0.0037111139139605212
154720,0.000584838574904175
154721,0.9924583574485769
154722,0.00213103139344837
154723,0.00017903044130105592
154724,0.001649317214652504
154725,0.00018588732379946573
154726,0.004621505549290723
154727,0.00022761586255447454
154728,9.439291040991885e-05
154729,0.00028860640331843465
154730,0.012156141852325443
154731,0.00017374190267298596
154732,0.0005679382313744754
154733,0.003144880600615789
154734,0.007284138635850497
154735,0.011411814749006046
154736,0.016683928536324805
154737,0.0002996248802129283
154738,0.008822230175155748
154739,0.002239181732520741
154740,0.002004052985334055
154741,0.00025528039438910567
154742,0.0005033657578888107
154743,0.0005191049538951155
154744,0.00201093990634755
154745,0.03691770344755052
154746,0.006312234117833563
154747,0.0017032355543938381
154748,0.9951591192983386
154749,0.0014664247129968532
154750,0.000573214256903914
154751,0.0013649675448789587
154752,0.001334917098737151
154753,0.0002696061623914483
154754,0.00045053418178710376
154755,0.0027605630900988977
154756,0.0002680656238228549
154757,0.9887778250409749
154758,0.00045036280853068733
154759,0.00013195592459663488
154760,0.00028070640964466946
154761,0.011080101963392064
154762,0.0003296498515062087
154763,0.001159014126691782
154764,0.000722526282803257
154765,0.0003946119264254401
154766,0.0019292464515539734
154767,0.0062876113621395955
154768,0.004536908059959659
154769,0.0055799354753008025
154770,0.000269674230974794
154771,0.009971841108942652
154772,0.0001652948769089364
154773,0.0009379517971726873
154774,0.08117960754069997
154775,0.00018209291121296298
154776,0.00018697163546049742
154777,0.07110893203746871
154778,0.00457578004348162
154779,0.0004098975900860515
154780,0.007581602943535431
154781,0.004754382460439147
154782,0.9833120640173516
154783,0.0006115433590945526
154784,0.004433578321558546
154785,0.014367721241364798
154786,0.00030137485594147403
154787,0.00040991052162271365
154788,0.0003993708966270385
154789,0.00020976063361550582
154790,0.0018844055074574916
154791,0.0004465211606382367
154792,0.0008825971603245779
154793,0.00731859703210296
154794,0.0003515687006095001
154795,0.010531480166558407
154796,0.0005603602319211394
154797,0.020675277746609738
154798,0.0011379809750989396
154799,0.0006773579231043717
154800,0.0004483934532333038
154801,0.0021854096889985025
154802,0.003839411882381221
154803,0.005216083251494532
154804,0.0012263408370724038
154805,0.0008982050059363106
154806,0.005087670097756243
154807,0.002633602174350734
154808,0.02400688529490081
154809,0.00046116917173664995
154810,0.00011054556080889783
154811,0.0007767074222006437
154812,0.001778541907928204
154813,0.11777831277061933
154814,0.0014252834058270008
154815,0.0004617893128064342
154816,0.012752215125369198
154817,0.0014769950072148251
154818,0.007959139391739287
154819,0.006651064463873684
154820,0.9460256899753234
154821,0.00032610535904561565
154822,0.0011864490889842137
154823,0.024547135472390832
154824,0.0005348818167842378
154825,0.0010444628665045154
154826,0.0013379534896886581
154827,0.0014873786272515347
154828,0.0007011294175160434
154829,0.005595569712475013
154830,0.0018363724560505335
154831,0.0005256817748278518
154832,0.0004986854606005699
154833,0.9891576111837722
154834,0.9851113836059177
154835,0.004050317107171639
154836,0.896172017917141
154837,0.0016020284639228833
154838,0.0004808757600547989
154839,0.00023679412132226394
154840,0.0009086651026082666
154841,0.000864562031349095
154842,0.0007532526919823525
154843,0.00042454621917261006
154844,0.00021761009206249646
154845,0.002508381749432581
154846,0.00028167952295143624
154847,0.002170469085225481
154848,0.0007164947468031108
154849,0.9892273734352727
154850,0.0023486063440609595
154851,0.0030613040269091133
154852,0.0006402891124697994
154853,0.00016271287786375648
154854,0.0003733523400050856
154855,0.0013804951808268416
154856,0.00263553094078506
154857,0.024524427773733693
154858,0.0029887579969078686
154859,0.00024870971682053783
154860,0.9971848602228099
154861,0.0016186027957878469
154862,0.9946254142628881
154863,0.001975037920448654
154864,0.00016446117581189556
154865,0.010588713057184954
154866,0.006560609071962576
154867,0.029067396766536673
154868,0.023386836938487168
154869,0.001554615191952089
154870,0.006628080563595587
154871,0.0011829131048240258
154872,0.011603340186542136
154873,0.000135632157514636
154874,0.0034011459444966874
154875,0.00025323024243791004
154876,0.0008472749372189988
154877,0.001144959577329815
154878,0.0004246632462733259
154879,0.000955869027965364
154880,0.0008913438689088372
154881,0.0011490169450588605
154882,0.00021731544634777188
154883,0.000592483120150983
154884,0.9074454956173883
154885,0.0003278212045719433
154886,0.9832472379965534
154887,0.00027197485068711523
154888,0.00029894828036706393
154889,0.0003292552177502724
154890,0.0003246765037504654
154891,0.0012374169917652908
154892,0.0007148800914512292
154893,0.0007899417322435076
154894,0.9856703112213616
154895,0.9467812769971369
154896,0.0011915456584707924
154897,0.001217845874800328
154898,0.00425961751177991
154899,0.10458722526081374
154900,0.00017658463375413788
154901,0.0005703391725580642
154902,0.0004453358986127916
154903,0.006637112169015212
154904,0.03604796957786336
154905,0.21891687864462928
154906,0.018675921065586396
154907,0.27454398665519575
154908,0.00033104928594772213
154909,0.023476926987335122
154910,0.00046994860493338743
154911,0.0023262873778215577
154912,0.002137495857826481
154913,0.0012472970874564926
154914,0.0001411622449079881
154915,0.0006617533506215152
154916,0.0003371395554436424
154917,0.0025157927722127935
154918,0.0006012514834113346
154919,0.0069222627510750765
154920,0.008030992816659522
154921,0.0005175514580738401
154922,0.19281149188693986
154923,0.0002502638162807559
154924,0.9925924488617744
154925,0.0014385990756946361
154926,0.00018049982534883938
154927,0.08377301277897965
154928,0.0014557320338076916
154929,0.0015369857167224661
154930,0.005628353803025176
154931,0.0004717437470171381
154932,0.0006652180689648695
154933,0.002405236309523556
154934,0.0006789378202229525
154935,0.0001449150043752727
154936,0.00015726288756260666
154937,0.98926397061464
154938,0.0001066243721197337
154939,0.00026020557421455547
154940,0.9044659364051869
154941,0.010217934457129447
154942,0.0040694481349293436
154943,0.9009024216655839
154944,0.002008844776617646
154945,0.3333866649865805
154946,0.27938643046218253
154947,0.011528451457152254
154948,0.0004275470256069599
154949,0.0021795744851036527
154950,0.00020888117839539403
154951,0.00028556720188388426
154952,0.0011667625759942321
154953,0.0023323150122170856
154954,0.0002554296447448539
154955,0.0006770433592708826
154956,0.8713017287822826
154957,0.03942033880161472
154958,0.0011350436972402224
154959,0.003215845604285603
154960,0.0008844921679359065
154961,0.00023357093159956583
154962,0.0005535396019658322
154963,0.00019668897418312518
154964,0.0007894108712984214
154965,0.0005861688499589033
154966,0.0015383133268937292
154967,0.02282886596573752
154968,0.00028882540980525715
154969,0.001556174708146524
154970,0.00022269825917994702
154971,0.0017149377898279766
154972,0.00041677878534670274
154973,0.8337965275462481
154974,0.0009469133624636317
154975,0.0004711634354596813
154976,0.0035521436736765557
154977,0.0025841777701627144
154978,0.00424463214624003
154979,0.005379712385668195
154980,0.002675421276723491
154981,0.003875577129345808
154982,0.000270605459964432
154983,0.0005657200745373427
154984,0.001053136336819613
154985,0.0010444027215977222
154986,0.1615068497090771
154987,0.0003504103446298417
154988,0.002599130163070197
154989,0.00017424650258668657
154990,0.0005670348287565721
154991,0.020570791239585124
154992,0.00027489831770238603
154993,0.0005784209819384206
154994,0.0007460783121662355
154995,0.00038754844030284283
154996,0.0005761447379163809
154997,0.0001396508472669898
154998,0.0006744197591014363
154999,0.9952457600456788
155000,0.00022757347118984792
155001,0.00041342441701289505
155002,0.07437196656708842
155003,0.0012461337348157818
155004,0.0030115459836197065
155005,0.0035565645572497866
155006,0.0006696853667807169
155007,0.0008216222887361892
155008,0.0006644259541581482
155009,0.01041197453589781
155010,0.010436800652748714
155011,0.03676005336607681
155012,0.0018140689000218611
155013,0.0003091364437353541
155014,0.011469354594409823
155015,0.0003241471609146143
155016,0.003181330614167018
155017,0.00036436762798829064
155018,0.0002987197328372829
155019,0.001868059009035009
155020,0.9878495185618001
155021,0.9666962047809441
155022,0.0045145153499303965
155023,0.000911877101281093
155024,0.9932840525488097
155025,0.9273004369225355
155026,0.0003331049796367732
155027,0.00033002462706887854
155028,0.000880252705017079
155029,0.0011482967106789942
155030,0.0003695679630079702
155031,0.0004502124569647364
155032,0.00031308720118443465
155033,0.029140505918881874
155034,0.9933629469368185
155035,0.0020900068258254347
155036,0.0008240092294041039
155037,0.001550988818121745
155038,0.0002263821748046038
155039,0.002302176983389787
155040,0.0011638626782366213
155041,0.0005598100895189981
155042,0.0005203766963793593
155043,0.0012297749837600765
155044,0.10936441333469656
155045,0.0012104231004390377
155046,0.006606369869109751
155047,0.0008959783074137483
155048,0.0002539087626681948
155049,0.0010829727663555805
155050,0.00021219641299611514
155051,0.00032616886229629616
155052,0.00047061568985139424
155053,0.0004234017474301506
155054,0.00258866830854846
155055,0.02832031703147544
155056,0.0005348965752725506
155057,0.06607182262547419
155058,0.00027298720900914894
155059,0.0012128192160152694
155060,0.00030271917630913023
155061,0.0006019065183144748
155062,0.0021720100762792154
155063,0.0007978730521197359
155064,0.0001631500595746163
155065,0.00037014781831868623
155066,0.0007049389346117024
155067,0.0004676313761792344
155068,0.00020566315438191968
155069,0.008045505120340607
155070,0.00034657578979319857
155071,0.9935173999792247
155072,0.000677281299211387
155073,0.014344105359853103
155074,0.000524679733107533
155075,0.013193017360194279
155076,0.9720526055328447
155077,0.9881333637924584
155078,0.00037184032847016466
155079,0.10514873570142062
155080,0.0005214833296541794
155081,0.00018674613918509157
155082,0.0014424325991532698
155083,0.000315740831721971
155084,0.002137638323736117
155085,0.0009457359254184954
155086,0.0010203044292174358
155087,0.9856692028168665
155088,0.037782733218823625
155089,0.0009643810418693259
155090,0.001016954608564476
155091,0.0005090879608808708
155092,0.0002187850610033209
155093,0.00016460668907100997
155094,0.00015056772517544134
155095,0.000673547556713882
155096,0.0026282634622582977
155097,0.001333539872385978
155098,0.006993308853477891
155099,0.00490295784087902
155100,0.000549080560869437
155101,0.9955965466178814
155102,0.00022915110222112615
155103,0.0009638826464414861
155104,0.04350480300517504
155105,0.0003232300848395938
155106,0.0006253132710436048
155107,0.00017773320555595178
155108,0.02192559351444219
155109,0.20564994899696237
155110,0.0008594444049313182
155111,0.0008161001929899177
155112,0.0009880785309997516
155113,0.9551430860267596
155114,0.00039634272265485105
155115,0.0005062998736705839
155116,0.0004235186162097088
155117,0.0022395737475968385
155118,0.0027730135751409856
155119,0.022579855117049366
155120,0.1942917975817311
155121,0.0008307941313052591
155122,0.14855415491327434
155123,0.0012326339064115508
155124,0.42269763245246883
155125,0.05422141102731091
155126,0.12999312374590882
155127,0.004198402390829864
155128,0.0007958188772594683
155129,0.0012169488138260814
155130,0.0003561515065451704
155131,0.0008341654111682836
155132,0.09995402387638
155133,0.013757866660700039
155134,0.0032808908956160187
155135,0.009042853614396822
155136,0.0007566175189796919
155137,0.0014559926362544035
155138,0.010329185694420562
155139,0.0006378500462119464
155140,0.02551226868358788
155141,0.14437225173857493
155142,0.024414796485726146
155143,0.00041758298859503727
155144,0.00048813116627840445
155145,0.0064439847136696935
155146,0.0021677444381994764
155147,0.005704312196399145
155148,0.0001973748905465482
155149,0.0001935463533585081
155150,0.000323031445382264
155151,0.002118880312360304
155152,0.00033027940089211784
155153,0.6731582890327112
155154,0.00042069997360341866
155155,0.0002870145878745019
155156,0.0004807990580335004
155157,0.9935618762800908
155158,0.0002403541394849732
155159,0.0022069667422860775
155160,0.9884565584401533
155161,0.0016000034052804204
155162,0.00019461128095450955
155163,0.0018677696899457585
155164,0.00034301773327089305
155165,0.9872372871996065
155166,0.0003458153283736546
155167,0.000471941535631012
155168,0.0034389373362134763
155169,0.00026603223932208003
155170,0.00029624656672893847
155171,0.00043179412307217365
155172,0.00017585196319394318
155173,0.001026137433769595
155174,0.038090783703004304
155175,0.13818156949990523
155176,0.00026209843856110366
155177,0.00742925810011758
155178,0.00044573477240085675
155179,0.00017521648206137572
155180,0.007100773871578622
155181,0.007011279739503062
155182,0.992219135299934
155183,0.0014175443570778018
155184,0.0004937995058520591
155185,0.1451957333976842
155186,0.006537039859008063
155187,0.17497855767999382
155188,0.0016203205729567204
155189,0.0020374839800664734
155190,0.0005249966738538049
155191,0.04795549693333423
155192,0.0026918444563631167
155193,0.00017592944487290229
155194,0.00022001238951797366
155195,0.011390217346632944
155196,0.00022615794520150671
155197,0.006830446238011972
155198,0.00019625157750210778
155199,0.00030434285081958805
155200,0.0006621777378298942
155201,0.0012917900738149642
155202,0.002158828543715939
155203,0.002274430756959736
155204,0.025937776191857127
155205,0.0003596297027087984
155206,0.017054505072027385
155207,0.01668171284996705
155208,0.0009998383838790027
155209,0.011881720426456905
155210,0.001471121463727125
155211,0.0002504875254686335
155212,0.001730293466646483
155213,0.00018786829319838153
155214,0.001465215916965514
155215,0.0017846677911932127
155216,0.0032126041035401213
155217,0.02722685023603357
155218,0.0006223391915112265
155219,0.00036328980794710097
155220,0.0003386050394359079
155221,0.9692490491908089
155222,0.0005920118037268882
155223,0.005800762940098779
155224,0.00019511848029302197
155225,0.021207581964669014
155226,0.0004261382519717043
155227,0.992144382298101
155228,0.002824615039143704
155229,0.0010805894575380995
155230,0.00030423912759987927
155231,0.004770222203575508
155232,0.00025693692308746295
155233,0.0009478141740530906
155234,0.00572401824540968
155235,0.00017733184770511547
155236,0.0014287052665941007
155237,0.0014073619431625235
155238,0.0042607472210739765
155239,0.0003714711089505818
155240,0.0025431632232705914
155241,0.0008140252247122533
155242,0.0009643024525753294
155243,0.0007663718182570237
155244,0.00030903087530682443
155245,0.0008259400676508634
155246,0.9944756324798034
155247,0.021922251288636833
155248,0.9891967962232379
155249,0.0003513098194520169
155250,0.001377333572963848
155251,0.0002546184361742169
155252,0.992297736850264
155253,0.13767488889356844
155254,0.0010659908620676984
155255,0.004543966465135397
155256,0.0009781241843210208
155257,0.0001622294460307131
155258,0.028738568663172415
155259,0.0007704241201583749
155260,0.0010014397444519547
155261,0.0004126288138210066
155262,0.04020729926180319
155263,0.9907249244974516
155264,0.07403129798708893
155265,0.0020385129748026853
155266,0.00019327061688435428
155267,0.0005528854762618397
155268,0.0005896829168725212
155269,0.982711715779473
155270,0.00019187121951867912
155271,0.0014472941387206784
155272,0.9866068329228973
155273,0.0003794451423850078
155274,0.00027365270315174775
155275,0.0008185129476941946
155276,0.0008804880390857557
155277,0.003393163179252675
155278,0.7841540530523398
155279,0.00028843288075817693
155280,0.014810994125943054
155281,0.0005850441532881303
155282,0.006327332679153005
155283,0.981035667082644
155284,0.00018103751664988368
155285,0.9869579559538064
155286,0.0002534698155135683
155287,0.9816663544811219
155288,0.0004945199158150785
155289,0.00026519970845048267
155290,0.00047643342387799695
155291,0.027211125976408998
155292,0.0007440553246396579
155293,0.002384190239604854
155294,0.00043911110531760057
155295,0.03524601526664559
155296,0.0010275490604818537
155297,0.00043612275846946914
155298,0.00035361492459034464
155299,0.0005797819550718273
155300,0.00030930885821766176
155301,0.0011616692955125124
155302,0.0038755531262109183
155303,0.0009029452310807587
155304,0.0020663427839154322
155305,0.0009292177638480856
155306,0.0021572457069089805
155307,0.0003636987422889768
155308,0.0007412141280427921
155309,0.0002837152409000865
155310,0.19163685391770566
155311,0.0003665510931722868
155312,0.0003190158231855233
155313,0.0019315250792663477
155314,0.01882320418010331
155315,0.0013266689903254033
155316,0.0002453548476800372
155317,0.0008323182274227903
155318,0.0006479363294332439
155319,0.011427409228853106
155320,0.0046984945720309305
155321,0.0004395989119129851
155322,0.00040189531333376794
155323,0.014679758209545554
155324,0.0003251518846499928
155325,0.001845773258884861
155326,0.005894756194657121
155327,0.00017253887558207163
155328,0.0009749807577892966
155329,0.0004627157524221571
155330,0.0012528783717173201
155331,0.0020666564420613676
155332,0.9665190626233465
155333,0.9901099585063226
155334,0.1207863477409347
155335,0.003838977892242922
155336,0.007450373551508841
155337,0.0015710824881370537
155338,0.00022548114127220366
155339,0.0007956802663872747
155340,0.00033893091989851363
155341,0.007950062586932257
155342,0.9969356311385567
155343,0.3154869181219057
155344,0.00025087095522261687
155345,0.0003223204713807477
155346,0.0002492592549658106
155347,0.00011243056101794211
155348,0.006760792805467618
155349,0.00024858410264834023
155350,0.9711381703751487
155351,0.0028747650539021575
155352,0.005794364579168533
155353,0.016903285344922293
155354,0.01123525147795056
155355,0.0012749111516501734
155356,0.9597448399426411
155357,0.0008893501006910039
155358,0.002085754100948564
155359,0.00036446890604739955
155360,0.0009918464181980981
155361,0.0025810862626049974
155362,0.0002951059155714713
155363,0.00019888618684463366
155364,0.0004563402334892017
155365,0.00034360408524829026
155366,0.0004166847946915464
155367,0.0002681725526817723
155368,0.009051965150658729
155369,0.0003950525289068531
155370,0.0006835642544931929
155371,0.003429557478713219
155372,0.002988456856964001
155373,0.0006254980169473853
155374,0.04130785943466963
155375,0.0009351095215368025
155376,0.014432794953641666
155377,0.0002539160471403511
155378,0.0006201217121135443
155379,0.00027370858923785973
155380,0.007692764188768702
155381,0.0010407616250876152
155382,0.0006251462297715004
155383,0.006706209498979733
155384,0.0008994325585651491
155385,0.9917785709302185
155386,0.0015664614107910953
155387,0.00018164370249117734
155388,0.008326165117177584
155389,0.0006166185910071325
155390,0.6971510299751007
155391,0.011156253613247968
155392,0.0003705623690401004
155393,0.0007859548354193862
155394,0.9847860171547878
155395,0.0038261698197526394
155396,0.010629902834641868
155397,0.6860952910656375
155398,0.0006967874238126483
155399,0.0031240598564720727
155400,0.03805944563862898
155401,0.04413967684444735
155402,0.1706627320621855
155403,0.0029519592802902087
155404,0.9736811914652952
155405,0.00150431157795914
155406,0.0005126308759943935
155407,0.9925843993476577
155408,0.9921875604469619
155409,0.0029653404249018454
155410,0.001644586315975036
155411,0.0005274148349395503
155412,0.0012293673066476629
155413,0.01029189821922054
155414,0.0807708052378994
155415,0.0002756135494433405
155416,0.00026747793481239434
155417,0.0015246093240872663
155418,0.0006072612727897478
155419,0.9520322429354368
155420,0.8093909957445061
155421,0.014855832578027446
155422,0.001437432948650725
155423,0.0006540667065789377
155424,0.0013932329072310113
155425,0.0008338021334940681
155426,0.0002179826440093574
155427,0.0003872542697670347
155428,0.0007773514433789632
155429,0.00019791541300228372
155430,0.010733520936706546
155431,0.0010282710627672021
155432,0.00021161229409394667
155433,0.0005085041899406743
155434,0.9857642849142682
155435,0.11357967247083031
155436,0.0002741716098999617
155437,0.8915858035864154
155438,0.0011720554022109564
155439,0.00027436765502958697
155440,0.0008670241153692039
155441,0.0006916513158478935
155442,0.11819262246765638
155443,0.0745887910819361
155444,0.008822437797248062
155445,0.0013495848191026473
155446,0.002611645101916497
155447,0.0012757546770055005
155448,0.0011740830422346847
155449,0.0014135389030907235
155450,0.0006177066925639152
155451,0.00024211707038498964
155452,0.004848059375000447
155453,0.010551962857990647
155454,0.995457622497035
155455,0.00045733376752543436
155456,0.0013257330372855047
155457,0.0005793310623898024
155458,0.0015640063370183327
155459,0.0013085870939596011
155460,0.013330150642656394
155461,0.0017314671066116143
155462,0.0003882605175975344
155463,0.0012178932654633922
155464,0.3337936275872583
155465,0.00030225036943247425
155466,0.0008598190890535844
155467,0.00036653017503789477
155468,0.0008147049180057648
155469,0.00033316749609282577
155470,0.22112707410518206
155471,0.0003643130124277758
155472,0.00023605887030989073
155473,0.00123349946864908
155474,0.00041399296074508306
155475,0.0001237184011692608
155476,0.00038761333824556684
155477,0.0005413660702234168
155478,0.00029114686676621896
155479,0.0014777195419469966
155480,0.9544004745297437
155481,0.0009239052963065082
155482,0.0002517284728727218
155483,0.04420441132834637
155484,0.00048238748932485936
155485,0.0001510124557912008
155486,0.9770405537436221
155487,0.0005296542788538919
155488,0.001663451079173807
155489,0.004863543076658953
155490,0.006502153265716214
155491,0.00020219865788912916
155492,0.014575626636796565
155493,0.0030260097313336226
155494,0.0003082997471003146
155495,0.00037719283336382526
155496,0.00022114863156052705
155497,0.008214286280508574
155498,0.02941028186313881
155499,0.007037612022658414
155500,0.05078255795011789
155501,0.18891753326649605
155502,0.0004950470171650364
155503,9.930667231083128e-05
155504,0.9896640366267165
155505,0.01866115985457325
155506,0.0015385338047565903
155507,0.058334508156970256
155508,0.0036767690091591455
155509,0.00042928870372467977
155510,0.0019746248803959813
155511,0.00025108919704902073
155512,0.00018564899265205483
155513,0.0003843886230240774
155514,0.0004646024669461209
155515,0.0016945912588175154
155516,0.9836785617568283
155517,0.00024081304915636636
155518,0.0005689735482052444
155519,0.009295949565982592
155520,0.008317977370386092
155521,0.00028726782782806403
155522,0.027723263393864595
155523,0.0037811646203052165
155524,0.00033423493837663615
155525,0.00037033764764516703
155526,0.014804468019889034
155527,0.00025356049111079125
155528,0.0008694654476680776
155529,0.0011309478970987544
155530,0.00223989464568979
155531,0.00036601644582327363
155532,0.0020324659175934108
155533,0.14437883737990162
155534,0.0007006029502970686
155535,0.0011017338251963005
155536,0.011411297659263894
155537,0.007468476374640356
155538,0.6374942184911947
155539,0.06702002142359993
155540,0.002112773483527108
155541,0.01820101240090482
155542,0.0024467054920675867
155543,0.000982158641409977
155544,0.0008302078093501716
155545,0.004304485478254737
155546,0.0014375762055640756
155547,0.0001699789903185946
155548,0.0011569421707119506
155549,0.0010569912769863496
155550,0.006415261236367664
155551,0.0008333910975451828
155552,0.9908281823933218
155553,0.0020147909824443427
155554,0.0033487514475940674
155555,0.0016728718199023017
155556,0.0003477591450541815
155557,0.9872963952443846
155558,0.000812169202173755
155559,0.0032790726435995314
155560,0.007291409725696096
155561,0.0004218179331358702
155562,0.01795697040808203
155563,0.0011072979658406125
155564,0.007669474461843361
155565,0.9933820358682276
155566,0.002567307197957048
155567,0.9029659069268132
155568,0.9966631903814266
155569,0.0003212572536966229
155570,0.006222290852148911
155571,0.0002693498811521937
155572,0.00023111993409803434
155573,0.002098600876939127
155574,0.00024403168322685969
155575,0.0007632271686114521
155576,0.021927845610412597
155577,0.002038333949962147
155578,0.0001308112314225529
155579,0.00020545056433594671
155580,0.9837857697901331
155581,0.004986810101520974
155582,0.0036809636683807017
155583,0.0007502283033388984
155584,0.0029042647012741197
155585,0.2097015588341126
155586,0.0008628339082984147
155587,0.0013914658736621569
155588,0.00023844687291755425
155589,0.0007176327049874196
155590,0.011194178759709338
155591,0.0002540519963326298
155592,0.0006602988522604079
155593,0.0011546767461837945
155594,0.0005416199730908491
155595,0.00016397000769269256
155596,0.0002560543205280726
155597,0.02195907143993053
155598,0.0005629107108132138
155599,0.0009332538309571592
155600,0.0033428239348493012
155601,0.0007314484738465966
155602,0.0006890731832265209
155603,0.00023449512475494873
155604,0.0025001285416738194
155605,0.019881236773967605
155606,0.0002997063063708224
155607,0.00023124670937316378
155608,0.0008947541176639504
155609,0.00022578020911831454
155610,0.0004701846010472627
155611,0.00022660268935285907
155612,0.08742063803980368
155613,0.0010649949522785192
155614,0.0007895693534764561
155615,0.0004091697504291646
155616,0.00038023387374008083
155617,0.0011325572290829973
155618,0.0009505133386716647
155619,0.0014001870648946704
155620,0.0006597864494159901
155621,0.034055035142694444
155622,0.0005047640294381039
155623,0.011431635112881335
155624,0.7914229606031684
155625,0.0003363629054192754
155626,0.0018939115021083743
155627,0.0005444998983767051
155628,0.9752656830092588
155629,0.9888098048086835
155630,0.0006223047900667663
155631,0.004311249098993146
155632,0.0011794998388891399
155633,0.0009013201666575986
155634,0.0013159921086220645
155635,0.0022277455339808063
155636,0.00035994852507335965
155637,0.02512672664666613
155638,0.000268944895491704
155639,0.0004737247699746367
155640,0.0012449658174425848
155641,0.00021361530852384306
155642,0.0024700059782836957
155643,0.001581667295590718
155644,0.0030884798614249304
155645,0.9276907729029393
155646,0.0013795489866365571
155647,0.0009175826089693204
155648,0.000547758968547998
155649,0.0012621240121647556
155650,0.9723079843218503
155651,0.8360567455570889
155652,0.017197216465916935
155653,0.00035357878361391595
155654,0.890555715036748
155655,0.03386622372406583
155656,0.012661812963151855
155657,0.000865557958002235
155658,0.02022650868626776
155659,0.0007953476304103094
155660,0.0040852685181356875
155661,0.005364579036401088
155662,0.0162807776540921
155663,0.00031538717835478665
155664,0.041524371806870325
155665,0.013730015618351873
155666,0.0018954954831642758
155667,0.0006759132661456414
155668,0.05761318991295599
155669,0.0010808665348948864
155670,0.0017900427812642024
155671,0.0006109271260049078
155672,0.00037693663720572907
155673,0.0013121900431264347
155674,0.005771422264582669
155675,0.00023301228311294655
155676,0.025293729864291084
155677,0.004137075728262019
155678,0.00026629146882338077
155679,0.0007692368485963559
155680,0.023538558653672475
155681,0.020759643428058434
155682,0.22910871211296183
155683,0.0007129933466669359
155684,0.0001617527710683453
155685,0.0021421643670287674
155686,0.9854416579584304
155687,0.00037882992681100887
155688,0.00047075739534206603
155689,0.01392351022770618
155690,0.00048017763489360994
155691,0.00022216868727775114
155692,0.0009742025407675933
155693,0.004109824580395696
155694,0.0003093453554054978
155695,0.0008232391849685344
155696,0.0004192776884889947
155697,0.00025190808303954314
155698,0.00030252822128496555
155699,0.001190252393527671
155700,0.02745572982632381
155701,0.9796026056909124
155702,0.0018299996808644873
155703,0.0018880528194338525
155704,0.004978956524028358
155705,0.0002822025092390175
155706,0.0007292049934024835
155707,0.00012615667547027096
155708,0.00043436340934787363
155709,0.00035282196778473653
155710,0.025536505169415906
155711,0.00027876449779409883
155712,0.0028896369877156147
155713,0.00011248934210038323
155714,0.0010671324392373183
155715,0.0002576847621042567
155716,0.0897797643826003
155717,0.0006961066339989008
155718,0.9653901524697319
155719,0.010141169764460018
155720,0.8464497270638485
155721,0.0012417956717344773
155722,0.0026221570132242077
155723,0.0010836516055413989
155724,0.00036272439825079294
155725,0.0006052626119073253
155726,0.001310581054103261
155727,0.00039264226560535017
155728,0.0052116451032287675
155729,0.010547302228193752
155730,0.00024863980145675067
155731,0.001508155694174899
155732,0.00036136132066362487
155733,0.004211792191822862
155734,0.0012244575028817826
155735,0.10729445069175116
155736,0.0004442530767096221
155737,0.012678882181293146
155738,0.0015178081129724808
155739,0.0016532946031682662
155740,0.008834613836759878
155741,0.0014632371563548356
155742,0.000653983698739754
155743,0.00035507474709930455
155744,0.018789001326970384
155745,0.8971773436618371
155746,0.0025684700960824586
155747,0.9873392025690336
155748,0.003800143699838512
155749,0.1586516090188963
155750,0.0052981954347661245
155751,0.00037744011686048694
155752,0.0005510802135481912
155753,0.0001878394452062831
155754,0.008138066416943727
155755,0.0007372618422933746
155756,0.0048717150260943545
155757,0.018885485644891332
155758,0.0008747940656904689
155759,0.9911293441182054
155760,0.0028275390250724034
155761,0.0005813532767356989
155762,0.0004025038721691418
155763,0.0009359583218282575
155764,0.0007360150495665457
155765,0.015275112390443537
155766,0.01282353851905929
155767,0.0009635857872922495
155768,0.0010637660119876002
155769,0.000548353592826968
155770,0.0003542887280501489
155771,0.0222757493668819
155772,0.00048218695691533496
155773,0.10300398388100236
155774,0.0005423548623172594
155775,0.0005690350380500837
155776,0.0007545399458313541
155777,0.001192344103547351
155778,0.0004701654932664024
155779,0.0011552578151382384
155780,0.00013342904825232768
155781,0.002013695468508411
155782,0.0027514240909606654
155783,0.024420821716829442
155784,0.9971034136706761
155785,0.9031357595784739
155786,0.004238221159772329
155787,0.00028410350963382387
155788,0.00270548577989131
155789,0.9920037091798576
155790,0.0007521821455843552
155791,0.0036882210789615233
155792,0.0004383391700579527
155793,0.00031369884019763207
155794,0.0003181255207023469
155795,0.0002663162347108454
155796,0.9839251632383847
155797,0.000880293255722939
155798,0.0010159745546773449
155799,0.001409353525718364
155800,0.004380742555982165
155801,0.0003256314146153598
155802,0.0076840751309507176
155803,0.04216117327209692
155804,0.0011377654316578854
155805,0.13706928019965867
155806,0.981743944097872
155807,0.0006220288649097302
155808,0.3195787695395549
155809,0.0004204566550665623
155810,0.0007643090188056383
155811,0.0007485068119371224
155812,0.0031932834686960137
155813,0.0471622817502319
155814,0.0019270377265105006
155815,0.00019175627037244382
155816,0.0007014764743305215
155817,0.004684909093285613
155818,0.005434798590513214
155819,0.0005173115879614909
155820,0.00016069940596355107
155821,0.0006394154579851603
155822,0.0003640206824450471
155823,0.000761207869833455
155824,0.06920139214640242
155825,0.00086998595636179
155826,0.0004691627250475069
155827,0.9780411524224742
155828,0.00018025963687587796
155829,0.9841893252136055
155830,0.0019153957941455957
155831,0.9331881175152695
155832,0.00039458716823461787
155833,0.016228898852237487
155834,0.004184049094647304
155835,0.0006274653552821244
155836,0.0018573156721736
155837,0.00028168059575459916
155838,0.002283463514916886
155839,0.03570286709840182
155840,0.00024294251918070207
155841,0.20927152041821562
155842,0.5377264117433956
155843,0.09093209616304002
155844,0.0004829061663400795
155845,0.005063648688140286
155846,0.292165813272536
155847,0.001222139870493554
155848,0.0009524251575400527
155849,0.0002687995768451595
155850,0.0002801724583587101
155851,0.974260869655471
155852,0.0007186116505844255
155853,0.09469370066860164
155854,0.00041605836293748786
155855,0.0005605719545827347
155856,0.0009821960044117898
155857,0.0008658026438351864
155858,0.002037587372523101
155859,0.0010339325795616983
155860,0.0002653343614611506
155861,0.00020137684332879036
155862,0.0006070754696087616
155863,0.003141845764428296
155864,0.002006756212851438
155865,0.0018488921252620828
155866,0.0002788976258208392
155867,0.0007438761863580867
155868,0.0037549864818634242
155869,0.0011068069126849009
155870,0.9820451658376148
155871,0.04814802898559876
155872,0.000264859404891971
155873,0.0014975833248670513
155874,0.00021745773412725847
155875,0.0005065533791848994
155876,0.0001814403515874517
155877,0.0009287449055711166
155878,0.00021363532100744743
155879,0.0006296087079272095
155880,0.000430442953731116
155881,0.00035071246301805026
155882,0.0006426067960992609
155883,0.03982365072108155
155884,0.0034902923266247367
155885,0.0014518325319673115
155886,0.007545850855174553
155887,0.00029440708268557193
155888,0.00033283733006994777
155889,0.001484644842941189
155890,0.000554151120844439
155891,0.0010327832542028302
155892,0.01434203106486119
155893,0.0017089984890881341
155894,0.00031539681193429916
155895,0.005396067670975394
155896,0.349329325132657
155897,0.00016716499322828486
155898,0.00024824501791334856
155899,0.0005784117856975863
155900,0.000392976509093975
155901,0.0013951356259873542
155902,0.01872341476189206
155903,0.0004167582082943626
155904,0.00034246502987066537
155905,0.9499402604552236
155906,0.00021329270033655553
155907,0.057525814594802244
155908,0.0018268954950380648
155909,0.002678958325901663
155910,0.0004675534211004187
155911,0.00021296909951253564
155912,0.0009649784718525024
155913,0.019566300688539304
155914,0.00012161246327574409
155915,0.0003140545920325689
155916,0.0002997677926371938
155917,0.012642073829020817
155918,0.00161809329829977
155919,0.001472382786609746
155920,0.0296107240921992
155921,0.0003331651923226203
155922,0.0004267568001397176
155923,0.00026786118096807255
155924,0.0013799189767061833
155925,0.9961319290130706
155926,0.0013423938985372371
155927,0.0006396775134111049
155928,0.00022553092005532714
155929,0.0006893913003036616
155930,0.00031114746750583505
155931,0.0015078650443908063
155932,0.012039346464757999
155933,0.024515070388820108
155934,0.0004895344887227221
155935,0.000548127267468056
155936,0.06442337962063932
155937,0.0002830852834246481
155938,0.9838212385370327
155939,0.23055594369116297
155940,0.0008728919564831058
155941,0.0002009326578260287
155942,0.005672697689075002
155943,0.0010341728652010214
155944,0.002120335894441823
155945,0.3900776932922406
155946,0.014160349153699828
155947,0.00012743077128576935
155948,0.987665573136796
155949,0.006954206613313111
155950,0.000973379915252234
155951,0.006027772101218417
155952,0.0007605899936869122
155953,0.0003587753885597364
155954,0.001408217731709191
155955,0.0006023257504625773
155956,0.002935611731610522
155957,0.000536166906547054
155958,0.00028282538769911294
155959,0.00036857701470439897
155960,0.03817837989009877
155961,0.0014120864100258148
155962,0.004136343484090086
155963,0.007105429949285974
155964,0.0013035957559523578
155965,0.0008087903556795002
155966,0.0008764692517264423
155967,0.0007827774201291602
155968,0.004376055937466544
155969,0.0005053009132177818
155970,0.0003068075399203336
155971,0.001707107938285359
155972,0.027889235603960567
155973,0.010118485258000682
155974,0.001121678199508083
155975,0.000915462468074898
155976,0.9806193447868117
155977,0.0006974981415787216
155978,0.011852875399800669
155979,0.0003746058566551427
155980,0.001181737201496304
155981,0.4306222543965623
155982,0.007583034700629417
155983,0.004289137191729518
155984,0.00034241400940278544
155985,0.0016214152268758928
155986,0.075523819898277
155987,0.03728539058879697
155988,0.003168728284341966
155989,0.9945487514450585
155990,0.0011642030198713122
155991,0.00024371340367420626
155992,0.0004741512770445571
155993,0.0011425248325773367
155994,0.0004474739203801729
155995,0.0031667331281982694
155996,0.0011424955764853797
155997,0.017549235896616604
155998,0.0005844527921944027
155999,0.0025997086993526947
156000,0.006183235043364127
156001,0.0016333341940570777
156002,0.0004509065975328098
156003,0.9967837878606389
156004,0.0005472586215777736
156005,0.0002279594396933582
156006,0.0003568056185159532
156007,0.0014312995875728736
156008,0.0017741598220886022
156009,0.0008016760580376031
156010,0.00022872847130736337
156011,0.983479413034165
156012,0.0016326278043951948
156013,0.00043926172357857155
156014,0.0005731693052317818
156015,0.010786276082872833
156016,0.9929612057259303
156017,0.00938126901635451
156018,0.00014857545531079026
156019,0.0007119678025476876
156020,0.0008190809903554088
156021,0.0011704871468563704
156022,0.0005817375939793829
156023,0.012074264559335796
156024,0.00897541371731695
156025,0.0002459191554266942
156026,0.006239079028571869
156027,0.00015177677550687885
156028,0.0011900190011252443
156029,0.002747188683135975
156030,0.04812939654803689
156031,0.04202096118378268
156032,0.0008785374089411224
156033,0.007603687574837364
156034,0.00042001327146781357
156035,0.00028360254294850575
156036,0.0006492314333631236
156037,0.0558967118935789
156038,0.9955648131150511
156039,0.000995232735025097
156040,0.00019245652720473484
156041,0.0003140883002038069
156042,0.9900176231628854
156043,0.0005347965625270314
156044,0.0013566261985889613
156045,0.00027897073520361107
156046,0.016212237426339877
156047,0.0008554230079305688
156048,0.0064493267483235256
156049,0.0013914714028434075
156050,0.00023853247517967565
156051,0.9767529174465183
156052,0.9847278094823069
156053,0.0004970333886139428
156054,0.0002670152544366751
156055,0.0008166322716935322
156056,0.9925757676428749
156057,0.03499559167230329
156058,0.9866987082546405
156059,0.9964254158451539
156060,0.0007927524928490713
156061,0.001928549284921036
156062,0.004049174392098416
156063,0.5985865239782033
156064,0.050155234368487435
156065,0.0017275974198216928
156066,0.00037277040100278433
156067,0.007065482683881944
156068,0.00398892167750042
156069,0.9939012732040012
156070,0.0017858274936219797
156071,0.0010663323983868696
156072,0.00029054121276762774
156073,0.0001948091990586564
156074,0.003924608772232349
156075,0.9894452889254823
156076,0.9953969778118301
156077,0.00022369576220479295
156078,0.0012080890347876904
156079,0.9888214126059499
156080,0.0005436811280913552
156081,0.01823078054075849
156082,0.0005810227105824424
156083,0.0004239641456193078
156084,0.0003806481208072547
156085,0.0011480794207395198
156086,0.0006267969217230552
156087,0.000308820262922408
156088,0.00024733935320848336
156089,0.0006126922781404417
156090,0.000892412235714863
156091,0.0015697674170302477
156092,0.0009306988633413685
156093,0.0018525529134940802
156094,0.0006649127481374214
156095,0.00028266693874462115
156096,0.0015621761955119061
156097,0.004243595924040083
156098,0.010228753130656645
156099,0.14269843821956177
156100,0.001341656014688805
156101,0.010900256645927682
156102,0.0002672870841325919
156103,0.0003265095318941199
156104,0.0012573953683100295
156105,0.0033143080878136415
156106,0.0003363271872083446
156107,0.001132700635921162
156108,0.001339032091947052
156109,0.0009686618711859158
156110,0.9689516820424958
156111,0.010172415405463228
156112,0.002340314740758563
156113,0.0009643387891100275
156114,0.16946087405511162
156115,0.007239053814595352
156116,0.00022863593677905218
156117,0.9895240855684645
156118,0.0060227406746013006
156119,0.015233966332976072
156120,0.0003332851244552263
156121,0.0003002774720715769
156122,0.0006407188456103717
156123,0.0008922756934228129
156124,0.009397345252201353
156125,0.008116219333373002
156126,0.9037798367724857
156127,0.0028999938716591056
156128,0.011323431444906839
156129,0.0003230192932563352
156130,0.001249091475445808
156131,0.0005784441316399912
156132,0.00030490723209788316
156133,0.0009955230833525173
156134,0.002231220695577308
156135,0.048116313211404194
156136,0.0010014480390806316
156137,0.00028758585029735865
156138,0.48223387373615
156139,0.9973187626578169
156140,0.1103994605564109
156141,0.0019577878242625036
156142,0.0005290471330969755
156143,0.00024533982066981934
156144,0.0007228111282517335
156145,0.04049626240063676
156146,0.0006525222094080457
156147,0.003868147162326471
156148,0.0742344801003391
156149,0.0023003199518297625
156150,0.0007658344346190047
156151,0.002559603307869163
156152,0.0007858765576755764
156153,0.00545640920662681
156154,0.0007747425866114837
156155,0.00020490686266505853
156156,0.0039424689586242834
156157,0.0779414420394958
156158,0.008632266361215817
156159,0.9802217570670844
156160,0.002358876924067246
156161,0.013264574552708805
156162,0.005698356144144697
156163,0.9961914897546885
156164,0.0045203032342610765
156165,0.008965904813622257
156166,0.0009054566498348005
156167,0.0011086137126565278
156168,0.0004902959157332119
156169,0.00018495664786406343
156170,0.004772180681299821
156171,0.0002855443407449514
156172,0.00029920737362270586
156173,0.00468246605011601
156174,0.000468796732457906
156175,0.00039463210637210634
156176,0.00035464036971717537
156177,0.0027004016321279926
156178,0.000226841200732331
156179,0.9746426547855737
156180,0.003339044486192164
156181,0.003856680861682999
156182,0.001986003439804491
156183,0.990408151872058
156184,0.0020416305593950325
156185,0.0008689897312374747
156186,0.00033853896939018346
156187,0.0003193662357712413
156188,0.022937438562163355
156189,0.00027683148205742453
156190,0.0013513022745772977
156191,0.19922131082395186
156192,0.0011095014200217287
156193,0.0006021227008851248
156194,0.0028816206643609175
156195,0.0018946578762678537
156196,0.01519551741669654
156197,0.002133622147660088
156198,0.0005022558531142164
156199,0.00038923414303882554
156200,0.00018326028790985162
156201,0.00035224468720058326
156202,0.0003393322670759558
156203,0.0036547305768386434
156204,0.0003817558361356665
156205,0.0008029154497962335
156206,0.0016273213069515108
156207,0.004298779851743441
156208,0.00038920709317224805
156209,0.0007420671774176901
156210,0.05026655412432011
156211,0.00037509415633927375
156212,0.0004141755174216502
156213,0.00021247949516853281
156214,0.00030403232847501816
156215,0.0003504068216153222
156216,0.0016343091237298133
156217,0.9960414002674278
156218,0.9929981336584474
156219,0.06932852810333283
156220,0.0002386428656226673
156221,0.0015077403852249076
156222,0.9903750417131273
156223,0.010943480694117437
156224,0.00025013131733096316
156225,0.01483979556393373
156226,0.0008713593388653465
156227,0.00028743479705447845
156228,0.0005974389830459277
156229,0.0002793016238351043
156230,0.004179827637515787
156231,0.0002998112625013751
156232,0.0006365722115360211
156233,0.01062157840109195
156234,0.057001113293804376
156235,0.0004714167178633909
156236,0.9746990508856177
156237,0.05639466306439674
156238,0.02227294267155644
156239,0.0031394715574557053
156240,0.03426625085317197
156241,0.00016723894893865912
156242,0.10210043720604671
156243,0.003548366590837395
156244,0.0038880735497345063
156245,0.0005132412062111107
156246,0.00026036137630518387
156247,0.0004915580123480965
156248,0.0022578054378439797
156249,0.02003961978890874
156250,0.00036104827386784506
156251,0.003053854648728166
156252,0.00015294787156357715
156253,0.0018290820041901533
156254,0.0012784562637269455
156255,0.001095959841944762
156256,0.9932054765073578
156257,0.9841112304025633
156258,0.001256057542730034
156259,0.0004933228037069025
156260,0.0006897941447521675
156261,0.00040903581528518434
156262,0.027467311901653895
156263,0.00027157461743226163
156264,0.00030350899122146056
156265,0.0006633620772717191
156266,0.0005586222172679179
156267,0.00037683228368264575
156268,0.000606092942785895
156269,0.0002739797922315785
156270,0.003184157174967641
156271,0.0008099192551397941
156272,0.00032436658265748154
156273,0.0003113887392945779
156274,0.0036205870679872354
156275,0.040870663761911064
156276,0.00018620479753590118
156277,0.000871634950899135
156278,0.0003230703794303744
156279,0.0003126138140833745
156280,0.0010697310559358696
156281,0.9884990440130516
156282,0.0005420711959420233
156283,0.0003061556675074442
156284,0.9950249483188084
156285,0.0001644784824644866
156286,0.0007301956989427759
156287,0.00030655948953676695
156288,0.0005740484530095081
156289,0.00032388543253495186
156290,0.0002532548737684591
156291,0.037618727783960915
156292,0.0006915970691066294
156293,0.0014991192355005539
156294,0.001126019125032174
156295,0.997372870052457
156296,0.0015734872271644129
156297,0.9948324566332948
156298,0.0003403049230290044
156299,0.0014657619726417563
156300,0.00021926103691399912
156301,0.0006300946553927813
156302,0.976842187935199
156303,0.006791152511620067
156304,0.00015097742115459763
156305,0.0002646853015628638
156306,0.0003202710200372671
156307,0.008756054277823697
156308,0.0006787337540329827
156309,0.003973900452369283
156310,0.00019266642192961077
156311,0.010963566622332726
156312,0.15011354654479006
156313,0.0004032618981142148
156314,0.00013092198690657801
156315,0.0010561759916542705
156316,0.010391194009248995
156317,0.9901692540972454
156318,0.00037986621881526444
156319,0.0005239731916317944
156320,0.0007616891186133616
156321,0.13958721670570207
156322,0.039609041434348215
156323,0.008085694557253808
156324,0.0033946235660254217
156325,0.00029421448303673935
156326,0.0019721820958368574
156327,0.0010016603142932617
156328,0.005789065050058273
156329,0.00018011578353600323
156330,0.02366398890511372
156331,0.003301386387316654
156332,0.9864323167812318
156333,0.006492039345800512
156334,0.0691853282183807
156335,0.000597169858388611
156336,0.00020237518603720384
156337,0.0012999770927348377
156338,0.004176953779184588
156339,0.0002485187182381966
156340,0.00019156393398734928
156341,0.002183132567554977
156342,0.02134497353082436
156343,0.0004830777262934132
156344,0.9427340640684062
156345,0.0001631727196094398
156346,0.0010292996757076266
156347,0.9868488015612742
156348,0.0004631249502073118
156349,0.002071403394428519
156350,0.0006740476845324121
156351,0.9204055677721227
156352,0.0015809876626680488
156353,0.00048125327689132807
156354,0.0003943878625606472
156355,0.0005735702526598759
156356,0.000166325649657492
156357,0.15698939961946212
156358,0.005960494341637147
156359,0.00016411650718887872
156360,0.011916071666725512
156361,0.0002445063215337902
156362,0.000371303283865613
156363,0.0010610913802193433
156364,0.00032578561279193475
156365,0.978356355660255
156366,0.002426638504813354
156367,0.0027822255415444887
156368,0.00023531683753145484
156369,0.0017837302923725028
156370,0.0006858028991046188
156371,0.04363427440278625
156372,0.03229061452687852
156373,0.00037078000819858414
156374,0.01738050157889937
156375,0.0006961696968673295
156376,0.7633642955080752
156377,0.06909471913329175
156378,0.0002841790296115163
156379,0.002732729613997431
156380,0.005589741357816096
156381,0.0008703183091864774
156382,0.0010851092149950202
156383,0.005652473065149706
156384,0.00032256033338491326
156385,0.0065549325600202345
156386,0.00021920499810071972
156387,0.002493554694223912
156388,0.0004900513666869913
156389,0.0003967171338892024
156390,0.009201066788867908
156391,0.00019569171134050146
156392,0.010643927830446662
156393,0.0001921974407262776
156394,0.0002957064463857133
156395,0.00014438890458919098
156396,0.9592913331000211
156397,0.000726444582839402
156398,0.001398151154712953
156399,0.0003812632301667522
156400,0.0031318113013839356
156401,0.9603942504185391
156402,0.005622218273007564
156403,0.006748479052993998
156404,0.0005780691203234594
156405,0.016280177521049297
156406,0.0008157985496715144
156407,0.008626328762051043
156408,0.0010167327273104616
156409,0.0008574893673946257
156410,0.004736159088413281
156411,0.0005519803967296222
156412,0.000193118760788364
156413,0.00046184172244420656
156414,0.0002260168655488578
156415,0.0005662030604792778
156416,0.0003342927046393026
156417,0.27259586974767114
156418,0.006992243266708179
156419,0.0004359948234960838
156420,0.003752890077991317
156421,0.0002214334797623358
156422,0.0036131395126474566
156423,0.00021048458682646095
156424,0.024156969781444014
156425,0.0009659682091515492
156426,0.0011217663269679219
156427,0.0009482420052742135
156428,0.0057002603214166316
156429,0.0018842727552755272
156430,0.00744187328839698
156431,0.00022587580650946886
156432,0.012101906646566143
156433,0.0009457803773408859
156434,0.99422636159046
156435,0.000535481086180115
156436,0.9752121998142934
156437,0.0007139305588098222
156438,0.9252866291098267
156439,0.00030839022820779833
156440,0.016830835228010994
156441,0.008746698531907566
156442,0.0015624015158402732
156443,0.008307780142307004
156444,0.00018662500888399873
156445,0.0003648567584753292
156446,0.018675802963588495
156447,0.0020723537623554265
156448,0.0003997469973723243
156449,0.0005626671916542777
156450,0.0019848137309554834
156451,0.0018587723737706005
156452,0.0020928570340783804
156453,0.0008412910353838918
156454,0.00018872675254512087
156455,0.008612582246972953
156456,0.0003379611183432766
156457,0.000293389947405135
156458,0.018827215837565102
156459,0.0034595927206633134
156460,0.00020044896293622107
156461,0.0003145039769505744
156462,0.0004140312566887095
156463,0.0011344951497436607
156464,0.00034796723078584657
156465,0.13606571134485573
156466,0.000543048723029237
156467,0.0022653233102131174
156468,0.0019407014554123601
156469,0.0003406916816022874
156470,0.0003828105408686533
156471,0.05219726001900452
156472,0.00023963684814346097
156473,0.001825830154474998
156474,0.0006136363292272603
156475,0.002040564150805381
156476,0.001019593059992011
156477,0.00012756204685057153
156478,0.00030663541276104586
156479,0.0004010540040847728
156480,0.0010857148148335752
156481,0.06734372428301381
156482,0.001986334272382826
156483,0.00011985704649078209
156484,0.00039351954859818294
156485,0.00043495435333616836
156486,0.0013921125247988186
156487,0.0010315083231893115
156488,0.021173389933721785
156489,0.0061197683858415725
156490,0.012130277606956506
156491,0.03534159199461576
156492,0.0017327578127300108
156493,0.009141794172629652
156494,0.013270482924501054
156495,0.985139479767163
156496,0.0020317781009565336
156497,0.00041128961338038876
156498,0.00037275203272896153
156499,0.02051945686678767
156500,0.0009215536590402024
156501,0.9951737135612424
156502,0.041023441712088465
156503,0.000553167487838893
156504,0.0048793475872065
156505,0.0008566069260815294
156506,0.0005008913282243781
156507,0.00029884712367885566
156508,0.00024409406582333364
156509,0.00046330205262814237
156510,0.0005125697789945622
156511,0.00038944194327706445
156512,0.0018085781852819843
156513,0.0018173444762013566
156514,0.0005231515317641631
156515,0.994099155518598
156516,0.0038280988884567568
156517,0.0005677363816378246
156518,0.0005166328548817346
156519,0.00046988268984316444
156520,0.0013415734931419366
156521,0.005698722614439782
156522,0.001244121277088926
156523,0.0036382669683992373
156524,0.00013042718986743055
156525,0.00083776213150013
156526,0.01147630976959458
156527,0.0006213963308474236
156528,0.003130404598533364
156529,0.0008184570957670199
156530,0.00041716126687708167
156531,0.9337552250586012
156532,0.0003649132217897382
156533,0.000274138415113196
156534,0.2204407862859728
156535,0.0006935246925948467
156536,0.9956312712483283
156537,0.9934425695925372
156538,0.0005198560095633263
156539,0.00046708482684726426
156540,0.001923093106781856
156541,0.0006109926391186354
156542,0.00032369728581733737
156543,0.0004329878684412866
156544,0.00023050574959413583
156545,0.002179206246562882
156546,0.011763572949758768
156547,0.04003052568000984
156548,0.004759553633391596
156549,0.0017257545403458164
156550,0.0011310597594036793
156551,0.00027683935736362315
156552,0.9922521848835912
156553,0.0015692200907911709
156554,0.00031107788852217943
156555,0.003637726427704962
156556,0.9913003255178232
156557,0.985106172347823
156558,0.02133216172635408
156559,0.0004141258773486843
156560,0.000690371816589637
156561,0.0005814936380823025
156562,0.037581376323251196
156563,0.0002403490156352039
156564,0.00437666197425964
156565,0.4125966673961954
156566,0.0009681364106986167
156567,0.00020961037650352326
156568,0.001240970758089786
156569,0.00044200394655091984
156570,0.0003255167232788026
156571,0.0009962629597592729
156572,0.00047146989437995537
156573,0.0007340215832344867
156574,0.000515126745537422
156575,0.0007243718130951829
156576,0.009074906502344864
156577,0.9921121925041372
156578,0.0008696025092545192
156579,0.008275473420723638
156580,0.01906684383395096
156581,0.00014624969408718217
156582,0.0005391259405717979
156583,0.0015072005753834577
156584,0.000722507855721756
156585,0.00022941635603159838
156586,0.009055855010175553
156587,0.00014464092639938743
156588,0.003679282690537374
156589,0.003901529380526102
156590,0.02918130443898802
156591,0.07472871898577284
156592,0.022825196647653027
156593,0.0001795470206479083
156594,0.0009118823128775322
156595,0.0002543600870109573
156596,0.00035804231804399396
156597,0.0010891585881449848
156598,0.0009368980796870292
156599,0.0013378004864829827
156600,0.0007955329355980344
156601,0.0011804755947374197
156602,0.0054870020494361925
156603,0.0006359046420196398
156604,0.013458074814787805
156605,0.988688625277785
156606,0.00134712218884771
156607,0.0519575902702913
156608,0.0013782072459600349
156609,0.001327761165106392
156610,0.0009233362921508217
156611,0.0003196209392336233
156612,0.00045370471280354083
156613,0.0016494205409951987
156614,0.0034898197575396308
156615,0.00895191517026599
156616,0.009434169598272509
156617,0.010746552463793071
156618,0.0010441910608970934
156619,0.0007251725293464974
156620,0.0004360367761358289
156621,0.7445393208118927
156622,0.013518851762499335
156623,0.0010955903240744366
156624,0.00035159940842955826
156625,0.00450191803579439
156626,0.0005558173732584824
156627,0.003344354790166394
156628,0.0002957306638694641
156629,0.0004321420271945175
156630,0.11975351768986055
156631,0.008095007144634849
156632,0.0010493145592418579
156633,0.0005967605867318914
156634,0.0007757930057033407
156635,0.10134166778160252
156636,0.0003897147174027983
156637,0.00135309818276245
156638,0.0002872857600785352
156639,0.00020709176162538498
156640,0.018643656737550005
156641,0.0013758110851544545
156642,0.00023329271001906515
156643,0.001905990133960462
156644,0.0012055991720924975
156645,0.0017604345080747793
156646,0.08177916729906139
156647,0.0012270645731460054
156648,0.012396707365750105
156649,0.0008861273334652266
156650,0.02696239443140001
156651,0.006057734974140495
156652,0.001982035390387147
156653,0.9864108779112595
156654,0.0034827815223711306
156655,0.003290251173843849
156656,0.003632529283829018
156657,0.0008908485709066863
156658,0.0479054551404894
156659,0.013678467622133808
156660,0.0008442752115347624
156661,0.0003090652091251048
156662,0.0002543537292589905
156663,0.0005855763941353884
156664,0.0017952103846347904
156665,0.0028379080307581995
156666,0.0005190175247933028
156667,0.007943995371149518
156668,0.00023864711966603704
156669,0.008099783418238934
156670,0.004645419046023158
156671,0.00022294886290162862
156672,0.0002631209544735862
156673,0.0008740751645441663
156674,0.0003161107202005229
156675,0.9931538828194961
156676,0.001973678937777547
156677,0.9878135963305162
156678,0.0002835198107256348
156679,0.0003555487687012767
156680,0.00015117981150395714
156681,0.00019009645175263056
156682,0.0003426536932872195
156683,0.0003032873919117697
156684,0.9454034574344162
156685,0.005518973676052452
156686,0.9940320197139524
156687,0.000508502578063612
156688,0.0015516001876289568
156689,0.0003621569523290444
156690,0.00029918733618695866
156691,0.004723774129594563
156692,0.0002606311704214588
156693,0.00016347012431558948
156694,0.00013711572550686914
156695,0.0025891887214453788
156696,0.019222332728241115
156697,0.0008901126115345653
156698,0.0008396656683807004
156699,0.00425354407315382
156700,0.0005559766111657034
156701,0.00025672505754849057
156702,0.000753384785213774
156703,0.011659137354444538
156704,0.0008307713913879705
156705,0.00032474186069685843
156706,0.0013010513876078684
156707,0.8292861989376229
156708,0.00755631840146308
156709,0.008536372810660423
156710,0.0021541802461925324
156711,0.00018205124981502107
156712,0.0005247248710043223
156713,0.0011623922606434087
156714,0.0030506193032121946
156715,0.0008219304238260504
156716,0.00037984089020867543
156717,0.00010700508412512357
156718,0.001601445758844413
156719,0.00022294370563852965
156720,0.0021340995841127954
156721,0.00016619141038647697
156722,0.00034899811859067113
156723,0.000623041381134417
156724,0.007859711578846792
156725,0.0002748992062468228
156726,0.0002871000466721615
156727,0.0003792298705925987
156728,0.00032137202736601933
156729,0.00217481042931373
156730,0.001774853217967462
156731,0.0003327884072550922
156732,0.0006975786150888254
156733,0.005463007009254066
156734,0.000488919165460827
156735,0.0004381296670758181
156736,0.01056287853474647
156737,0.0077246471013172465
156738,0.9934558484199135
156739,0.0005122479683838943
156740,0.0002447664213513801
156741,0.0006449664386162126
156742,0.00011192648571770701
156743,0.0003207504631212211
156744,0.041311437612977966
156745,0.983329974065258
156746,0.0047204052959919545
156747,0.006474421578564601
156748,0.00197525963043563
156749,0.0002488983325962584
156750,0.974693828004397
156751,0.002900340613051415
156752,0.0008496283370767355
156753,0.030322020825828633
156754,0.0008113270612283953
156755,0.0002643087623982754
156756,0.005001306001034568
156757,0.00031071073998461364
156758,0.0003456081902759613
156759,0.005506498460326613
156760,0.000926118842199186
156761,0.0027512809248776216
156762,0.070851518780866
156763,0.02072325545536847
156764,0.00016466804124382718
156765,0.00040987362029667074
156766,0.00018928296733050507
156767,0.000247344940283478
156768,0.0006817548645771856
156769,0.010190308000539902
156770,0.0010175925458018732
156771,0.4877486641847324
156772,0.0009068215152785858
156773,0.00018202443929826655
156774,0.002480888619751243
156775,0.9912120376706208
156776,0.996611489294138
156777,0.00022769829138814772
156778,0.9852209937503127
156779,0.0007653475359256988
156780,0.0007885367270263737
156781,0.028118897778384375
156782,0.0007507811926426406
156783,0.001307052648716253
156784,0.0030168049613731205
156785,0.001078589074193577
156786,0.00016226177664141703
156787,0.001986255494617171
156788,0.0019507804264369928
156789,0.0006694988995634211
156790,0.0014580966766476408
156791,0.0008882934319408914
156792,0.0002706003645310055
156793,0.005559237147940914
156794,0.00022243856767654
156795,0.008522933534706437
156796,0.01321674037508323
156797,0.0041563046434935965
156798,0.0016461027467327507
156799,0.0006823119641089972
156800,0.0011742491866883146
156801,0.00046385693366136866
156802,0.0004919519338202735
156803,0.0033288097153437615
156804,0.9826376844443291
156805,0.004028278554993151
156806,0.0008455556137737413
156807,0.001650218431843569
156808,0.3792630012062346
156809,0.00027754233318665603
156810,0.0014997443182219379
156811,0.9940723954708428
156812,0.008539795956835777
156813,0.2197770559275757
156814,0.0031785157593938397
156815,0.00039141615406208433
156816,0.0017207955188998701
156817,0.01066562778721963
156818,0.0007303889471872983
156819,0.0006319510954377013
156820,0.015381315470904197
156821,0.005007054123268369
156822,0.00698106957411272
156823,0.0032635985976783716
156824,0.0014849604575119472
156825,0.0008632326869836794
156826,0.05144315977596574
156827,0.00029446066158756904
156828,0.9796507352151971
156829,0.008136102538886705
156830,0.00017895599267679201
156831,0.0009363791994664177
156832,0.009836868116351984
156833,0.00231205692878651
156834,0.011653685465880874
156835,0.0018259591207107641
156836,0.03586516478111557
156837,0.00026030398171086465
156838,0.0036489465568028813
156839,0.002514551976448376
156840,0.0025767492581260753
156841,0.0010399433929228598
156842,0.0029067401739755307
156843,0.0007027551317616839
156844,0.0005802877273452882
156845,0.0029169769330394803
156846,0.0003165421167028517
156847,0.01069547499392043
156848,0.0007735691748350005
156849,0.0011279971448047927
156850,0.0013913153018534458
156851,0.17214730882222168
156852,0.0011431670954533152
156853,0.024579688995668172
156854,0.981754806439438
156855,0.0029352744919903377
156856,0.0009454365051514489
156857,0.0004642292094884509
156858,0.003896763348578621
156859,0.013816063178049948
156860,0.0003383995614301994
156861,0.0012466305111157594
156862,0.0007481257354184276
156863,0.03540022409933685
156864,0.0017517372392087964
156865,0.022849538894236583
156866,0.006644844680086403
156867,0.0001615513192203692
156868,0.0481253586906433
156869,0.9888409120197535
156870,0.022378626878345576
156871,0.002772597277227285
156872,0.9847161424759671
156873,0.0002964171510769142
156874,0.0002088166193522952
156875,0.0005326452146784247
156876,0.22263177370918316
156877,0.0017450320046176588
156878,0.9852873618471889
156879,0.0002328262924064536
156880,0.017465170173925074
156881,0.00697212369266161
156882,0.00026493509149982724
156883,0.0002107036392892595
156884,0.0005465182984647164
156885,0.00013171526830095493
156886,0.016328635564268976
156887,0.0004147113476719733
156888,0.001823311835830585
156889,0.0006488010795011248
156890,0.00012826047334798106
156891,0.0893876251757258
156892,0.00020987315285554757
156893,0.9950738107442537
156894,0.0007388948389979457
156895,0.05145850580993934
156896,0.0011847975592520791
156897,0.0001672189127798881
156898,0.0004779067012268629
156899,0.0006527672028133014
156900,0.9943182172063074
156901,0.001288783899556897
156902,0.002892112371412709
156903,0.00034297685685937733
156904,0.9822411941587313
156905,0.0008617814211935655
156906,0.0002977469056001602
156907,0.0002645858498776893
156908,0.005366256931988149
156909,0.0011016927246573183
156910,0.00029301377405034754
156911,0.00020166084396452865
156912,0.00025219221399292325
156913,0.04839006543031584
156914,0.0023154173801031887
156915,0.00048251834807406326
156916,0.017903503672403658
156917,0.0001374102546684834
156918,0.00033472258201321044
156919,0.9348389188115431
156920,0.0002759252554329155
156921,0.08136129843951116
156922,0.0004802845315448535
156923,0.0009475638250109759
156924,0.0011423068652538098
156925,0.06156878055567759
156926,0.0006929706680337405
156927,0.0004907570758284419
156928,0.5500176287290625
156929,0.0005126113647085042
156930,0.3600345945625679
156931,0.00015918593736265562
156932,0.0017039723168779254
156933,0.0005364583387048101
156934,0.0005735526072992946
156935,0.04998646659403617
156936,0.5676206811474733
156937,0.000447370213829751
156938,0.0007200577198001295
156939,0.001027985928872642
156940,0.003969817165394574
156941,0.00905574248908678
156942,0.0015522415597561852
156943,0.0016282947145416899
156944,0.0008644198844450162
156945,0.0006175861545093977
156946,0.0004461627828192456
156947,0.001221032862614589
156948,0.000398546577531485
156949,0.0004721024405930866
156950,0.0003025848094975497
156951,0.00035368000364491097
156952,0.01856350391174838
156953,0.004109462151869582
156954,0.0011813675172961749
156955,0.00037301372223183147
156956,0.9928942167191914
156957,0.03495018535050039
156958,0.0010211276949986946
156959,0.12897833051478724
156960,0.007588890402116196
156961,0.00022741824279889198
156962,0.8080612886211057
156963,0.23488659596850547
156964,0.9943204130481407
156965,0.0005197674155871536
156966,0.002700752315777669
156967,0.00020610339656019683
156968,0.0006021076189998835
156969,0.00034980818791332694
156970,0.21317396041268233
156971,0.0007247353568237573
156972,0.0001751481293305939
156973,0.0005317690302100176
156974,0.99733110095101
156975,0.06772362645170177
156976,0.00015153802275524989
156977,0.002361893940363518
156978,0.004230637483219852
156979,0.00035595438746898866
156980,0.0002158217111479244
156981,0.00036536082384332934
156982,0.00015914999805155848
156983,0.0010256561347054413
156984,0.00017370563365951206
156985,0.9759926835891937
156986,0.0006039726927787652
156987,0.00584111222676485
156988,0.0013006368758315516
156989,0.000594622999269153
156990,0.010061080071458296
156991,0.0006185800941942716
156992,0.0028232211734156715
156993,0.9239923215151369
156994,0.0005556846552989612
156995,0.00803737265105225
156996,0.007933058176919318
156997,0.0031391935626150775
156998,0.0002460604546497265
156999,0.005715314162270432
157000,0.0014459853073097316
157001,0.007719172814363937
157002,0.0022408810735341997
157003,0.01056114401846247
157004,0.010298450780190392
157005,0.0010784520674662734
157006,0.0009612948406947159
157007,0.0005622398356828127
157008,0.0016710472863050788
157009,0.9322014803302715
157010,0.0016916644918349062
157011,0.0003883539335085838
157012,0.0010457470518322625
157013,0.00018608254988065502
157014,0.0003964849353116753
157015,0.0006384235418215254
157016,0.0041590834048654155
157017,0.0013747222720648863
157018,0.00016505855672112294
157019,0.003228067209380639
157020,0.0010899688308615412
157021,0.0010250274048938105
157022,0.0963721961525207
157023,0.000328913893718012
157024,0.0002560935726719159
157025,0.00044620246611296505
157026,0.00486192635715303
157027,0.0005001194558217768
157028,0.00018886771018038459
157029,0.00046996168486628995
157030,0.00011297274608857042
157031,0.00038718926586318257
157032,0.016275943533513353
157033,0.0003573671878751433
157034,0.007499368825534532
157035,0.00023037144566324846
157036,0.0005265900625315786
157037,0.0027408424376041784
157038,0.00040487422427407083
157039,0.9924670211186515
157040,0.0034952909729564995
157041,0.0003673124307987678
157042,0.0016368762491022727
157043,0.0005304146680844569
157044,0.044852445020383346
157045,0.0008022210443213308
157046,0.009880094386143956
157047,0.8925586726802048
157048,0.0027035585258862412
157049,0.04156744458863539
157050,0.00038860209195820395
157051,0.0001553982601145864
157052,0.0012179607005695448
157053,0.9862133889141828
157054,0.003804880571959948
157055,0.002241215879490569
157056,0.0008313484434732348
157057,0.979704241372391
157058,0.0036606467299335325
157059,0.0003104225215812175
157060,0.00728392059340363
157061,0.0005398573238134874
157062,0.0007131944440194948
157063,0.0004089100556292291
157064,0.0011014667548201577
157065,0.0006482440547768918
157066,0.0008155856107023468
157067,0.047041494943301385
157068,0.006861143234908149
157069,0.00048439480182313883
157070,0.03050487515823135
157071,0.002099135478765022
157072,0.00048748752473438305
157073,0.0004420588597687978
157074,0.00688060959197684
157075,0.008630306675824487
157076,0.0002721745587973433
157077,0.0082911363488688
157078,0.0012048383318132674
157079,0.3516440366206118
157080,0.006451036888308598
157081,0.0022946330009956145
157082,0.039486039097392234
157083,0.0003434622977901744
157084,0.000737485986680004
157085,0.00022039850402090643
157086,0.01696025947350592
157087,0.0016632702408803342
157088,0.9894122824739539
157089,0.025727468049269966
157090,0.00035499522079364307
157091,0.0003273003520919778
157092,0.0068826507076959545
157093,0.001840942783581649
157094,0.015891310813709706
157095,0.05053506540822588
157096,0.0007206246213166594
157097,0.004190814184151777
157098,0.0010922504190513274
157099,0.029187053831826085
157100,0.9859361070174492
157101,0.982140393676311
157102,0.0009239910334392155
157103,0.001715066438903591
157104,0.002144976397941797
157105,0.05201410865373997
157106,0.9920863097984499
157107,0.0009877447871708724
157108,0.004196637052194062
157109,0.00029042051935900253
157110,0.0003023575447283509
157111,0.0014723946019296293
157112,0.00027218924738396855
157113,0.002933365140426681
157114,0.027839206958340173
157115,0.0006003234996509413
157116,0.09336690554120376
157117,0.0002925594389220237
157118,0.0006292704437666382
157119,0.0034512053219832597
157120,0.00039736926075240465
157121,0.9854995682588787
157122,0.0016226070124219143
157123,0.00640288810494845
157124,0.000255645953932122
157125,0.008988020959374812
157126,0.0005460354244792562
157127,0.0020012568175449687
157128,0.006261413202899007
157129,0.00043359922514658953
157130,0.001198201473727497
157131,0.0003118643579831756
157132,0.007183726632720588
157133,0.018238032439174243
157134,0.009650916927182136
157135,0.001332490381821695
157136,0.0014960778906301614
157137,0.0007260415372367565
157138,0.00027139585720911626
157139,0.0004934658595456096
157140,0.986922773360337
157141,0.002421071423727594
157142,0.9910368970687204
157143,0.0933073318354075
157144,0.0005095322609742891
157145,0.001614185481421837
157146,0.00020451956024836404
157147,0.0005137847733642195
157148,0.00048236995982385995
157149,0.0002713216902158879
157150,0.00044029251812152426
157151,0.0008999398701466011
157152,0.0002890176838834455
157153,0.00027860016655987786
157154,0.0001487652582150285
157155,0.002917565858022724
157156,0.004776379514843806
157157,0.002846150044852256
157158,0.0007741235678293249
157159,0.00042442422813133274
157160,0.5732099931607323
157161,0.09817231353248401
157162,0.0016913110746339288
157163,0.0024917267335853696
157164,0.012996237718802914
157165,0.0008333809387330302
157166,0.0029948673198819443
157167,0.0011194862916527272
157168,0.0010822347884809976
157169,0.0006362887611171834
157170,0.010602157554891444
157171,0.0014884995144699943
157172,0.0009226045915058737
157173,0.00022901571501487318
157174,0.8811268928380698
157175,0.02704165126221118
157176,0.9875442362430271
157177,0.0037638480052167352
157178,0.00016068297582177304
157179,0.012910759943916704
157180,0.000178809572551561
157181,0.001619629115407678
157182,0.9809988443330935
157183,0.0002623450836442073
157184,0.0009075601127799676
157185,0.005440672751973885
157186,0.990826665696867
157187,0.0004848531847380349
157188,0.0011858294170674249
157189,0.0018360057080911538
157190,0.0002528816169483979
157191,0.1361522410048306
157192,0.005294603709963894
157193,0.0053071676725106555
157194,0.0004652894135737869
157195,0.03615138350413341
157196,0.00023103783447909261
157197,0.009993902794019084
157198,0.003022996213862774
157199,0.00026711622911912506
157200,0.00033397154617255837
157201,0.008423633920711642
157202,0.02651986222696743
157203,0.0006642801912323797
157204,0.0002180411143849022
157205,0.00010840521223410294
157206,0.01118181398318905
157207,0.0005981347205198088
157208,0.0015974685427346856
157209,0.0007340334889962849
157210,0.004155026450974784
157211,0.00024358197266350802
157212,0.0011386924750772225
157213,0.0026151864581626313
157214,0.06628780005309151
157215,0.000268076258620206
157216,0.0004428292125689111
157217,0.00024822841810186045
157218,0.9958908027681874
157219,0.0005100667123714889
157220,0.0008700608473131175
157221,0.0003128886044311739
157222,0.0002577409549567348
157223,0.0031190284504903206
157224,0.0005014524666531995
157225,0.01773879596184673
157226,0.00259268725023886
157227,0.005735372245166648
157228,0.01386602834305186
157229,0.0015978243672639717
157230,0.00010857720143363026
157231,0.00040359016560078976
157232,0.0008948619673860407
157233,0.004981442674106535
157234,0.002610229349889979
157235,0.0005020702303536745
157236,0.00025859422428718074
157237,0.99591352816891
157238,0.004176108245113055
157239,0.00038265267361438577
157240,0.0008123540145138263
157241,0.00939152675043649
157242,0.0003185043183112879
157243,0.00028366832533308886
157244,0.00103373226931567
157245,0.0010296460292874396
157246,0.0656703409773553
157247,0.0870155717184528
157248,0.00038265855113233055
157249,0.0012308608752848768
157250,0.01617518886193178
157251,0.00042599307830593986
157252,0.11342874970123065
157253,0.0009310964123401671
157254,0.994684427532261
157255,0.0004789644400696305
157256,0.00872891307397319
157257,0.006176913883078485
157258,0.0019543561412372085
157259,0.001529494598375213
157260,0.009658484023525225
157261,0.0021220123622109053
157262,0.0002985766532404856
157263,0.0002473762036462438
157264,0.0012112716734174306
157265,0.031606431222570334
157266,0.0012400701229351772
157267,0.03818761614307354
157268,0.00016819150033297212
157269,0.19623359313917238
157270,0.00033664753282433015
157271,0.0004685189802593573
157272,0.0013592286911426582
157273,0.002052293295373964
157274,0.9932777330838575
157275,0.00015049009553786468
157276,0.019475944216710356
157277,0.9854585708408115
157278,0.004424089973498642
157279,0.0004201426140900656
157280,0.001275983350501393
157281,0.015635160421905638
157282,0.015154677795532846
157283,0.0004036821995750797
157284,0.007191481143179128
157285,0.01398744168197359
157286,0.0010266183508469092
157287,0.002211400011148831
157288,0.013189887470341416
157289,0.9554036693124632
157290,0.0002110231187854409
157291,0.0015700073645112402
157292,0.000630484309117938
157293,0.00045381448046264756
157294,0.0004930291950795114
157295,0.0009354003538611483
157296,0.36327564984760224
157297,0.001891156369210595
157298,0.0064575651216947265
157299,0.0019503868070015558
157300,0.0005918333134955927
157301,0.12232131677938975
157302,0.0002784736536336592
157303,0.000451458760498243
157304,0.0010793361420021147
157305,0.0075195515929250886
157306,0.001063094690272985
157307,0.0058008375627438
157308,0.00750912717111417
157309,0.0003866836907420842
157310,0.0015829776879530176
157311,0.0029625680740020632
157312,0.00028290006796293556
157313,0.00032557784160670427
157314,0.0031539906134196486
157315,0.007950459629203122
157316,0.004682657252366219
157317,0.00029285151793933195
157318,0.0012861514687371764
157319,0.008674155982566755
157320,0.0004106538255122522
157321,0.0012049342208169662
157322,0.0011202455023072498
157323,0.0008411058811965311
157324,0.0018583259273750306
157325,0.0016190351370913552
157326,0.09040382113538889
157327,0.0004692707389577515
157328,0.008665122250341708
157329,0.00035914370451928745
157330,0.001760514704057383
157331,0.010813448271993754
157332,0.0017435313638646359
157333,0.005900162796649713
157334,0.0014538954354525887
157335,0.0014427964970648158
157336,0.0010577846761988174
157337,0.0015274490439533943
157338,0.0006683111320175982
157339,0.9792833400997365
157340,0.00031722444006861144
157341,0.005741435973861844
157342,0.001553491275503986
157343,0.00028576943272451644
157344,0.0005160619121643583
157345,0.0011256246204245399
157346,0.00601491244819216
157347,0.0008430822008357701
157348,0.0006872704043779165
157349,0.00033733044289894066
157350,0.0001725352656931896
157351,0.0012240459951161971
157352,0.007348168128424953
157353,0.0363329333505376
157354,0.0003047897960467732
157355,0.0030005572093425837
157356,0.00048502158279497995
157357,0.00013889982788703546
157358,0.24071430979093295
157359,0.0008113324412811942
157360,0.9900582032699015
157361,0.06169243973805196
157362,0.15177194607772973
157363,0.0009252586622680011
157364,0.0007556243641820778
157365,0.0012359114869723653
157366,0.0007963453882456639
157367,0.0183223339783178
157368,0.00010499120851688635
157369,0.008198421147651838
157370,0.00013876556956755147
157371,0.0013595884417586643
157372,0.0010570703898670638
157373,0.30369014726003296
157374,0.0002930990210783416
157375,0.008222285677446659
157376,0.0001537097826399996
157377,0.01833236017512436
157378,0.0017356503192695672
157379,0.1683841013258424
157380,0.0006785259469949345
157381,0.020378468643970117
157382,0.03277358041837725
157383,0.002960186032273365
157384,0.03655976832798864
157385,0.013520395107552428
157386,0.001032921358403565
157387,0.035611217199335625
157388,0.01832725017894223
157389,0.0003450081918212563
157390,0.021104526820999416
157391,0.00021089189683822323
157392,0.00011953592332068457
157393,0.001151673350526239
157394,0.0009244846668654408
157395,0.0009019189998840778
157396,0.00018987474445675195
157397,0.00015223654324669002
157398,0.00020074151985128427
157399,0.0068414183357921095
157400,0.06563705237619837
157401,0.001978472592445333
157402,0.9781985303714104
157403,0.00015182646281558334
157404,0.00029816728618752117
157405,0.00037776206895541377
157406,0.0024032151909933928
157407,0.0009188925530129908
157408,0.002818330716653345
157409,0.0007543493894814464
157410,0.00185078567424389
157411,0.001067749511597848
157412,0.0004907500701445096
157413,0.00019436505994613147
157414,0.9936310205267246
157415,0.021044025311584003
157416,0.0007831310584101405
157417,0.9834908028570264
157418,0.002381259209603233
157419,0.9959383483210383
157420,0.0003139372371409535
157421,0.016924054495440894
157422,0.0020339488154146076
157423,0.013614404502315984
157424,0.996304370655768
157425,0.0016553792036992053
157426,0.0010031890888289473
157427,0.0017098518065249877
157428,0.0027999050975536666
157429,0.0008196368803189709
157430,0.0004033342313378819
157431,0.0002923690805964238
157432,0.0037771677181448744
157433,0.0008673970623682924
157434,0.24899100494306065
157435,0.0030654738199444678
157436,0.01024437203532018
157437,0.0037706712320252824
157438,0.00042442665345985355
157439,0.00018301253882783462
157440,0.0001520384261145816
157441,0.0005199140693010447
157442,0.0013762911723010365
157443,0.04993038883357527
157444,0.0016668733448868705
157445,0.00035879206544216214
157446,0.05518230251952145
157447,0.0002554784817478377
157448,0.0014328086530417418
157449,0.00017036052614412435
157450,0.0007460710553220297
157451,0.0005629649139476621
157452,0.9890076930371774
157453,0.0013050288944620656
157454,0.9767253131170819
157455,0.00022803619176934648
157456,0.0012193979448603396
157457,0.04684160653965015
157458,0.00042391661237652306
157459,0.0018989863088268264
157460,0.052978175698580716
157461,0.0002772098612806973
157462,0.0010158951236210341
157463,0.0005110388964726216
157464,0.00032852109111156547
157465,0.9862436787571375
157466,0.9856777363102568
157467,0.0007210811630938865
157468,0.0004864568260802843
157469,0.005272741974010523
157470,0.0006941953605916455
157471,0.0003378140575710938
157472,0.0019089260051337856
157473,0.008513622650322657
157474,0.025029361618613702
157475,0.0004113185064172691
157476,0.0005237750178799877
157477,0.0004624078755644813
157478,0.007318953372423395
157479,0.0005495722413903784
157480,0.9961946762474388
157481,0.00037845362276438135
157482,0.0004293044513721845
157483,0.9908096190920689
157484,0.08249748937711279
157485,0.00024137720453672372
157486,0.0022532615623534528
157487,0.9052613979593951
157488,0.0006267085477219888
157489,0.00017753117237267172
157490,0.06156064522091831
157491,0.9458285838915429
157492,0.00026810212644704916
157493,0.000483304740566717
157494,0.000200103106484205
157495,0.06773342203400788
157496,0.00421833839455922
157497,0.0005069736079857784
157498,0.0006591175710890507
157499,0.9831389921608743
157500,0.0010312186888551678
157501,0.0002783859896552299
157502,0.002044745298590439
157503,0.034948509069801056
157504,0.026136039747322617
157505,0.009929040492186719
157506,0.06155798015752426
157507,0.0030135533344869047
157508,0.0035060648823391784
157509,0.023312082206404874
157510,0.001770523090740226
157511,0.000332116419999119
157512,0.00019850040257456846
157513,0.0030330121326724814
157514,0.0031673288396950596
157515,0.000258337221247405
157516,0.027508419228601994
157517,0.0008901554067506718
157518,0.0035580361650495934
157519,0.0003617670126818243
157520,0.00034267575048245653
157521,0.0027475457415023765
157522,0.0031790981185991223
157523,0.004966382039885995
157524,0.000417378169160516
157525,0.00018228632883898632
157526,0.0005519250635681571
157527,0.003506830664358023
157528,0.003670088672937198
157529,9.517823884816736e-05
157530,0.001121367094880942
157531,0.0060859480211305685
157532,0.0016862936389486056
157533,0.0003121454753188262
157534,0.0007601028452632512
157535,0.0003875929482985733
157536,0.0004993902311672552
157537,0.0002224891646579497
157538,0.0006591786887365495
157539,0.0010361938417746562
157540,0.9876040650259009
157541,0.0011835903554774172
157542,0.036190535542591766
157543,0.0006167311358103328
157544,0.0015826301731661047
157545,0.00028678076206216846
157546,0.0005615592588404646
157547,0.9823924884157309
157548,0.001279651843799261
157549,0.00020445094900225808
157550,0.00041549378558327943
157551,0.0003511979222672273
157552,0.00027613548643924647
157553,0.001533503051425171
157554,0.0034782941774921675
157555,0.0007001997462797461
157556,0.9849737433454008
157557,0.0029263763581888623
157558,0.01942387480040192
157559,0.00035462127168247904
157560,0.0005420056421708991
157561,0.0009391917994378124
157562,0.0019781564760370514
157563,0.004772490912011386
157564,0.0024613022317111423
157565,0.0005665339702213884
157566,0.0004403934050136388
157567,0.6762723937105019
157568,0.010725742245463984
157569,9.74730669226301e-05
157570,0.0007303548836842862
157571,0.9954507943658117
157572,0.00029908023974986586
157573,0.0007938705851544182
157574,0.01169119588982546
157575,0.00017484353965248068
157576,0.0017149194328174942
157577,0.0007481286756590306
157578,0.006486560530114984
157579,0.028932803049905035
157580,0.00021639558533857655
157581,0.0014056813707516642
157582,0.0002552790159798017
157583,0.0021958532969041608
157584,0.00043312692735913966
157585,0.00039493932862991107
157586,0.0003131100026703192
157587,0.11512746421407709
157588,0.0003170234363387778
157589,0.00021117094328129663
157590,0.0008205739510118183
157591,0.00019497575860304083
157592,0.0025789186067549826
157593,0.035383916650527654
157594,0.0004934158838072605
157595,0.0004602482212526094
157596,0.0010672037282115333
157597,0.23760971299892109
157598,0.0011997622341111524
157599,0.0020963860274199543
157600,0.0013223592258943865
157601,0.0016654131484847685
157602,0.9956702332035691
157603,0.0004094207244208964
157604,0.44041856508609123
157605,0.004119926420101015
157606,0.0003936273760104644
157607,0.00027469078103100383
157608,0.01657699134622505
157609,0.012913741009978831
157610,0.02290109609446284
157611,0.0005147502214371401
157612,0.00022769857170830312
157613,0.0024219495764135728
157614,0.0034242700963899157
157615,0.0017317657854538674
157616,0.0020705569797412476
157617,0.0004952776614148576
157618,0.00037584780981284575
157619,0.00022388734973521277
157620,0.00363219129645451
157621,0.0014145691803877096
157622,0.026293664419518244
157623,0.0005730737649863606
157624,0.0018486742744886616
157625,0.00020016607349153588
157626,0.0005882466151254505
157627,0.0002599484144441238
157628,0.00037397944073477694
157629,0.0003925645412776224
157630,0.003835115727325185
157631,0.0007252783012772711
157632,0.0007087584577854255
157633,0.0007292825647755948
157634,0.002620516957052493
157635,0.000732172726379468
157636,0.00375186960433316
157637,0.00025561741372465987
157638,0.9971926723764528
157639,0.0001861643824297699
157640,0.015267472909123884
157641,0.00020251615325173853
157642,0.0007782467294129759
157643,0.0002998505546451267
157644,0.0015939158608295088
157645,0.01672558694594023
157646,0.004667468972056502
157647,0.0013676946058895345
157648,0.9931930207152124
157649,0.05092454592546721
157650,0.017177622642418438
157651,0.00012477369748194363
157652,0.00032863375057479567
157653,0.9896298633133497
157654,0.0002739371750461856
157655,0.0004910490332015496
157656,0.007957797924908697
157657,0.06652863416836198
157658,0.0012941635191523536
157659,0.0005201212546829209
157660,0.0006499568030994511
157661,0.0005112942764218213
157662,0.00016930231834752174
157663,0.00038831577776464
157664,0.0035586049736538645
157665,0.001427653093324172
157666,0.0005129557672916084
157667,0.00035934490302918544
157668,0.0013399091991094343
157669,0.013581864034344988
157670,0.000247198510387904
157671,0.0022707067796156606
157672,0.002164676564519482
157673,0.0009248308028694406
157674,0.004650082555999478
157675,0.0009604733103013772
157676,0.978452186861644
157677,0.8063558135239552
157678,0.9912134216402836
157679,0.020092253479329594
157680,0.21927905258445538
157681,0.004173851582977224
157682,0.0002259486165549954
157683,0.005406377085494562
157684,0.001281591538796708
157685,0.00041224004157321424
157686,0.002096306836814154
157687,0.002189253780902987
157688,0.0025249311066592307
157689,0.11992553376802531
157690,0.0002934487017720326
157691,0.0015017141414134553
157692,0.0003643156259309813
157693,0.0003301985193049276
157694,0.00031758040066302883
157695,0.00884748839431665
157696,0.0003392751227798137
157697,0.0021982483907509853
157698,0.0010435688479333526
157699,0.000253749054251652
157700,0.00015845885216449513
157701,0.00034719471650419094
157702,0.07901923810298452
157703,0.0010827188505312163
157704,0.3407169944432441
157705,0.0002052385269456165
157706,0.34653768000734214
157707,0.000534711415312422
157708,0.0008474655371216242
157709,0.001152269928101743
157710,0.0004067123726058
157711,0.0007408570757012548
157712,0.0006798654163033076
157713,0.001561880204604859
157714,0.07568220680574593
157715,0.0013831159042421357
157716,0.0023143403578604555
157717,0.02168027922187592
157718,0.002654438204746451
157719,0.0020817856312232625
157720,0.9814628178667087
157721,0.9891168404870958
157722,0.0011360482857235047
157723,0.001209351325931583
157724,0.0008390405834598219
157725,0.02886735653989549
157726,0.0020437172317264497
157727,0.00641192833557552
157728,0.0006695679865977034
157729,0.01639599566458845
157730,0.0004961362734631448
157731,0.9686354627828242
157732,0.07131625118529512
157733,0.0002795778623484721
157734,0.00019229154443695231
157735,0.00925777733191117
157736,0.12130815809997013
157737,0.0007329020328679596
157738,0.0038160131169534383
157739,0.0015876469062755278
157740,0.00047267079373464465
157741,0.0586461616104837
157742,0.016127182212414017
157743,0.0018725378626008482
157744,0.00021989577782493113
157745,0.00029481317002612865
157746,0.0007540813040465954
157747,0.6564524592818451
157748,0.012795692067035916
157749,0.0002678497667773912
157750,0.000962166930089189
157751,0.000862748135737228
157752,0.0007512445360564687
157753,0.00018636020993853097
157754,0.0018200835069900499
157755,0.0002412594772490059
157756,0.010383086568016925
157757,0.9165031233800235
157758,0.011793751120142002
157759,0.000871750042806704
157760,0.00021044696325257683
157761,0.0003730559536293614
157762,0.0006534363688780996
157763,0.0005012462292325845
157764,0.007633052830221701
157765,0.0031252045934915306
157766,0.0014810814231843792
157767,0.005657781238331347
157768,0.00029243489422293127
157769,0.005141728003869024
157770,0.0031374304226468286
157771,0.0013277411342068563
157772,0.993949571733827
157773,0.0019391573183111066
157774,0.0003380060335345082
157775,0.05335177506683467
157776,0.0004948054180198929
157777,0.000488755725182676
157778,0.0005053556751178198
157779,0.9952564353456687
157780,0.0003671165982250637
157781,0.03781823059783033
157782,0.00040321236742224954
157783,0.0002851151792459272
157784,0.007348208047265013
157785,0.013197743131854945
157786,0.00026209840626564764
157787,0.0004303707262758483
157788,0.00026249227224500754
157789,0.00018390395998757066
157790,0.0008376729197699687
157791,0.002014099424132914
157792,0.0010654257298083193
157793,0.0313065690599433
157794,0.009833291317516365
157795,0.0041950033139781856
157796,0.0011500767137788224
157797,0.0013783060733305124
157798,0.9944728683063805
157799,0.0017408198584826576
157800,0.10609137021889858
157801,0.0005133335770110583
157802,0.00036386118855366947
157803,0.000627873067547751
157804,0.00036028759657996364
157805,0.004052913280049304
157806,0.005151900780340848
157807,0.001064455951300825
157808,0.00331781785866258
157809,0.0002032113581465786
157810,0.0027349625754768256
157811,0.0003432340910604728
157812,0.0014363581467850823
157813,0.007211235438863349
157814,0.0003008383304881425
157815,0.000440401530913267
157816,0.0009589534652011993
157817,0.0014258338601019192
157818,0.009286915705894776
157819,0.000600248450530754
157820,0.009130108656906558
157821,0.000319400577848875
157822,0.0005459292880473652
157823,0.003500061571163954
157824,0.001017975780121811
157825,0.0059400986831020155
157826,0.0014567274633613073
157827,0.004080925609304589
157828,0.00021878218650741907
157829,0.028806740135958867
157830,0.5431384240244768
157831,0.005054093019418818
157832,0.0023008986809445846
157833,0.0006505360314805701
157834,0.029884204462249344
157835,0.00023432972975899065
157836,0.0003180705177282474
157837,0.002257388097204533
157838,0.011469044056748047
157839,0.009219860435141915
157840,0.00015798107108809623
157841,0.05725230686604097
157842,0.00103440723607231
157843,0.04751646021672351
157844,0.0006697087037983579
157845,0.0007153123126478913
157846,0.0001752795475951917
157847,0.009567414081426898
157848,0.003552346174261785
157849,0.001010906313913886
157850,0.0004114220149682186
157851,0.00020727599264734123
157852,0.0030568522818034474
157853,0.5205966075089172
157854,0.0008045468272618445
157855,0.00012558748460205215
157856,0.004122807406719741
157857,0.02298249958172527
157858,0.009447623680251847
157859,0.0004807594034733029
157860,0.00011263438781633251
157861,0.004673032419446866
157862,0.01479680706949231
157863,0.004339025708271211
157864,0.017281381000484874
157865,0.0011879503343882717
157866,0.0017043560582228846
157867,0.9107249412589856
157868,0.00038861664422882024
157869,0.00022080901957577124
157870,0.0004299512799634959
157871,0.0011916792267294115
157872,0.00019212026963597582
157873,0.0008286865658867633
157874,0.0011299175492227346
157875,0.001031282745081784
157876,0.0006310035952793232
157877,0.0017610914692863136
157878,0.000757248780860415
157879,0.9900996483638987
157880,0.0003182010800282071
157881,0.005717668959244807
157882,0.0037639952024479334
157883,0.04272306873966551
157884,0.0013172537551278108
157885,0.0008259762430383941
157886,0.0019432500549159198
157887,0.0006566842320321131
157888,0.9954113497736513
157889,0.00025468885030965904
157890,0.0695150384413471
157891,0.0008376768539717655
157892,0.0014330428794374662
157893,0.0003078232130597264
157894,0.0010183014989307603
157895,0.00033212181958178395
157896,0.9755102258016863
157897,0.02958317923390122
157898,0.0012215864343556547
157899,0.0005527205115521571
157900,0.00022242656566951916
157901,0.0019731129291216285
157902,0.0017022089534847705
157903,0.0008017924252454049
157904,0.00027798680894039577
157905,0.9852982519542094
157906,0.0004427552710796111
157907,0.001289453044562925
157908,0.001114007509614257
157909,0.0025144001299720322
157910,0.00014547949760515503
157911,0.0011096196002146855
157912,0.0003605338654111714
157913,0.002928560515413455
157914,0.0006394057860001946
157915,0.0002927993974139489
157916,0.003800297833799549
157917,0.0014363874969231267
157918,0.0005699287755934196
157919,0.15978558511465543
157920,0.0018257435326578125
157921,0.9835434956059503
157922,0.00039484327160945815
157923,0.0013228059416368922
157924,0.0012072846377373353
157925,0.001641931475044879
157926,0.0002594996076568266
157927,0.017759019898582397
157928,0.9848906462358841
157929,0.0023584387413910658
157930,0.0744441774835661
157931,0.05354008149681577
157932,0.00028060720566583234
157933,0.9771408055342904
157934,0.0003512472036306554
157935,0.002425195216791275
157936,0.0007461325607197263
157937,0.00419267999172209
157938,0.00026993585129679793
157939,0.08854366281023189
157940,0.0023445033367771656
157941,0.0003119229112073755
157942,0.0006092252261333979
157943,0.02288111922256892
157944,0.0005333983835619177
157945,0.0006569194630106895
157946,0.0006156665028437992
157947,0.0003880786615559142
157948,0.003947058112704638
157949,0.0010381223489241533
157950,0.00042504750557069806
157951,0.012236647739346514
157952,0.0003753643417732346
157953,0.000778686396103877
157954,0.0033065855047627506
157955,0.0005719545985564143
157956,0.019045491965485422
157957,0.0005489168660149202
157958,0.0068899672687049406
157959,0.0002514719245066075
157960,0.0003184520296857278
157961,0.0019385585159981944
157962,0.12505673358789768
157963,0.0030784889278301837
157964,0.00048286144700053675
157965,0.01575369580341506
157966,0.0004766774352117364
157967,0.006828104269118404
157968,0.07421695656770272
157969,0.015936259833614956
157970,0.007791036648464572
157971,0.0018442168302377608
157972,0.05624312334315998
157973,0.009518449304047397
157974,0.02484411213473018
157975,0.0005299867666417458
157976,0.0058950969966388425
157977,0.0002483013562124792
157978,0.0003590694085221088
157979,0.0005708456562331798
157980,0.00030935518783393963
157981,0.03359961042766551
157982,0.0006164757928411226
157983,0.0026912639567098634
157984,0.0025128967004423887
157985,0.0024113045766520104
157986,0.0005642636949513129
157987,0.00031666030388475343
157988,0.0005359737420209339
157989,0.001609359493467582
157990,0.00039313013190431684
157991,0.002203811847012931
157992,0.0005317728918912926
157993,0.008388165927735548
157994,0.006551844196762509
157995,0.0031797152357194037
157996,0.0004082720243506511
157997,0.9915759048679876
157998,0.0007104775583441251
157999,0.0014694246543430433
158000,0.00025074627029257656
158001,0.9910699879733728
158002,0.0022669880476811227
158003,0.00023277135674414968
158004,0.0010740415632277491
158005,0.9930773480842973
158006,0.00046268230454726215
158007,0.0010702252486633767
158008,0.0012399240823026917
158009,0.006998344310139452
158010,0.014150597451745075
158011,0.0002636631737464015
158012,0.9870348813319555
158013,0.0002629508453004532
158014,0.0006195449415813225
158015,0.012503539162237454
158016,0.0029506208010818807
158017,0.0006773998806627819
158018,0.0002820828058096098
158019,0.03973771397563784
158020,0.01627182616480711
158021,0.0002742872493772554
158022,0.0013372737622325435
158023,0.010526710251227547
158024,0.0007366452737676308
158025,0.0014015849862557496
158026,0.00019054438590349323
158027,0.0002487100862353793
158028,0.036271412827966774
158029,0.0027992911055126045
158030,0.00019774819819608317
158031,0.001911448673077254
158032,0.001021671888589576
158033,0.001092811450159292
158034,0.00041181809917258615
158035,0.012953199755238709
158036,0.009078770730483448
158037,0.0015390816367332246
158038,0.00025736861108349273
158039,0.0003093709100309901
158040,0.004244343815779414
158041,0.004669778836873225
158042,0.0002855034557553044
158043,0.002261425924119677
158044,0.021089058176914047
158045,0.0024655098726460343
158046,0.000530567167611875
158047,0.0009535227946873892
158048,0.00023486508622780052
158049,0.0005325489723354664
158050,0.0004991969287623981
158051,0.000761559266074705
158052,0.02578490072901437
158053,0.003064932094274934
158054,0.09896457131596535
158055,0.01438520969632622
158056,0.9599770647565271
158057,0.006048112493429876
158058,0.9703569802818877
158059,0.0006305430350570479
158060,0.02061301123093593
158061,0.0010019411230026822
158062,0.0006705475324422556
158063,0.0003931902866577933
158064,0.001209852317705152
158065,0.0002559535584257962
158066,0.0004949796975281636
158067,0.00047604274569036236
158068,0.06879645330864322
158069,0.0003836069844081281
158070,0.00454787939894256
158071,0.005484439233701886
158072,0.0009788277033886037
158073,0.00036224459310325836
158074,0.00026439570319119994
158075,0.0007636484959479906
158076,0.00022114903512678496
158077,0.0013946481220399978
158078,0.9849126414820805
158079,0.002400031855306083
158080,0.00022488289570038952
158081,0.0002742357180775119
158082,0.000988509959931985
158083,0.0013387023943512066
158084,0.0005128870875815264
158085,0.00023374556078051712
158086,0.0029823922697050785
158087,0.03137719311388198
158088,0.01902101386157999
158089,0.12230942765736098
158090,0.0001678985518869488
158091,0.0005138516907147964
158092,0.006376842074236292
158093,0.05513788755046165
158094,0.0004454291052044127
158095,0.0013986297408730985
158096,0.0012303470118417044
158097,0.9293626121920977
158098,0.0004207126267690528
158099,0.009904819503890713
158100,0.00045330460965013286
158101,0.00021014270980392548
158102,0.797942002390744
158103,0.0004706044541736851
158104,0.002368775696685383
158105,0.012709707925475239
158106,0.002102415824611881
158107,0.0006703322494326688
158108,0.0031106122990307147
158109,0.00924139143269804
158110,0.0008837514275362581
158111,0.016553997166456173
158112,0.0006802511019819568
158113,0.0003889897345221595
158114,0.0005101390988428114
158115,0.0009271823940428756
158116,0.0024340563462547965
158117,0.007667880395971523
158118,0.006483587414825395
158119,0.06351165778003773
158120,0.0006231816004286551
158121,0.001304081737410875
158122,0.00044562686217329415
158123,0.0012168844318124663
158124,0.00016653383643586936
158125,0.006844668923395874
158126,0.0034937453157708716
158127,0.00013248848836297847
158128,0.0079031999792745
158129,0.00022855749273386768
158130,0.0004795876853420866
158131,0.00027318172603846963
158132,0.0003132928050198121
158133,0.00035654959333909764
158134,0.0049112415847085865
158135,0.009349999805846738
158136,0.020042930692888004
158137,0.014402440722607582
158138,0.1170218594531647
158139,0.0009285447643262362
158140,0.34247640054556966
158141,0.0026895289981012918
158142,0.00020933008822442633
158143,0.00022772507036999409
158144,0.0015878849497698029
158145,0.9420207351667012
158146,0.9941927496427874
158147,0.987683959691674
158148,0.003618963854459958
158149,0.048403742935592034
158150,0.0023213546249202677
158151,0.0033534696807584045
158152,0.013434491912890055
158153,0.9891769161683122
158154,0.001418870426417346
158155,0.007009821471921788
158156,0.0003718265331105659
158157,0.00901414430013804
158158,0.0002156616035259493
158159,0.0013917151354858525
158160,0.000737345044168427
158161,0.00036865876686123397
158162,0.0007814196512045405
158163,0.9814370232411753
158164,0.0004990118433863926
158165,0.000624228522568752
158166,0.0076359674131461835
158167,0.0004898489384366802
158168,0.00017418674301005585
158169,0.9858986735746594
158170,0.0011734429589854809
158171,0.00520508823551114
158172,0.0005967931345360534
158173,0.0011414992203089898
158174,0.0009555868111312892
158175,0.00033579744982714063
158176,0.0002810474302051593
158177,0.0007038534747491056
158178,0.01605147645978832
158179,0.00020076830726496132
158180,0.0012251082225743304
158181,0.00025844779097379
158182,0.004270820277298732
158183,0.0009734589179723342
158184,0.0009344483324066522
158185,0.008372345466057484
158186,0.000591618157805304
158187,0.0019792769579352588
158188,0.44579862549973664
158189,0.0003195787773332032
158190,0.000830606599899826
158191,0.0014531025792511062
158192,0.10025507145666805
158193,0.005154995066410941
158194,0.00020939348264210824
158195,0.000620663079217644
158196,0.0006630988817813941
158197,0.0011582529507858914
158198,0.0021656875033259507
158199,0.011595367154714374
158200,0.995529489073904
158201,0.001082672424968151
158202,0.02346855927776196
158203,0.051986360667259056
158204,0.9747654054148507
158205,0.0002624293533701777
158206,0.0004148504166814512
158207,0.00012437954398501817
158208,0.0010881831226695108
158209,0.0005009106537746002
158210,0.0023180402295725554
158211,0.0003090284934494198
158212,0.010928679410144823
158213,0.0011690919982563204
158214,0.0004947006410175095
158215,0.00029443598122674125
158216,0.0016769022132264901
158217,0.0036297718179003698
158218,0.008680534753302278
158219,0.007040630564386051
158220,0.0006292644683643289
158221,0.00037815474196898637
158222,0.9920824232957055
158223,0.0008646276783426949
158224,0.0003353873092759951
158225,0.9949381679216047
158226,0.0008082963760773066
158227,0.0013317359100668974
158228,0.007000836367508324
158229,0.015210898362839745
158230,0.0005122788555151785
158231,0.0011846149764273355
158232,0.0007789711426013033
158233,0.0003693730628904818
158234,0.019017805957446735
158235,0.0013913844270133612
158236,0.0007957758784763175
158237,0.0003149671993898094
158238,0.0009900190959330718
158239,0.0327330927130769
158240,0.0021941254089544128
158241,0.7005774161496671
158242,0.00047800905185839567
158243,0.0007161594195168448
158244,0.9485459943164924
158245,0.00018444110215705195
158246,0.004919200644320635
158247,0.0010824931990153868
158248,0.000487728490965242
158249,0.0008690910022562985
158250,0.000363189437152757
158251,0.9948728828854821
158252,0.0006581021393526608
158253,0.026205269958907262
158254,0.000606119142385812
158255,0.0011787742741435027
158256,0.0005245676028151835
158257,0.36594716846732633
158258,0.9906814632166436
158259,0.9924010907022057
158260,0.00012867909672886228
158261,0.0004029585854958718
158262,0.0009819145063079435
158263,0.016826253913872775
158264,0.0009614206290586128
158265,0.0007139283815906976
158266,0.028644060074506903
158267,0.03637709738567871
158268,0.0007780967164524084
158269,0.9928679743277913
158270,0.0026775230739153316
158271,0.00021290947610490225
158272,0.0006727669986453596
158273,0.0001811977951636234
158274,0.007193216339677218
158275,0.968012046683523
158276,0.01592085428930121
158277,0.00205713019701096
158278,0.00030447929564165923
158279,0.00016552662209985217
158280,0.0009694210739372257
158281,0.0005735808078907806
158282,0.0003298493830378847
158283,0.01366048320140586
158284,0.08598756418858353
158285,0.0007240038716453366
158286,0.0006223558799449476
158287,0.029528327905966153
158288,0.0002823314340032055
158289,0.0013396774668789197
158290,0.008136916957226178
158291,0.0005473570983768761
158292,0.004842551160449254
158293,0.0011104149004961866
158294,0.014656650833175505
158295,0.02856321585594374
158296,0.02143600977992055
158297,0.00020945390482714226
158298,0.0034968721469376685
158299,0.003463666207839171
158300,0.0083333020081222
158301,0.005951704245618836
158302,0.00166334670586818
158303,0.0023352698301008345
158304,0.0003384592042817662
158305,0.002740163087231549
158306,0.0013432420783832657
158307,0.00025469389506365265
158308,0.9781977964790678
158309,0.01590994477670616
158310,0.0008166393092201526
158311,0.0002643714343536131
158312,0.0002640296788902268
158313,0.0023343005322506755
158314,0.09478806271944219
158315,0.0002979291059200038
158316,0.00018228821450012674
158317,0.012688007423504183
158318,0.002645270453942404
158319,0.0009283523805428278
158320,0.00032613248537809603
158321,0.00044857914431639765
158322,0.0005170659881996139
158323,0.0005764330989675781
158324,0.006482554183674105
158325,0.9867714045896454
158326,0.0005053737524765552
158327,0.027420593534939017
158328,0.0006371848104926297
158329,0.000630296582012649
158330,0.00032524413064381644
158331,0.0014197911232339067
158332,0.00022220943560610795
158333,0.004959283184048509
158334,0.0016206242381738229
158335,0.033860546437903954
158336,0.00032349832128477843
158337,0.0002989045838804628
158338,0.0009022108103051422
158339,0.9615235309593021
158340,0.0004153620373123127
158341,0.00038675492104655766
158342,0.0005899816571227688
158343,0.000701966936760165
158344,0.0012507321029533226
158345,0.00360165552588894
158346,0.0014947912376922642
158347,0.0018121415485287272
158348,0.000678693106394192
158349,0.00016487132150856814
158350,0.9944939199565679
158351,0.007314756071698299
158352,0.0020975355749953233
158353,0.0003180293297452676
158354,0.0018587513489974838
158355,0.015793717677466977
158356,0.0011496182853205632
158357,0.0002788841203811445
158358,0.004762164204453222
158359,0.08660107721186487
158360,0.0005857683899711844
158361,0.0033696873306373366
158362,0.0020394223067522724
158363,0.013097290759473513
158364,0.0008979120714141276
158365,0.00024212035095430966
158366,0.0008774655910936693
158367,0.0003784402604444785
158368,0.0001700295953210927
158369,0.021101208345105312
158370,0.00040559465539005316
158371,0.0007833453840784305
158372,0.00035375307633812094
158373,0.002923122768602872
158374,0.989795507260975
158375,0.9861844089726436
158376,0.1521569980791125
158377,0.9835440658446206
158378,0.0044238817610147965
158379,0.0018127238867621243
158380,0.0022768378838620373
158381,0.00033431818638858545
158382,0.00034508436132790364
158383,0.0003404900594098342
158384,0.00023279831220854002
158385,0.6523798085779322
158386,0.0002796482293276816
158387,0.00035142742188067267
158388,0.01839369174682291
158389,0.0019037996376078427
158390,0.0002402554587170073
158391,0.001219996854251859
158392,0.00047847792218864895
158393,0.000350856850014517
158394,0.0003543747318913209
158395,0.06595448076654643
158396,0.0018481818612361498
158397,0.6453285310798729
158398,0.9854448119118124
158399,0.001417452621538975
158400,0.995716911156139
158401,0.0011114515296323372
158402,0.002503902146537496
158403,0.0011380521179554836
158404,0.02022107579188983
158405,0.00012638107246521098
158406,0.9897236285133939
158407,0.0091200244355263
158408,0.004136283153298252
158409,0.0009378795116613553
158410,0.03363871757099
158411,0.027956468505910808
158412,0.09166508387556375
158413,0.04588644555458938
158414,0.00021851161917248058
158415,0.0005310988255564795
158416,0.007632540203493154
158417,0.8752430667175237
158418,0.621361457191983
158419,0.00014570812893923083
158420,0.003555793347249551
158421,0.003099036136166303
158422,0.00046124215366739657
158423,0.00035915846698462636
158424,0.3977878150537414
158425,0.013237010228357594
158426,0.0005093651883470143
158427,0.004995938720470314
158428,0.0012736191945626185
158429,0.0002958164966031582
158430,0.00030602446206395644
158431,0.005922390033513377
158432,0.9871137675614002
158433,0.0003388217044060908
158434,0.0002720551924824489
158435,0.0012774222402718598
158436,0.0007523941483634724
158437,0.005293202492588031
158438,0.0012811944945234017
158439,0.0001827913268027459
158440,0.0020509590766424465
158441,0.907036939147517
158442,0.010011155806218796
158443,0.001845298647159716
158444,0.9919496075162646
158445,0.0014463152918658326
158446,0.0002443328716231083
158447,0.0001574844535997524
158448,0.0012738074851605407
158449,0.0006188182782553688
158450,0.9738356584784875
158451,0.001661504428536391
158452,0.00035483339797557094
158453,0.00040458871367512095
158454,0.00035853127525473273
158455,0.0010927165451873114
158456,0.0005693326989871967
158457,0.0005522321042637341
158458,0.001692465302101059
158459,0.0018642785512565862
158460,0.0006559337411123132
158461,0.0014137908006248215
158462,0.9961671443789637
158463,0.0011337540399528041
158464,0.001086505233838512
158465,0.003943145569359168
158466,0.03811975748427562
158467,0.014374559536737731
158468,0.0005700360991658639
158469,0.00022912069671479862
158470,0.0004884935728728541
158471,0.014514791049233281
158472,0.982258482366291
158473,0.01222392880124367
158474,0.0002457484816492301
158475,0.008837037368817337
158476,0.00080005842242785
158477,0.0014056684863118665
158478,0.01308950182947169
158479,0.004696189598765079
158480,0.22032015891868842
158481,0.0007046183667019967
158482,0.05460117984015318
158483,0.0027252727947020823
158484,0.0004704853211273703
158485,0.0005033080749661618
158486,0.00019515054114629645
158487,0.000309619671456693
158488,0.00013969482341527812
158489,0.009999148917889165
158490,0.002831308601038451
158491,0.00017086761908302145
158492,0.00025320051160708507
158493,0.007596534600297007
158494,0.0017810677569330916
158495,0.007205922595646966
158496,0.001233929343078406
158497,0.0002467850293166451
158498,0.00045155573736744105
158499,0.034984657964070236
158500,0.0015100571294255573
158501,0.017468672780074107
158502,0.0013059796519597606
158503,0.01166408318465064
158504,0.000417185336624021
158505,0.0003265229247336125
158506,0.019444169709199547
158507,0.0002245748978165472
158508,0.0005608107154848466
158509,0.0003349958419026129
158510,0.0001611226724024398
158511,0.0025274017208201482
158512,0.0016253787441634585
158513,0.00044043357656752956
158514,0.02560687193868079
158515,0.001313544470449123
158516,0.9906148501720591
158517,0.05764554063105129
158518,0.00037707772640255553
158519,0.001137712791979108
158520,0.01151272163437957
158521,0.9744692626434701
158522,0.07111560398963337
158523,0.0017675436707778678
158524,0.03139687776003194
158525,0.0008898178041900145
158526,0.0006937274492495528
158527,0.0002760243982277342
158528,0.009444503375072019
158529,0.0038781525845662163
158530,0.6075311808527659
158531,0.0015000961409844906
158532,0.03596029372279745
158533,0.0012673450132868853
158534,0.015673198607202905
158535,0.0005128441107275362
158536,0.0014438949787155281
158537,0.09013144516335968
158538,0.0023805764217417987
158539,0.35298474001342683
158540,0.0001361575853362118
158541,0.0009589119152707837
158542,0.09353556463540799
158543,0.00047984078808172264
158544,0.0002414755818729947
158545,0.003984296668595576
158546,0.0003519823981488862
158547,0.020548063594007095
158548,0.00040184755622187286
158549,0.00015338953817123214
158550,0.0028725967252616197
158551,0.0007248479359886489
158552,0.0009612121256672462
158553,0.0025813224666717243
158554,0.0010179571967227961
158555,0.0009040650403040394
158556,0.0015738708958630758
158557,0.0006319841538064197
158558,0.002771471401197153
158559,0.9795769425635312
158560,0.0035479037010115217
158561,0.00017591771606925585
158562,0.00040812533039898883
158563,0.9902743037308948
158564,0.7019720997556506
158565,0.9565863578454004
158566,0.00042166596381932974
158567,0.0003643512310383105
158568,0.0002471681720239303
158569,0.003802116759088632
158570,0.001832059668308838
158571,0.0005786899612893353
158572,0.031672783186603874
158573,0.0008206426444728033
158574,0.00023403287093119043
158575,0.0002517403338774592
158576,0.01707435417128465
158577,0.002104355495364057
158578,0.0003101376483010647
158579,0.0002605686435186851
158580,0.000961131399444584
158581,0.019167936660035842
158582,0.0032634488136864077
158583,0.0029236311191432763
158584,0.008083029275234662
158585,0.0002916948865465389
158586,0.0007658777710950542
158587,0.0003707761579880779
158588,0.0010299251646684762
158589,0.0011417579549131474
158590,0.11577559635533725
158591,0.00042340145070421365
158592,0.9278376819668626
158593,0.3141261996167581
158594,0.0005331760833036265
158595,0.0014796052704448824
158596,0.000268263366389977
158597,0.00035420038979429557
158598,0.0004399111583997647
158599,0.00016873852896213883
158600,0.00024502945521651576
158601,0.00036838628052569925
158602,0.0005239095110713872
158603,0.0011739871317572113
158604,0.0011110926409766875
158605,0.0001618280635533473
158606,0.013151015604716342
158607,0.0031916301576144575
158608,0.0005452626145281747
158609,0.0010663032258789657
158610,0.0011414947716961834
158611,0.00024549785790918316
158612,0.00018365059068559643
158613,0.01209113358929403
158614,0.0006895501105740582
158615,0.03924425603525309
158616,0.9917809175524448
158617,0.00137340139251414
158618,0.0016423609590503535
158619,0.0013343790059326486
158620,0.005799530202220356
158621,0.01648880097667516
158622,0.0003219528791020511
158623,0.022228108253396644
158624,0.0005170890302085124
158625,0.9934249039799102
158626,0.0013236779420340101
158627,0.003143869692931714
158628,0.007906962799994803
158629,0.003153763860711065
158630,0.0005523911669196403
158631,0.03298921933162759
158632,0.0009371442101268215
158633,0.01809021427134531
158634,0.001433520850615992
158635,0.01877938725848968
158636,0.007006588614127303
158637,0.0028139087885841636
158638,0.2924103970435583
158639,0.00017548761433482088
158640,0.00014270858729722492
158641,0.0002200184780791536
158642,0.00022497789671050038
158643,0.0001680607490921436
158644,0.002416115345202004
158645,0.0002803439328292173
158646,0.0008971119226912808
158647,0.0009452230272598256
158648,0.006429506277308367
158649,0.0004538193289036078
158650,0.00026301123286669533
158651,0.0006124643232933868
158652,0.00015330468941336358
158653,0.000479156200071466
158654,0.0003588801988776149
158655,0.0003093237658343568
158656,0.006824903376481818
158657,0.008049700826401435
158658,0.0004096435208667063
158659,0.0020217013497053054
158660,0.000903007480780006
158661,0.00229420307573216
158662,0.00023044352070975097
158663,0.0002996010409450312
158664,0.0013795761244116923
158665,0.002873793725106203
158666,0.00031258038640463194
158667,0.8926444653317789
158668,0.0004957426511235785
158669,0.005102389691971876
158670,0.0012910244113430167
158671,0.0005239716920586634
158672,0.000699175867367685
158673,0.0043367009150239
158674,0.001079755755216631
158675,0.03051596053917883
158676,0.0004826619509724001
158677,0.0001505539334966845
158678,0.0007554634564131428
158679,0.0010115788476047214
158680,0.0001985977135594449
158681,0.0008084035427582473
158682,0.9840957111784526
158683,0.893776327637307
158684,0.0006033517361190362
158685,0.03117842474544748
158686,0.0009269057405302799
158687,0.18950485581889742
158688,0.00018448627875318921
158689,0.00036079583267643623
158690,0.00041130405572338194
158691,0.9541726406350337
158692,0.0023472380492983386
158693,0.0002590580966340989
158694,0.0002593789614195785
158695,0.00017422560753357056
158696,0.0008421173396844827
158697,0.0003279922471069915
158698,0.0004386975461868318
158699,0.005881796238287784
158700,0.00022761801854778686
158701,0.000891846710873198
158702,0.0005465003745716477
158703,0.04661477581418332
158704,0.0007003234770304614
158705,0.00044264737701692674
158706,0.00022938113376437188
158707,0.0003350119190183652
158708,0.0010758777273481496
158709,0.0003942957063800566
158710,0.0005127531372557579
158711,0.0007476939817847925
158712,0.0009451082943900392
158713,0.43913045639824316
158714,0.0001585341889178015
158715,0.00034925899980196807
158716,0.00020485953906328722
158717,0.00047702031004542974
158718,0.4609247019427298
158719,0.00037460411778699105
158720,0.00026839206706128974
158721,0.17461841625633523
158722,0.9838978257043439
158723,0.006865413169188111
158724,0.0010310190161622748
158725,0.0009081067409283306
158726,0.00016914016487522873
158727,0.004133707529327575
158728,0.00024196634009162132
158729,0.014431715305990741
158730,0.0008341493967033521
158731,0.9846867557403708
158732,0.05345796520074001
158733,0.00041930797193324884
158734,0.0006957088406859611
158735,0.0003791661573406894
158736,0.001631883004763257
158737,0.00053174721032466
158738,0.0007373271277952892
158739,0.0005322761160207455
158740,0.0003462350321702398
158741,0.0018543584600475684
158742,0.013472651733379665
158743,0.0009668772392480519
158744,0.008239478164420746
158745,0.00024832231379935763
158746,0.027647803650703715
158747,0.002380262652191694
158748,0.00840208792464971
158749,0.001113463379141444
158750,0.002750623580672007
158751,0.0005753790135965457
158752,0.0005659313749598869
158753,0.002474500432606525
158754,0.003881828116077265
158755,0.0007425474501729589
158756,0.9854877590842196
158757,0.0012275011147135986
158758,0.0003399722203594878
158759,0.0003495136048768762
158760,0.0027673134439647937
158761,0.0003911233317934334
158762,0.0015673599679755595
158763,0.00025945363328475703
158764,0.007670528033724477
158765,0.02010175263572189
158766,0.00026648964683191866
158767,0.00021460444245928353
158768,0.0007276197284115547
158769,0.0002734819079682363
158770,0.0004045852117080662
158771,0.00017394516418826303
158772,0.00037646405591310316
158773,0.02024951825176403
158774,0.0003001327837150402
158775,0.9925920537283984
158776,0.9959588947460205
158777,0.0023003964402291714
158778,0.004911925606507093
158779,0.00012858633708778602
158780,0.016176870201478944
158781,0.00011599533418640547
158782,0.0005126337533451283
158783,0.0013047043289842173
158784,0.0005204124837494056
158785,0.0013431330758154245
158786,0.00020863696711059283
158787,0.00034165316870001124
158788,0.003922514938356102
158789,0.005497493038886929
158790,0.9974714722744812
158791,0.003365704634068506
158792,0.03210559823297761
158793,0.006455622256389
158794,0.984389567984216
158795,0.001634377196973836
158796,0.00018955942036438925
158797,0.12891715340935403
158798,0.0035750015691167055
158799,0.007458301150009303
158800,0.007300258140298633
158801,0.0007300168417202132
158802,0.0006080709845709112
158803,0.9831936031392097
158804,0.0037881981892892115
158805,0.0005193601127901163
158806,0.012155837816202284
158807,0.0004357825475829034
158808,0.9905449818857569
158809,0.0005379552552044286
158810,0.0005548066275564443
158811,0.0012944740521629154
158812,0.9946897541983842
158813,0.00024202693042693057
158814,0.004213198924309669
158815,0.788376849204457
158816,0.000975681067969946
158817,0.9773656057043238
158818,0.002328282828910228
158819,0.0029930505399541393
158820,0.003226415975770574
158821,0.23272316746236535
158822,0.0006010342726239679
158823,0.0005285108327335445
158824,0.00040682709040202176
158825,0.00029743743341935315
158826,0.0006170775239409444
158827,0.007892420026289346
158828,0.0008795067473174957
158829,0.00450530691193997
158830,0.001146796740784456
158831,0.09931340625821068
158832,0.0028151966854387156
158833,0.0011806205006225587
158834,0.00028299015899379567
158835,0.01859039982433794
158836,0.0011190641931844508
158837,0.0074153201457689485
158838,0.0006905683150426766
158839,0.00243120672597185
158840,0.0007231072712677364
158841,0.8614938590127751
158842,0.00026315007279456543
158843,0.07503952473558616
158844,0.0001716561010534395
158845,0.0004438856490469455
158846,0.9942428369349247
158847,0.0001701487285219059
158848,0.0058842411678853655
158849,0.0007820010819006161
158850,0.994490689953358
158851,0.03790878738750723
158852,0.006478455297975969
158853,0.006643688151183803
158854,0.0005853468314077644
158855,0.9880169787798808
158856,0.98482880528262
158857,0.7774809858369528
158858,0.0002692474295877382
158859,0.014760263910845938
158860,0.0068763211047352234
158861,0.0003711845060818476
158862,0.0005123761903903242
158863,0.00980577874624098
158864,0.0004605759245887232
158865,0.9816569802184586
158866,0.5900131687369746
158867,0.000729057643433776
158868,0.0003982984397483328
158869,0.0002316403285677191
158870,0.0009340818285556628
158871,0.0011675786728086732
158872,0.40455673981315915
158873,0.9836832959637117
158874,0.0007752696573844062
158875,0.0009516471731022012
158876,0.00020981845484806987
158877,0.006077253698164112
158878,0.038165086531953184
158879,0.0018124939578595225
158880,0.0002605532480197933
158881,0.00031530788579771564
158882,0.00023186629212411237
158883,0.004579933171978582
158884,0.01948271831766516
158885,0.0021405770130712883
158886,0.0029003510767390502
158887,0.0009512753528921973
158888,0.0005241606357435989
158889,0.008633300533594115
158890,0.0018875274715459069
158891,0.00020826820854273119
158892,0.5746954646381338
158893,0.003811093720997953
158894,0.006026342646403122
158895,0.004358342742937764
158896,0.0004934996413495735
158897,0.052099376689079026
158898,0.0008466923982840955
158899,0.00018345587273364448
158900,0.00030978899962551195
158901,0.0007771595390396424
158902,0.0021420083222902725
158903,0.009108018827552711
158904,0.017380064387442155
158905,0.20533474446953212
158906,0.9932959062908301
158907,0.0010429478099839285
158908,0.0011359888865741076
158909,0.005982943468063646
158910,0.00019454626054618348
158911,0.9908810748874622
158912,0.0014797045415003546
158913,0.0011495760309286956
158914,0.00022176979430915184
158915,0.868260875393651
158916,0.0017882169729887016
158917,0.9939470639942386
158918,0.023614121381697488
158919,0.9972477079120536
158920,0.0010502055587772003
158921,0.0006734299683713454
158922,0.9908707530910426
158923,0.008486647264432233
158924,0.0012170605034975948
158925,0.00022427455403106525
158926,0.00015864018373608772
158927,0.05523439563405957
158928,0.0003549466867980718
158929,0.037739023001383994
158930,0.9400317590617369
158931,0.00026226811627853624
158932,0.04707154244905016
158933,0.0004086889740825116
158934,0.0012938103956978116
158935,0.0015240157860270708
158936,0.01918853515855543
158937,0.9911577623995536
158938,0.00135756203973688
158939,0.007835854748093247
158940,0.00028220352719557997
158941,0.991561201396041
158942,0.00017760715901638405
158943,0.0009903482024846762
158944,0.00020539149084358596
158945,0.002987331708268244
158946,0.0008255785581661542
158947,0.00016087437682375526
158948,0.004925747819817104
158949,0.0010087265661444975
158950,0.0040132712513190096
158951,0.033962827063889485
158952,0.9752316991036609
158953,0.002990130293908045
158954,0.9939066015703659
158955,0.00030936354577180053
158956,0.0009772952652543105
158957,0.06433923494451207
158958,0.00031123904726127827
158959,0.0005766384933466853
158960,0.00020630520446885406
158961,0.0005614968989630869
158962,0.0002053644761396492
158963,0.018645233032374357
158964,0.00035897683866403937
158965,0.9848063478404154
158966,0.002612053490216737
158967,0.00031712287616287644
158968,0.0003551413294258296
158969,0.0002809372866719939
158970,0.00018745075669395804
158971,0.0003646775110663231
158972,0.00540645505629935
158973,0.0025044085901163027
158974,0.000628755421079533
158975,0.00487518530812067
158976,0.4678413607254774
158977,0.020203309288504796
158978,0.017897730704351522
158979,0.0005442899497460386
158980,0.9921277109731245
158981,0.0008201270833740365
158982,0.0002797352929277537
158983,0.0034808593751747756
158984,0.0004095439557290875
158985,0.0006203151031077571
158986,0.9948701034228234
158987,0.004433499071592002
158988,0.001039259673416217
158989,0.9897478827386691
158990,0.0017808605131432466
158991,0.5971833425141837
158992,0.0007326845335245225
158993,0.0002480078546284758
158994,0.00016269714593817984
158995,0.00033295831010570615
158996,0.6057728469657779
158997,0.014490019854045503
158998,0.005663255111587355
158999,0.020945599127408242
159000,0.001192258079878016
159001,0.0009547742236785524
159002,0.010846115749443344
159003,0.0004418310939047313
159004,0.2359847591781081
159005,0.00031258892000441183
159006,0.002802783968099096
159007,0.00032509332505741234
159008,0.0002858988716148088
159009,0.0005978882294225967
159010,0.0007799525510287744
159011,0.0029726941746056053
159012,0.0002174100901534524
159013,0.00045341120153245617
159014,0.9953816755189415
159015,0.0032191877489295803
159016,0.006429019773103041
159017,0.010784720106957687
159018,0.0004477898545981776
159019,0.00029266123296917964
159020,0.0010869146141245368
159021,0.0005234716147151917
159022,0.0003314510146214365
159023,0.00033589584910816416
159024,0.00034520336244740985
159025,0.004283779357325603
159026,0.000671345974586185
159027,0.0002571711722172509
159028,0.0067587720535925155
159029,0.048953555467454314
159030,0.1949219034003343
159031,0.009128348221538202
159032,0.1170001790497634
159033,0.004209850979833591
159034,0.010325809366533649
159035,0.0029001993828391905
159036,0.001158915543694078
159037,0.003447765052887453
159038,0.0010077388439084592
159039,0.004681766916691757
159040,0.049950703221601174
159041,0.0001306170140831491
159042,0.05971533312223916
159043,0.0019292059676338394
159044,0.025262365063984202
159045,0.013027553640419274
159046,0.0007049887164727814
159047,0.997531239149838
159048,0.0006482624539261568
159049,0.001678168389434513
159050,0.0003506348158381755
159051,0.004409891359591265
159052,0.0008029837769736648
159053,0.002136305946522092
159054,0.00027980616397811164
159055,0.00029481577950994957
159056,0.9894519714754454
159057,0.00022297539643708676
159058,0.00022579107415838425
159059,0.0004513407927150335
159060,0.0006071231559785567
159061,0.0006776583991238111
159062,0.004441345407795467
159063,0.0057599744672601075
159064,0.9884957976592067
159065,0.0007718190805601808
159066,0.0003034093328239129
159067,0.00038118269322050914
159068,0.0015079002259148786
159069,0.00018317890379902126
159070,0.00994140903226479
159071,0.00014664187374799166
159072,0.0026572372312230214
159073,0.9849004747584053
159074,0.00022790727380129317
159075,0.0024049948093992665
159076,0.8966334168377933
159077,0.0017095314052132987
159078,0.0006502912560908523
159079,0.0019655769422682956
159080,0.00263414174206273
159081,0.03221814924033415
159082,0.00032511729819802794
159083,0.05327503937510208
159084,0.0007183597511791706
159085,0.9805472620248211
159086,0.0005404144789456933
159087,0.008887205970590482
159088,0.005134606577659896
159089,0.012588026512138946
159090,0.0032984145614121095
159091,0.013416220379144342
159092,0.02604040126919562
159093,0.9904164652908485
159094,0.0020131779866025073
159095,0.004636170799119311
159096,0.0011961341387432857
159097,0.00046249842691517415
159098,0.0007251511989489497
159099,0.0018930935765663433
159100,0.000665228149405852
159101,0.0005184611455002483
159102,0.0017805126205492718
159103,0.030954464095273193
159104,0.0007725648272384815
159105,0.0005209976841607362
159106,0.00026151455047605695
159107,0.0002078911699013334
159108,0.0009724523304824402
159109,0.9971366801824779
159110,0.000826461025640586
159111,0.0015517284964778608
159112,0.003462825281735307
159113,0.0023179089977806247
159114,0.00024941340890353926
159115,0.0002509225493117319
159116,0.0004953220982895242
159117,0.001649181262617636
159118,0.00033274953642359984
159119,0.005321559147048291
159120,0.00112043375511615
159121,0.11865722231051581
159122,0.00024168119540074132
159123,0.0006025456276860758
159124,0.000495250482804979
159125,0.0007770597433237344
159126,0.00031422175695606136
159127,0.0003852638513724218
159128,0.0002450996538944756
159129,0.053279832950649274
159130,0.0004613453625794914
159131,0.000373714225359987
159132,0.0008171765066440852
159133,0.8620219215325844
159134,0.0011182029332056005
159135,0.00022432639565186425
159136,0.06280445374150691
159137,0.006076018856260423
159138,0.0006198625654340784
159139,0.0007825017721158731
159140,0.008929638048092964
159141,0.00020796180460590406
159142,0.12816338809966807
159143,0.005657153708462671
159144,0.0002639601611979744
159145,0.08757970939219142
159146,0.9387295608632347
159147,0.001275223016229081
159148,0.012177569409693001
159149,0.00045196102259062644
159150,0.9764283507513678
159151,0.0018772671733834284
159152,0.017827740567862103
159153,0.00034041178750558824
159154,0.0004651343878942239
159155,0.2985528256077135
159156,0.005801057921847091
159157,0.9799995809455314
159158,0.0012596528721908304
159159,0.016940715769181724
159160,0.00045220058350052826
159161,0.0002332246004052438
159162,0.06397760198604108
159163,0.0007955775930335033
159164,0.0004582666333153139
159165,0.0003111579875134313
159166,0.0007491456001491957
159167,0.004346900595357398
159168,0.0002694423202947989
159169,0.9788422046504355
159170,0.01328209539488109
159171,0.016397406702219324
159172,0.01587188694671644
159173,0.11548385919443747
159174,0.0021383490061467544
159175,0.00033816000622688923
159176,0.0011961462840504302
159177,0.00045034766595241954
159178,0.0003390785707756738
159179,0.0017006581590294299
159180,0.04213572509529292
159181,0.00036022584392371204
159182,0.00014581163708818148
159183,0.0006141224393559574
159184,0.003235080039322823
159185,0.010336467877462046
159186,0.0018670966108032265
159187,0.00022223982897388088
159188,0.0002250205255707306
159189,0.00022796333455907814
159190,0.0002597214358787761
159191,0.003258300409969725
159192,0.0012244720965610184
159193,0.00043144932621563587
159194,0.0007776932464742128
159195,0.001873982314212714
159196,0.000934199463245495
159197,0.00041049415023027263
159198,0.0003552964873357535
159199,0.0003657932591542027
159200,0.0005663764671607243
159201,0.11381142251650075
159202,0.004548470855607133
159203,0.0019110912191701954
159204,0.002131001364842505
159205,0.0006092192792035522
159206,0.0005304080147045052
159207,0.004636163757346427
159208,0.06009400852522628
159209,0.015703060497765126
159210,0.005200743737338366
159211,0.0007000529741319867
159212,0.00012251295592932034
159213,0.00205412345786275
159214,0.0008215858740320804
159215,0.00048048066536195665
159216,0.0003627917482431906
159217,0.0035852454881662183
159218,0.0014974617927847036
159219,0.0006376986939563378
159220,0.001871934067876354
159221,0.0124911655034944
159222,0.837505554062201
159223,0.810445773729541
159224,0.000566593986122147
159225,0.0015100844957284536
159226,0.7467100895759243
159227,0.013442532876682546
159228,0.018943462514676285
159229,0.00657226356906189
159230,0.0016077169560913041
159231,0.0002379495715222367
159232,0.1107523378899902
159233,0.00018139698490792557
159234,0.0008296455408109701
159235,0.003059909382449036
159236,0.0002729280583688717
159237,0.00033366655127781126
159238,0.0010021196974507552
159239,0.0005962616889863874
159240,0.005014506729101654
159241,0.00017487915178892013
159242,0.8975402044497689
159243,0.0011599182582918892
159244,0.001845528261823724
159245,0.008706235749152557
159246,0.03159645623033486
159247,0.08688035715160679
159248,0.0012772370158626457
159249,0.00021474807640608769
159250,0.0002997806558414876
159251,0.0010030311574366823
159252,0.9249502006223786
159253,0.00035197014993908036
159254,0.0034533215208298143
159255,0.0006354055558005598
159256,0.0001150926987442018
159257,0.004057272788198646
159258,0.0004986983694089837
159259,0.003636765775878865
159260,0.9924731142411658
159261,0.00210643676892107
159262,0.00036272676817537754
159263,0.9845052925332228
159264,0.00020153822663310255
159265,0.3256211638488771
159266,0.00042254215082885747
159267,0.0006475683203462625
159268,0.006458903871998313
159269,0.002374710728697855
159270,0.0010805338336290127
159271,0.001027846868012891
159272,0.0002716237835462704
159273,0.00017838155597137587
159274,0.00035382711068025486
159275,0.009799534543491072
159276,0.007612000312133844
159277,0.017143386094156107
159278,0.008260002378439386
159279,0.00030991158608158014
159280,0.004796598760108133
159281,0.003747837593514367
159282,0.000580615617587765
159283,0.003452945899742217
159284,0.0014296553726241956
159285,0.0002218531801972346
159286,0.0004658363035289446
159287,0.00038307362506543853
159288,0.019645711066914755
159289,0.0003388042482298506
159290,0.023306820450246
159291,0.8623118210787788
159292,0.9920548914356887
159293,0.0008945585163494705
159294,0.0022388358651432906
159295,0.1474943628284589
159296,0.0010021174840092889
159297,0.00040731355001071625
159298,0.0003220828259313522
159299,0.003909041918184428
159300,0.0005471761571088851
159301,0.0002769874877264914
159302,0.0011925069290727747
159303,0.0001529430286046876
159304,0.0005996344131166217
159305,0.0002283713836471642
159306,0.05168682761428193
159307,0.7890217610169155
159308,0.013192718111707151
159309,0.000389238250848791
159310,0.00018675678252639294
159311,0.9788942204636474
159312,0.0006201692046904954
159313,0.00018552862665380859
159314,0.002555323671011697
159315,0.9890102884219838
159316,0.0002844869095821181
159317,0.00043672005916289695
159318,0.0002413448782035192
159319,0.00036120324329766326
159320,0.0012321585880150773
159321,0.0026343878618213636
159322,0.00040975082178254356
159323,0.0004447466261227396
159324,0.0018138655631227928
159325,0.0006670913099587227
159326,0.0012875368691845114
159327,0.0003829973067572613
159328,0.995507978778094
159329,0.07360485763880258
159330,0.0007227643389078799
159331,0.00039149825311944505
159332,0.0003374063421865393
159333,0.996598600565158
159334,0.002441892660831023
159335,0.00015971468017635134
159336,0.0016213167998394586
159337,0.0011378420431440038
159338,0.002426176465908679
159339,0.0015812244698957347
159340,0.006171871627985213
159341,0.0004890153625095107
159342,0.0017515370187074254
159343,0.00034889504427231227
159344,0.0001336039074285852
159345,0.00022796823875393754
159346,0.9943997208776044
159347,0.00036518489826647016
159348,0.0014903079497397044
159349,0.0001822542331968769
159350,0.000359643256889022
159351,0.00030017875211640915
159352,0.0013538687950145727
159353,0.00439064604225513
159354,0.4797840018644311
159355,0.0005211246880318275
159356,0.001021197702782759
159357,0.00026481663659589267
159358,0.00041738137843423114
159359,0.0003734637644387569
159360,0.006553552034989383
159361,0.00046911434783907153
159362,0.0002885801265465434
159363,0.0002749326768421299
159364,0.4160168760584737
159365,0.018150989273469
159366,0.9905040455790874
159367,0.06554983596436853
159368,0.0009479747679868937
159369,0.00022890676882364802
159370,0.00725683597879693
159371,0.0004148705431710599
159372,0.000519173278834029
159373,0.0009073883957213537
159374,0.0001717282538721753
159375,0.01351690404228887
159376,0.9877151992902543
159377,0.9874262970000858
159378,0.0008951747126029543
159379,0.0009256795543040748
159380,0.00043667254552107117
159381,0.005416444778279598
159382,0.9123972100028352
159383,0.0005733684115618596
159384,0.002547048696398524
159385,0.0003370496511707878
159386,0.024528936324089874
159387,0.003925903669225725
159388,0.0017655142601313385
159389,0.0018646784373508335
159390,0.000657244392881364
159391,0.4424284267842706
159392,0.00022313908967512726
159393,0.0016249771282061012
159394,0.0004209521046588344
159395,0.0013309120210143175
159396,0.0007239813158408295
159397,0.003990211669358238
159398,0.0002964008790563019
159399,0.0005398240624780876
159400,0.00044906088103397905
159401,0.013184904812844015
159402,0.0006284726514137377
159403,0.0005053442656238272
159404,0.2232149954641966
159405,0.00021616160080965686
159406,0.018925386826993126
159407,0.00032863603522083383
159408,0.00033276377539137895
159409,0.9915152354483432
159410,0.001256975230527894
159411,0.0005234635415641807
159412,0.0005961625284044878
159413,0.0002445236073156258
159414,0.01834336665416096
159415,0.0005289465919148539
159416,0.00036472668222107044
159417,0.0016983247698832203
159418,0.0003614882656107053
159419,0.00029009609569518625
159420,0.3671387104263907
159421,0.002218901303147271
159422,0.00039030164470747183
159423,0.0011657060254869397
159424,0.002661615349868817
159425,0.0010179920410802665
159426,0.009151016836268585
159427,0.032430362827444756
159428,0.0005414729728000484
159429,0.002446394597798906
159430,0.0002978915257973075
159431,0.002291601546441575
159432,0.00030953442564653704
159433,0.015959859408588184
159434,0.005883765267070024
159435,0.0016066104058506706
159436,0.006896304374088087
159437,0.00028774197319266095
159438,0.00034856822418108814
159439,0.00036442870895985347
159440,0.010287660717425644
159441,0.0003073434331132738
159442,0.0002505230022273586
159443,0.003283190157450343
159444,0.9913340421223811
159445,0.9367085885641502
159446,0.9712853180647484
159447,0.00011149709166178676
159448,0.000916936549433729
159449,0.9520119782196104
159450,0.0007396309282580504
159451,0.00024472478419688986
159452,0.0639442667175684
159453,0.0002443485396351526
159454,0.0010885940829406028
159455,0.0004797674003997005
159456,0.0014066771061537501
159457,0.0007146821429462206
159458,0.01209425316535993
159459,0.0019041480935358941
159460,0.0010372135838223392
159461,0.00046995052676558114
159462,0.00023522209211280154
159463,0.0003930620647066198
159464,0.021326774230989227
159465,0.014419421584323511
159466,0.8032988140235587
159467,0.00026394760353180174
159468,0.001560504542942821
159469,0.00018960935470651658
159470,0.0004482631735022455
159471,0.0003995314183425559
159472,0.0015391603140424022
159473,0.00044385963920230025
159474,0.00015335920431753955
159475,0.00019639373911411505
159476,0.0002472187979869435
159477,0.00027631196677174204
159478,0.9975854771468438
159479,0.0011537541183399504
159480,0.0009487690203902314
159481,0.9898926763360179
159482,0.0006482652443084957
159483,0.0024509761996643134
159484,0.0003966227031328735
159485,0.001962908316243975
159486,0.0003477843429112821
159487,0.0030115499798645585
159488,0.06072583029698449
159489,0.03695131042592231
159490,0.00021583519170886183
159491,0.0004197781680711573
159492,0.0007981445270852783
159493,0.017088589700229043
159494,0.009606544005934964
159495,0.0011600210133674565
159496,0.0016631384958392579
159497,0.009357925523690398
159498,0.0002343315698271408
159499,0.02559815970069638
159500,0.0005541876986540295
159501,0.002433967164646006
159502,0.0004003460760062705
159503,0.007060137757733342
159504,0.0008691764677655648
159505,0.00037860332060212084
159506,0.0421426955430053
159507,0.0002577660106846407
159508,0.8439985464150878
159509,0.0002888720569405303
159510,0.007019996181370757
159511,0.14320406425920618
159512,0.013387453139547624
159513,0.0003659566195496175
159514,0.000720162865654579
159515,0.0002729655898559063
159516,0.00026755503070154
159517,0.0011724452063420934
159518,0.00035987152541696666
159519,0.0008175445576937301
159520,0.00027637383818194335
159521,0.003169681167166204
159522,0.0026068155529105582
159523,0.000104806734926042
159524,0.0026094614211145677
159525,0.0009329659106036308
159526,0.0015794009647538444
159527,0.008019836299670992
159528,0.954297985410919
159529,0.0002941928401427537
159530,0.9904372253275883
159531,0.00014991532539455812
159532,0.0008671830662813872
159533,0.00038255507207437915
159534,0.00028867786564386777
159535,0.00036291139862919264
159536,0.00044321148368309585
159537,0.9839387515733571
159538,0.008611298564214638
159539,0.0009233661330798609
159540,0.0005412251868317348
159541,0.0028672737363272085
159542,0.0004984108938935218
159543,0.001434306477360168
159544,0.00894957048536069
159545,0.008375908637778312
159546,0.00023764848827803684
159547,0.9943994684221946
159548,0.10162544232722459
159549,0.001554676396358321
159550,0.011971377517565841
159551,0.0312132514586765
159552,0.005566083652475808
159553,0.002067675253033322
159554,0.0010098416851848189
159555,0.000590179824579689
159556,0.006252715833807126
159557,0.007692305801040793
159558,0.00026767807661276277
159559,0.00245393865797958
159560,0.0013841902032087352
159561,0.0006568669090672314
159562,0.03504288252574811
159563,0.0008229552697708701
159564,0.0005220438395305041
159565,0.0009239895612054187
159566,0.0003079266830080198
159567,0.0005930678824826307
159568,0.030639264732253493
159569,0.005244184071883685
159570,0.0003992925315017713
159571,0.009909713772383892
159572,0.000414138815044138
159573,0.00043752306783576244
159574,0.9946138244616753
159575,0.0007708769098304744
159576,0.0003616227306364243
159577,0.05238863016751121
159578,0.0003109714329717192
159579,0.00020122300613916106
159580,0.0014745911407474924
159581,0.9824356781795888
159582,0.005797331088126188
159583,0.019113654327793696
159584,0.004124550932172657
159585,0.0324775825272952
159586,0.0020982926004614495
159587,0.012181438544285975
159588,0.0004085010471801202
159589,0.003480078499014532
159590,0.0006668447918282419
159591,0.006565076748934908
159592,0.0007754376045948411
159593,0.0002359081717500018
159594,0.02758105684670725
159595,0.00533015914253323
159596,0.9947847213827096
159597,0.003944271717698612
159598,0.008087641594235613
159599,0.00026905831245755513
159600,0.0008617631035820171
159601,0.0012908033604502728
159602,0.0002945104624731584
159603,0.0001670562311950017
159604,0.006786086754269689
159605,0.48209283963884075
159606,0.0007464241844188359
159607,0.0012814579802414808
159608,0.08312511247427716
159609,0.011034324942065908
159610,0.0003970403926080871
159611,0.24769079576459005
159612,0.0006742640028979227
159613,0.022068583749314443
159614,0.00029237271052464926
159615,0.025216657205630617
159616,0.0018986638909453779
159617,0.9883105685596095
159618,0.0008308838285808957
159619,0.0033968778697086644
159620,0.0021592451728860394
159621,0.0002701898413042286
159622,0.0005430052833318213
159623,0.0009216089685011557
159624,0.0001410187400554163
159625,0.008982922498146993
159626,0.00023718305186542832
159627,0.0014593493205936462
159628,0.0017214061965550745
159629,0.0006495043387811187
159630,0.0012753014721818793
159631,0.0002871919917243229
159632,0.00031221115043117236
159633,0.00026116715414308716
159634,0.7587129638986967
159635,0.0008188157613615597
159636,0.0006040713680693357
159637,0.00046758195582128796
159638,0.0004570320052544291
159639,0.00022206771094602574
159640,0.004354603774249246
159641,0.00041571120374597943
159642,0.0004976863797109606
159643,0.9848477122294133
159644,0.0004808738664957204
159645,0.5408315672970189
159646,0.0005357913184883723
159647,0.033595626787630936
159648,0.018276526220040074
159649,0.008868934341613306
159650,0.12228757583891513
159651,0.0007049411372733301
159652,0.9953637977705628
159653,0.0013113411923469755
159654,0.0005606447646413436
159655,0.0015347573513988918
159656,0.007152383713090058
159657,0.0008031192966162698
159658,0.00035524235333869047
159659,0.0004587382779619118
159660,8.073633673417016e-05
159661,0.0006254425713208261
159662,0.01427959545889899
159663,0.0003243434712381485
159664,0.0011143259459015396
159665,0.0004800903013580265
159666,0.0014925348453047789
159667,0.007778935792496768
159668,0.0020602392892163078
159669,0.0004801636321000491
159670,0.00014611832548942704
159671,0.01391770820875893
159672,0.00044299950236533023
159673,0.000888401885521238
159674,0.003966318022261842
159675,0.00025517098492576956
159676,0.0008463301029639161
159677,0.0016192338503908186
159678,0.9945050669990176
159679,0.0004849175713654484
159680,0.9927338812130095
159681,0.0011931904573766335
159682,0.0005680357679298237
159683,0.0032807992646873294
159684,0.0005517794175729314
159685,0.0010035358849344103
159686,0.0008716580799867244
159687,0.0002452632057899787
159688,0.00026427182448886347
159689,0.0009025214459921066
159690,0.0021046038158872454
159691,0.00041673635775742206
159692,0.0005504014583178554
159693,0.9785370933520445
159694,0.0009050270191871959
159695,0.000768338110391042
159696,0.0001669335829606302
159697,0.0009591588101181071
159698,0.00029922612055537697
159699,0.0077392005458043
159700,0.0007620980322986387
159701,0.00027264965324936863
159702,0.00023064901457417423
159703,0.0014193095848009012
159704,0.9781400642178094
159705,0.0013739588839525353
159706,0.00033524773929852566
159707,0.00018706369682065885
159708,0.00048551470079264124
159709,0.0019781983686761187
159710,0.0029986102381737005
159711,0.00037082750031030984
159712,0.00036757312388845543
159713,0.00026187835221088096
159714,0.0007988145520193607
159715,0.003312178375415036
159716,0.0025860464388727205
159717,0.0019139379979830915
159718,0.9472727186601858
159719,0.014806738144191617
159720,0.990826263219141
159721,0.00014894101388652107
159722,0.0003968563209548403
159723,0.024908175941907452
159724,0.0015503263687313739
159725,0.014576602009377722
159726,0.0008832425609406663
159727,0.0006783017428921977
159728,0.0009910294257160746
159729,0.00022927609685651363
159730,0.0029303222164238523
159731,0.0003542384713708945
159732,0.0015860335545537282
159733,0.003722333223229896
159734,0.001015512462239687
159735,0.016824254650507336
159736,0.00027827783135858165
159737,0.03274476995047886
159738,0.002505410808671233
159739,0.9935939066938161
159740,0.0795534740447952
159741,0.0007542149432734919
159742,0.0011856824190102893
159743,0.0020793717381957354
159744,0.0039544742047666
159745,0.00017827841554752207
159746,0.046824218671218866
159747,0.5488557580941164
159748,0.2101126198579824
159749,0.0028018325099320395
159750,0.22177219192460917
159751,0.0002653551413751329
159752,0.1081426944489404
159753,0.8366801159531124
159754,0.0050882199336735765
159755,0.0013825057941596385
159756,0.007354036242731511
159757,0.0002490096912322442
159758,0.010315282809674987
159759,0.003373304738774892
159760,0.0024005732766890935
159761,0.006423153039910781
159762,0.8198368554783142
159763,0.9852649515574091
159764,0.0008200480485877927
159765,0.05098322207296658
159766,0.00032950203005897524
159767,0.00024881623027618875
159768,0.0014454623089165113
159769,0.0010779961858178669
159770,0.990795620665468
159771,0.10045390807742026
159772,0.0019549519961712565
159773,0.010113244191229881
159774,0.0002535112899303139
159775,0.517973046436704
159776,0.006371105376688977
159777,0.0018926518987971864
159778,0.0028993664068336627
159779,0.98162952843357
159780,0.00024600004231396544
159781,0.10278626454859453
159782,0.000540606203946688
159783,0.9906848620030776
159784,0.022992954493499158
159785,0.0002518494092346461
159786,0.001540462560931972
159787,0.005439385833627659
159788,0.0008128980319158667
159789,0.022718045214793224
159790,0.010158541515662605
159791,0.00046790209927797085
159792,0.0002543826663459979
159793,0.021798242003381946
159794,0.964916699243559
159795,0.0010145795254740222
159796,0.0024941837848372825
159797,0.0002592570934671012
159798,0.0008302052117827979
159799,0.0020785584311145537
159800,0.9963723967287698
159801,0.0003174791417082659
159802,0.004669421458613924
159803,0.004640890612035207
159804,0.0010917165918388361
159805,0.0047552488803449654
159806,0.0002555899172192832
159807,0.049242361965035814
159808,0.00042741365475398846
159809,0.0018042681900354643
159810,0.013105333930527098
159811,0.1345353180018806
159812,0.020058550199083307
159813,0.0002995313485275376
159814,0.0002738030934716994
159815,0.00043943394403210296
159816,0.001044174852344522
159817,0.01031304181975232
159818,0.3695035959492054
159819,0.0004565482117091908
159820,0.0006281743126402999
159821,0.9855513487529072
159822,0.0002351968764693551
159823,0.002689590502232447
159824,0.006156140926896432
159825,0.00025278008504318064
159826,0.1458353594001541
159827,0.0031464304166946714
159828,0.0002911902441634833
159829,0.0003650037652186761
159830,0.0010462366442905804
159831,0.0007554604549288702
159832,0.000778587883603202
159833,0.030256018259355276
159834,0.0005580813541931584
159835,0.014562795042557718
159836,0.0016135941358139984
159837,0.0030416067703247663
159838,0.0007745248747479968
159839,0.0014977622862073238
159840,0.986299080639201
159841,0.9832458847746643
159842,0.007024975357869715
159843,0.003147916680716755
159844,0.00127559344117587
159845,0.001242002777668222
159846,0.0007955841472001731
159847,0.9922281167326554
159848,0.0016957728796402742
159849,0.012388339078835253
159850,0.0008073378434957577
159851,0.0008221216792377831
159852,0.0004793622346408635
159853,0.010886654930675187
159854,0.0011458222354280673
159855,0.000514095984167243
159856,0.000777819340852948
159857,0.004498907948623335
159858,0.0004312161833321757
159859,0.07706029591586067
159860,0.016230241574194962
159861,0.0005471277503861228
159862,0.0002640635771655982
159863,0.0006104393343707299
159864,0.98754008854728
159865,0.005630159359049782
159866,0.0005597837856938584
159867,0.0006869309532212404
159868,0.0005152033397184219
159869,0.0012677967136399673
159870,0.002875536908762307
159871,0.0014883404963496865
159872,0.00024316022567267382
159873,0.9929583049241556
159874,0.001153201972343262
159875,0.9868110712829439
159876,0.0009871194955467604
159877,0.0009661339706257052
159878,0.007176001711944155
159879,0.001121018278316342
159880,0.00019936730752168608
159881,0.0006880414640683043
159882,0.007062681705254769
159883,0.009144617599686412
159884,0.00022123218482123308
159885,0.0009152233514218713
159886,0.001049915103411629
159887,0.0002648405059802939
159888,0.0008815549909149593
159889,0.007268826513870733
159890,0.00032562151532632003
159891,0.0008319399694303672
159892,0.0021181509311031673
159893,0.00035983837417281976
159894,0.29466837209885755
159895,0.0004370273431936342
159896,0.00044522292834270637
159897,0.00033654613438422956
159898,0.01341194247910305
159899,0.008090930012645008
159900,0.9877949048386946
159901,0.005999150106872912
159902,0.0003109014396653605
159903,0.9886298406900862
159904,0.0007542775792899429
159905,0.0018493514339208439
159906,0.0002086413585875731
159907,0.9945386442592856
159908,0.002294337761070753
159909,0.001935323011847015
159910,0.005103864448332882
159911,0.012727002858832019
159912,0.0010535262151508556
159913,0.001566052210528263
159914,0.0016287350349928616
159915,0.01477413930638476
159916,0.0013334329504731568
159917,0.0003833396081119181
159918,0.0003635153652833659
159919,0.00026794930424365085
159920,0.00031658599405905765
159921,0.00030751017029838405
159922,0.00044586687707469293
159923,0.027115108439367562
159924,0.00015718673600936795
159925,0.001931899563827733
159926,0.000570779649051696
159927,0.0022136343476403314
159928,0.0010627925340223382
159929,0.9348144913145725
159930,0.000869039346850141
159931,0.004433722562530446
159932,0.0017496769071285775
159933,0.002407350485350673
159934,0.0006118369418953458
159935,0.0003430866509458384
159936,0.000606324525306068
159937,0.00033411511160469327
159938,0.0028445212714034653
159939,0.00029332104538778113
159940,0.004950875458964134
159941,0.00023431112540904628
159942,0.0013400793869060579
159943,0.00026705539543522735
159944,0.0004978810110650793
159945,0.0002913500099616324
159946,0.000612834077000583
159947,0.0016501811209650328
159948,0.9952683561063357
159949,0.8911309533165332
159950,0.029748053060792434
159951,0.0008292263078262222
159952,0.0002545860088832502
159953,0.0007065379096898413
159954,0.9869499626941993
159955,0.00042750351022231126
159956,0.00011962579838721798
159957,0.00018438506831357918
159958,0.05893387074229939
159959,0.0002390310393328044
159960,0.0007872137097180366
159961,0.003805625190014459
159962,0.0002891938165738847
159963,0.0004732397680648254
159964,0.0003990414139677831
159965,0.015693599255450844
159966,0.0005590402032359402
159967,0.005029182556552513
159968,0.0006455985199448328
159969,0.00030916665911256584
159970,0.00036038165647228485
159971,0.014560863653219906
159972,0.0002819118784064571
159973,0.0005367321531168322
159974,0.005175857520779417
159975,0.028830066035868723
159976,0.00021242574920733146
159977,0.04786524954329675
159978,0.03311874371291481
159979,0.0016329037961422602
159980,0.00026333089786175927
159981,0.002360597440569457
159982,0.995415676786668
159983,0.0003580061830582501
159984,0.0005295711476482238
159985,0.0003468163868072533
159986,0.0018941511582407308
159987,0.9445224265874738
159988,0.009672254615803032
159989,0.0003317831225863522
159990,0.005421854055719483
159991,0.9917417320178251
159992,0.0010504487708294418
159993,0.0011526790742144072
159994,0.02764557897872126
159995,0.0004977434764094778
159996,0.00026547712508568873
159997,0.23083275870499426
159998,0.00027956756770309405
159999,0.0008730787761585286
160000,0.0009026949800628296
160001,0.00037785118486795147
160002,0.00037970575222804974
160003,0.9949393050468336
160004,0.0008395671312150207
160005,0.001618366406753323
160006,0.034561348299529275
160007,0.010622089309730132
160008,0.00047939261386244295
160009,0.0013581591712740328
160010,0.0002754336545852658
160011,0.5940312992572889
160012,0.0002307062795201521
160013,0.0032960508339108558
160014,0.0008893480224893459
160015,0.0008619244694458971
160016,0.0007328413295652024
160017,0.00031526584896042584
160018,0.00037144990507594706
160019,0.0005480836304751373
160020,0.002433804291407291
160021,0.9971898001837111
160022,0.000998840999800163
160023,0.00028645199350701083
160024,0.002363968217250763
160025,0.00035253652748188665
160026,0.08481218606381481
160027,0.00044560863062284735
160028,0.0003047778076471863
160029,0.016730015209944188
160030,0.0035406028416801664
160031,0.00011669119741136297
160032,0.8693849803596128
160033,0.0006084426895542456
160034,0.014694881752458906
160035,0.0012917350337640148
160036,0.001829305788052036
160037,0.00035905368637420245
160038,0.010380929182230892
160039,0.04553648995983734
160040,0.9880317189489443
160041,0.0016961060539740019
160042,0.0010231575802759944
160043,0.0005535996824497429
160044,0.0001864619879221397
160045,0.0015620297193666849
160046,0.001541762365248415
160047,0.8485302368176728
160048,0.000576617054741885
160049,0.012238928213384634
160050,0.0002987680819343359
160051,0.00029415164382759474
160052,0.26407910281849994
160053,0.0016480851834194538
160054,0.0006766652613472699
160055,0.0017442736599039992
160056,0.00302341039881271
160057,0.0002535692088795593
160058,0.0005652656799326084
160059,0.0006430057599132854
160060,0.07985250284251512
160061,0.0004965324119313997
160062,0.0004994544634822158
160063,0.00028096383446497483
160064,0.0005569260870451
160065,0.004070081600250563
160066,0.00031399461782405207
160067,0.0056780578059078815
160068,0.03853021489277498
160069,0.006286444248533884
160070,0.00020789103178995048
160071,0.00672724843979209
160072,0.003130385936526306
160073,0.04164040624053193
160074,0.9955141288171991
160075,0.9949661505409689
160076,0.0044965927716861835
160077,0.00013198697092974565
160078,0.0014251404806067988
160079,0.00032318806563195833
160080,0.0003818150908442861
160081,0.05081413565906996
160082,0.0013111591245193281
160083,0.006181175062385719
160084,0.004126690400352783
160085,0.006702121718385997
160086,0.000440922182002327
160087,0.00038561592508593457
160088,0.007889893217115116
160089,0.0005046510283013494
160090,0.004666432785541763
160091,0.0004185799861342208
160092,0.00032077735784691547
160093,0.00023498085542535442
160094,0.9901991481420128
160095,0.004916906734793522
160096,0.0011549650605616787
160097,0.0063620262186937495
160098,0.9891420417178158
160099,0.0006649341792594798
160100,0.0003434316848607152
160101,0.0005836323646084859
160102,0.0003755510614965844
160103,0.0023213056735193814
160104,0.11726130591378153
160105,0.00010592414594694273
160106,0.00024837919056594385
160107,0.0001612383577173869
160108,0.00022130778231997368
160109,0.0007548986590887671
160110,0.00019420438979267588
160111,0.0007985922013734342
160112,0.00030031049004006764
160113,0.9880570015438618
160114,0.002811822517189823
160115,0.004152625916632491
160116,0.003162333483542866
160117,0.027968552577425733
160118,0.007337879988432964
160119,0.0002116511158973913
160120,0.02111941967241541
160121,0.0007583224631487855
160122,0.00026196104104450423
160123,0.0002858551863986975
160124,0.00919662275969049
160125,0.0023511348213574833
160126,0.02964724804388226
160127,0.0011085588467251689
160128,0.0014953458725387044
160129,0.0002503797928775892
160130,0.0003935519707489689
160131,0.002538692972392594
160132,0.00038722221944158713
160133,0.0005930880831937234
160134,0.0014096083168851363
160135,0.0034772279230865667
160136,0.008442760465803752
160137,0.0002342566575719659
160138,0.00035358826201590377
160139,0.0017219541265610044
160140,0.010228632695496507
160141,0.0007686368820398654
160142,0.0016078500685111341
160143,0.00247213334784581
160144,0.0029634848683298695
160145,0.0005780419912434927
160146,0.0005927136629631091
160147,0.0005722589274377489
160148,0.0016859833050362556
160149,0.0002862262739270094
160150,0.0004540474221204742
160151,0.0003589115023253018
160152,0.013847446344722418
160153,0.00029188676779584355
160154,0.007244729750927458
160155,0.011171182390257425
160156,0.042361913426022677
160157,0.006837138410472295
160158,0.0005636585662134506
160159,0.03263490106822724
160160,0.000346658389043189
160161,0.000700451549580649
160162,0.00017843435097199178
160163,0.0019821153093712903
160164,0.0005285117935516486
160165,0.0003098942228704062
160166,0.0009539324377859303
160167,0.04432677831182543
160168,0.9916900980851158
160169,0.00042909904531223645
160170,0.0015812279208819182
160171,0.0009469823244387256
160172,0.0017127389199736633
160173,0.00024147705243914654
160174,0.000273507210524001
160175,0.008196396879048643
160176,0.09960845941302868
160177,0.00028676599934090123
160178,0.12502911366447944
160179,0.0015190450036742429
160180,0.0004146786816504199
160181,0.00042440461405825116
160182,0.0676583528153989
160183,0.002555623108891472
160184,0.0009126953084481093
160185,0.014070698915930463
160186,0.000694810421515019
160187,0.005588165863188395
160188,0.0005059080951506294
160189,0.00027647923482429634
160190,0.0005978813480292797
160191,0.0023788800696731365
160192,0.00022935906461921137
160193,0.0020440760058055593
160194,0.0004390942582317831
160195,0.002550218002597479
160196,0.0002695595861033171
160197,0.987037938471289
160198,0.0030542030621204344
160199,0.9977061563506444
160200,0.0003292124347523246
160201,0.000257869643498508
160202,0.00041603205212355107
160203,0.0001747203282775806
160204,0.0006252953371157834
160205,0.0005249188430390787
160206,0.0011815469288766083
160207,0.00037045970177664294
160208,0.0016153629015106593
160209,0.0007414824091037703
160210,0.0025525724284689156
160211,0.1948187693594537
160212,0.00037405919788813035
160213,0.006800960390939522
160214,0.02203601516407294
160215,0.0008850941767517486
160216,0.038762613077799456
160217,0.0014880741426180708
160218,0.9776802563288742
160219,0.0005640811703286989
160220,0.001504197578760894
160221,0.0003604999851561306
160222,0.00016408510007684515
160223,0.9960141312777183
160224,0.00025914185033355054
160225,0.0004546240807935781
160226,0.962799859599729
160227,0.00014424854279020453
160228,0.28044983177586125
160229,0.0010474014994718672
160230,0.00024585237456874144
160231,0.008879119528750102
160232,0.0011796546305019705
160233,0.9885719903983711
160234,0.0005440353592479334
160235,0.05340157244255328
160236,0.008155570214894058
160237,0.00020814264247270636
160238,0.0049126436562504944
160239,0.0008587192624262898
160240,0.001795338345626898
160241,0.004889826050845027
160242,0.9915402825551235
160243,0.976802655971283
160244,0.00019402012183920606
160245,0.010497628336634252
160246,0.0006000357973439404
160247,0.00029877495104770464
160248,0.013690617238224087
160249,0.0015826776876305658
160250,0.005514598101397308
160251,0.0009164104098653712
160252,0.0004458926858623853
160253,0.0003680817382125206
160254,0.0014574308625238718
160255,0.019932903858801046
160256,0.9856161111475995
160257,0.0022764505413384517
160258,0.0003524301539713747
160259,0.0011186701203028772
160260,0.0011202014841107243
160261,0.014272752685168626
160262,0.008573116212869944
160263,0.0002681860662798794
160264,0.0012636267409393003
160265,0.0003002639309784142
160266,0.0001718961584346362
160267,0.00016730954412925606
160268,0.000519199854339818
160269,0.00078039633786199
160270,0.013636440168818851
160271,0.0013753121343693642
160272,0.0005522332804264641
160273,0.00022291934251541235
160274,0.002895990414677046
160275,0.00477597137297572
160276,0.00020569860989850066
160277,0.0007629862502091495
160278,0.0002024424299072355
160279,0.0010777248811683975
160280,0.005617354931368728
160281,0.0003172057135583988
160282,0.01199243000569656
160283,0.0005265748647787052
160284,0.00023311849264349703
160285,0.0003740701249262848
160286,0.0002597669431563991
160287,0.002710661294604573
160288,0.00039448132329398725
160289,0.0028901702028594277
160290,0.00023486884859647085
160291,0.007910163681644577
160292,0.00022824533738231362
160293,0.0008104408605021494
160294,0.003079359131539484
160295,0.0004404731719319553
160296,0.00033868115598769793
160297,0.0002518612925830976
160298,0.011671451394779972
160299,0.9883737703345231
160300,0.0813100116026884
160301,0.001892944717234588
160302,0.05025706749305645
160303,0.08986315326092317
160304,0.00027566395839093795
160305,0.001563221609803288
160306,0.0019418234714044115
160307,0.0005964650234119276
160308,0.0003018191019502534
160309,0.0013043218622386219
160310,0.9895361758272602
160311,0.0016980682985852328
160312,0.001790953032858869
160313,0.0006849687140456963
160314,0.05425924446630856
160315,0.0005677108905605232
160316,0.0004723499085259732
160317,0.03089241420801122
160318,0.00585054153568059
160319,0.00037774642135678343
160320,0.00016153649510038473
160321,0.00117561981261609
160322,0.00928034386913817
160323,0.00033213732946416557
160324,0.0042746941968165395
160325,0.000678450206846362
160326,0.0005566292430404015
160327,0.0008381601265954947
160328,0.0002695378747318376
160329,0.000676881249348029
160330,0.0004535236550543902
160331,0.0015091336354061088
160332,0.0016605180720347982
160333,0.001046255000794693
160334,0.0004038604283569953
160335,0.9592723526196633
160336,0.0009365053359705071
160337,0.003979598748279037
160338,0.0005960106962854237
160339,0.0002863904480222172
160340,0.0072080779930080545
160341,0.0001552744159835841
160342,0.0375938377702126
160343,0.0002588826105029236
160344,0.0010375455230895415
160345,0.0010877879584463962
160346,0.0004259437211524757
160347,0.0029936594039561243
160348,0.0009227593086054593
160349,0.00037953858526086897
160350,0.004289738546303217
160351,0.0009154617432537698
160352,0.0003835873384201484
160353,0.0036981685357282473
160354,0.1459373592258977
160355,0.0027677634267316694
160356,0.0006933176052770567
160357,0.0001270321072760699
160358,0.00039737565114413795
160359,0.0003476132001654652
160360,0.002536173847545692
160361,0.0003100419919698646
160362,0.08204074431800544
160363,0.0009825202374955785
160364,0.000460584116016323
160365,0.003012869970306798
160366,0.0003157411763548139
160367,0.04141357736775492
160368,0.9328260430314564
160369,0.9254439726304822
160370,0.985038592288634
160371,0.0002755569155579722
160372,0.007259896254719321
160373,0.0009539240190608953
160374,0.003938589735996256
160375,0.9938787090289029
160376,0.004822814442725582
160377,0.001166104412833418
160378,0.0002715917975613888
160379,0.00020955280376046633
160380,0.0005984041292916926
160381,0.0005518800555251531
160382,0.00025059626262559294
160383,0.9900527386379574
160384,0.00046223119876137787
160385,0.9900926903343359
160386,0.0004572271725302011
160387,0.10210222967218235
160388,0.007163579345411557
160389,0.0001489938875572822
160390,0.0014996335095281248
160391,0.9901695488521938
160392,0.0027263176283705754
160393,0.9899873391100613
160394,0.0007230068690688241
160395,0.0009932852718151153
160396,0.11029592934223742
160397,0.0004168786434904144
160398,0.9728223197330658
160399,0.0017900394153961767
160400,0.0012639400201906676
160401,0.00023014843289947176
160402,0.0011911284096904151
160403,0.01194306971346388
160404,0.002110640953876413
160405,0.001574409078757636
160406,0.00033839317055870663
160407,0.0018781879027838016
160408,0.006357795400507599
160409,0.00022327586470710187
160410,0.005361736683209181
160411,0.16610270297693425
160412,0.0004592784203151702
160413,0.00036900047096346763
160414,0.0005755683136620698
160415,0.0014668124239080817
160416,0.0005520421952695148
160417,0.07403039130103195
160418,0.0006844893197765662
160419,0.0008271202151615191
160420,0.0007670421741277001
160421,0.00040438918757473196
160422,0.00021094643471777244
160423,0.015042183856094047
160424,0.00023373067068158056
160425,0.0006483758425606026
160426,0.0014684894769415387
160427,0.0006522103994399646
160428,0.000556818350509907
160429,0.982444028450729
160430,0.00040098625116293614
160431,0.0003352391365941333
160432,0.015193318555313817
160433,0.00043715702884048434
160434,0.00030051918521335275
160435,0.000921020760677103
160436,0.04095604933042257
160437,0.0002882540288148653
160438,0.005677516989258177
160439,0.00017134159228686892
160440,0.9877274943537357
160441,0.0014957267511041036
160442,0.06552844674043157
160443,0.0002857690682044405
160444,0.99538387080266
160445,0.0004202123149589809
160446,0.0024730391400000053
160447,0.9400714384187449
160448,0.00115646513032214
160449,0.00029658476351382233
160450,0.003333043577626989
160451,0.00023337162023408361
160452,0.0017913080489302933
160453,0.0004905568518052867
160454,0.0014644801780398257
160455,0.0001593924156592671
160456,0.00716639095451023
160457,0.0011517325052522983
160458,0.0014283416365730689
160459,0.0002991567697858333
160460,0.0002137781953219707
160461,0.0014586017738820603
160462,0.0004474206291107003
160463,0.007443097571160437
160464,0.8596282980060381
160465,0.00015557991649921754
160466,0.0004248636357765516
160467,0.0013663123280189052
160468,0.0009634944326670761
160469,0.0008700368020555403
160470,0.0015047736314470113
160471,0.08248353741761377
160472,0.0007489887224480743
160473,0.0002515145100371723
160474,0.0003169172757257626
160475,0.000614500015063811
160476,0.0009465837174924877
160477,0.00031692888498498667
160478,0.00017082290175481508
160479,0.0002884456082783663
160480,0.0007599278406125443
160481,0.0006850531675398634
160482,0.00029524849673233703
160483,0.00018155284508483455
160484,0.0012312271365698723
160485,0.008312042161240695
160486,0.002880138859399826
160487,0.981612000951201
160488,0.0007254981929569633
160489,0.00040417034278136685
160490,0.0009914616856215917
160491,0.0010048732674031485
160492,0.9948048044912071
160493,0.001465218974745225
160494,0.003931262486262033
160495,0.0010314466746117483
160496,0.0005055234102932745
160497,0.0006881147953360279
160498,0.5353573555140829
160499,0.00230697473901536
160500,0.0003127759874924539
160501,0.0020060576233028246
160502,0.0003617735427424762
160503,0.003057856527881682
160504,0.0036270789509639666
160505,0.9854820922354766
160506,0.9903624177445637
160507,0.0006619793766283425
160508,0.00042249721988473155
160509,0.025214754753607394
160510,0.000524990023200636
160511,0.012357019182489604
160512,0.00040012606952501356
160513,0.005887841848141481
160514,0.0006185774747367563
160515,0.005431857032079438
160516,0.00650183961038873
160517,0.0033646447024632048
160518,0.00024544074225853007
160519,0.00040280614585752833
160520,0.0009383807112799204
160521,0.00028835030123932704
160522,0.00113626936686635
160523,0.00036603829707039157
160524,0.010437924201864804
160525,0.016536754573809292
160526,0.0006531182827679013
160527,0.0004134043739962521
160528,0.0019063674127758675
160529,0.0017374138353289158
160530,0.08337856487532663
160531,0.9871623764582318
160532,0.0011429589145383555
160533,0.0003365863619113241
160534,0.0005693018244199559
160535,0.9751347334891595
160536,0.0006156494428155408
160537,0.00039361676682977975
160538,0.012886612445828885
160539,0.0005934992442874825
160540,0.0010207743895081786
160541,0.0002709321108112078
160542,0.0002649471181528372
160543,0.0066326511347405215
160544,0.000323942856635588
160545,0.0008554723230485771
160546,0.0003804490054294637
160547,0.008751311274945333
160548,0.017215780057843705
160549,0.0034591663068668844
160550,0.9878821008284865
160551,0.1564878282805353
160552,0.9791176498856692
160553,0.002779262036456572
160554,0.006527187208197111
160555,0.9732680598082333
160556,0.00038975897248792475
160557,0.9896055665718808
160558,0.0002503782217302152
160559,0.7288015084685364
160560,0.0015105371938201175
160561,0.013221018208837927
160562,0.0004771276835517566
160563,0.0001692554815322752
160564,0.00043835903012143734
160565,0.9924315140787802
160566,0.005919495439523206
160567,0.004057413530673216
160568,0.0011676573404020467
160569,0.012497532824881488
160570,0.0034173508188341238
160571,0.04278618150289276
160572,0.0015107339397994698
160573,0.0009747007111464368
160574,0.00027561779002294585
160575,0.002786916520507729
160576,0.015471650318610747
160577,0.00011980512137336379
160578,0.000223511374378129
160579,0.9915564075745349
160580,0.0004232609059957987
160581,0.00022517203973268442
160582,0.00042727138675300837
160583,0.0002776818774057998
160584,0.00596894636110316
160585,0.00025352414578026355
160586,0.0007196605189871166
160587,0.01564382239613297
160588,0.0028264508169626363
160589,0.0005034271377832639
160590,0.0002811575773241814
160591,0.003737967915636443
160592,0.005353013816314572
160593,0.0004751977974662753
160594,0.0004927303347373661
160595,0.0004133537717221663
160596,0.0003316054425289209
160597,0.00022230282804415005
160598,0.00016365485027006256
160599,0.002275162689403847
160600,0.001543482531608578
160601,0.004107476519727139
160602,0.0007670865299249915
160603,0.01083805653873986
160604,0.9608639877681319
160605,0.0026534071357936996
160606,0.00023485683174154549
160607,0.0014949477031518698
160608,0.005013848574531849
160609,0.003681565262872397
160610,0.0004635021226858048
160611,0.010314386739400752
160612,0.0015000882551435316
160613,0.000500333306814326
160614,0.024887089792477533
160615,0.00034794388208014257
160616,0.0008154684563148963
160617,0.9840798859762261
160618,0.025834900045536326
160619,0.004050106948255208
160620,0.001095883985712941
160621,0.021204457717838746
160622,0.0025943332809552785
160623,0.000309749542781771
160624,0.027258095609351666
160625,0.00012506680934714227
160626,0.0192537336329506
160627,0.00021561993560349914
160628,0.003960708469433508
160629,0.0002498848734887359
160630,0.9870476887871406
160631,0.004521580655797073
160632,0.001203950403436397
160633,0.9917845608810685
160634,0.0012081416068680342
160635,0.0007557494375867432
160636,0.0006215550674393471
160637,0.0006719344337951319
160638,0.0006021465239174212
160639,0.0003854237824066071
160640,0.0035904032377646203
160641,0.01656080071367279
160642,0.00013279657541997607
160643,0.002879910358036747
160644,0.0011848715140767917
160645,0.8405027461716359
160646,0.01741617952919488
160647,0.0007402939949513078
160648,0.0004772079518665047
160649,0.006688268922957936
160650,0.0011176638677081066
160651,0.022569812728850887
160652,0.0001623991834391919
160653,0.00028432750237164696
160654,0.004003722270313803
160655,0.000513856234080196
160656,0.9918581662374313
160657,0.0002838106546596027
160658,0.00015568064774465322
160659,0.032501954326097246
160660,0.007039996133512833
160661,0.002127701298391346
160662,0.0005388562276825517
160663,0.023041785271323348
160664,0.00022614728166724194
160665,0.00032927295388707726
160666,0.0020785406034731922
160667,0.0009936479922462043
160668,0.0003568878832371548
160669,0.0009026386416313601
160670,0.02885015141126076
160671,0.9837149075361845
160672,0.0002925804334501596
160673,0.00042142929261701446
160674,0.0004349777198013189
160675,0.0004840601471060716
160676,0.00013405475587363814
160677,0.000758407702126215
160678,0.0053901228153194446
160679,0.020626035733970493
160680,0.0011677535122905855
160681,0.0003090360627969986
160682,0.0009470927394187969
160683,0.0019710178879723873
160684,0.00022169491070250617
160685,0.0008138739777903277
160686,0.03370784241873531
160687,0.006158821543662933
160688,0.00021893478234614617
160689,0.0005031924587028045
160690,0.9881087557911752
160691,0.0006211629672776644
160692,0.00787290043275223
160693,0.02352768536169501
160694,0.0029715121680062634
160695,0.015790286358186228
160696,0.0002887194669720121
160697,0.00030210876002963037
160698,0.010010668570654023
160699,0.0012385749989615167
160700,0.12869075461390364
160701,0.00018828724834440522
160702,0.000402228939644971
160703,0.00028816641819866354
160704,0.002480506610166505
160705,0.0072901522816800094
160706,0.0022542147521862066
160707,0.9888989384969431
160708,0.00018312540808352977
160709,0.00211571752002891
160710,0.0005123039217212776
160711,0.002774187604928986
160712,0.0014699049909814262
160713,0.987993029738563
160714,0.00026386434187919454
160715,0.00020975988689966055
160716,0.05357231378997605
160717,0.000605403513599759
160718,0.0009005222276181001
160719,0.013244409754346457
160720,0.008959111499383044
160721,0.00028966859000580336
160722,0.0003239178906251672
160723,0.0005075361443107828
160724,0.00045075436198519295
160725,0.002479892763480024
160726,0.016434575814488112
160727,0.28561207891408963
160728,0.0037572253320738848
160729,0.002196471259703883
160730,0.9799041783128131
160731,0.001161678646155887
160732,0.9927224548567882
160733,0.0036558007701809063
160734,0.0014026847091132676
160735,0.0013614536703981845
160736,0.0057245588152457704
160737,0.00024155695051019085
160738,0.01327010993550624
160739,0.0017763078399422921
160740,0.00033783097379379675
160741,0.0010204353582771591
160742,0.026091771733965995
160743,0.0008334759019128658
160744,0.0006288515101537782
160745,0.9940648368412016
160746,0.08830139660689727
160747,0.010047713009910267
160748,0.031964280767712926
160749,0.0006697175997939817
160750,0.00022277961473425036
160751,0.00029094832163554477
160752,0.0008630635222467383
160753,0.0021480589077879537
160754,0.00017006271891940213
160755,0.0010808120980029888
160756,0.6170212474889449
160757,0.0011123068439416338
160758,0.0010576544278148518
160759,0.0003940230270587871
160760,0.0003577597337322557
160761,0.00038057183341817476
160762,0.0010124861375612063
160763,0.00022901422320435407
160764,0.01811345648876475
160765,0.0005328745003707833
160766,0.9753388727192179
160767,0.00031692894740349903
160768,0.0014944426148725232
160769,0.00038799299645369374
160770,0.0008158044544589137
160771,0.0035358517259335355
160772,0.0003442473717590472
160773,0.0021224350900272064
160774,0.0012402368711083884
160775,0.00027180407012235763
160776,0.0011780323107009366
160777,0.0007877380935212239
160778,0.0002517023660350659
160779,0.0007269573657317115
160780,0.00044094160490920934
160781,0.00034877226954055824
160782,0.001683881986922531
160783,0.9651752813729405
160784,0.9866262799701817
160785,0.002449730075734202
160786,0.010183957476093315
160787,0.0009251259694642919
160788,0.0022835729307830307
160789,0.0002972835390817958
160790,0.5502632077853828
160791,0.9910462967426645
160792,0.008248200647102551
160793,0.0002904425997207773
160794,0.00027424826955404715
160795,0.0019040322899230692
160796,0.0003276063090468348
160797,0.14225309574962725
160798,0.0006627310444407301
160799,0.0004201115334973648
160800,0.00032723393389839255
160801,0.000446378760122115
160802,0.0003416624083163204
160803,0.0006177071933096982
160804,0.0008581531769959671
160805,0.0002919809343262127
160806,0.9718447544066446
160807,0.0002553039977511425
160808,0.0003845666445852395
160809,0.0038813809711804206
160810,0.0001917761895846065
160811,0.00015153245582176657
160812,0.0017339778761030847
160813,0.0013462155178837023
160814,0.0005624318681055564
160815,0.0020443553336280678
160816,0.0013756634808090738
160817,0.0012033931852247406
160818,0.0003294342259288486
160819,0.0010383494959041854
160820,0.005425318248107524
160821,0.001334146530416746
160822,0.004931860836374373
160823,0.0004920985563700834
160824,0.0014816695188118237
160825,0.0013604706480657453
160826,0.013189275705743991
160827,0.002792628920568343
160828,0.09421698917081822
160829,0.0005831007010798341
160830,0.003082893234666895
160831,0.001363350295953677
160832,0.0004909942652586257
160833,0.0002463178940688978
160834,0.02079002833423572
160835,0.00029626444617000515
160836,0.052599411730464896
160837,0.0006643157464635269
160838,0.0011558435631322597
160839,0.002061958029881951
160840,0.002020804649142047
160841,0.0009559924139908769
160842,0.0019319832887106712
160843,0.0019829863932591353
160844,0.00030081534491811584
160845,0.003365297009382272
160846,0.00014363084094033484
160847,0.011211748131033405
160848,0.008548538348527203
160849,0.000874674442619136
160850,0.0003193897146162272
160851,0.0010291453124903274
160852,0.0031968645668732044
160853,0.0004566331812668919
160854,0.01952161957650437
160855,0.000761062319640902
160856,0.0004281259341045214
160857,0.0041052345279975104
160858,0.0006287675782514131
160859,0.0021985039073507302
160860,0.0003012335443881728
160861,0.0010634844903021107
160862,0.0018976305914665014
160863,0.00010245409414614031
160864,0.0005213042460009427
160865,0.023463317069840013
160866,0.00147749252833226
160867,0.0011940605200566855
160868,0.00030741635189371883
160869,0.9873546435032685
160870,0.9944559549263773
160871,0.00020462427600707024
160872,0.9855135210314037
160873,0.0260432974153824
160874,0.00043432009839762417
160875,0.008582687206767668
160876,0.0005135457504858354
160877,0.0018034546045862488
160878,0.14643775266204906
160879,0.0020643892139452645
160880,0.00017299331703322557
160881,0.0014197000377237897
160882,0.00018331244376310318
160883,0.9895265859794368
160884,0.00023549087841583276
160885,0.0004102257493135908
160886,0.054909004392800775
160887,0.00326295863666097
160888,0.01746610400746466
160889,0.000779579525851242
160890,0.00053460973608145
160891,0.6716860674998147
160892,0.0015226020171931094
160893,0.08355263107514493
160894,0.0005671115943269813
160895,0.011155829570174093
160896,0.9769902863865477
160897,0.000570404856901869
160898,0.00888902426137294
160899,0.0005857840858653886
160900,0.0007528126647764033
160901,0.0002495520595617632
160902,0.017649320611339298
160903,0.009286075638278678
160904,0.0009107619748550233
160905,0.9783138435664048
160906,0.9845919333992842
160907,0.0011145007335244747
160908,0.00035932078139518564
160909,0.0005581182029887308
160910,0.0005855403885129689
160911,0.05038380911533474
160912,0.0003520411146039734
160913,0.9933453591695938
160914,0.9854691739811182
160915,0.0007806727255117598
160916,0.0012673061986456066
160917,0.0027514764675071655
160918,0.015702297355710604
160919,0.00011358593446060637
160920,0.00031574843970434105
160921,0.0083765121592498
160922,0.009290400489421018
160923,0.9938911552573985
160924,0.0037615559160345106
160925,0.0008156439928181887
160926,0.0006933121860904633
160927,0.0003968668369835594
160928,0.0003676409347624832
160929,0.00038510938650433273
160930,0.0006341534451097627
160931,0.0003477494705623487
160932,0.0001656910813920707
160933,0.00044786962535236857
160934,0.00685751188849812
160935,0.005035624740349652
160936,0.0003775911496555738
160937,0.00842397830137995
160938,0.0012646645900798066
160939,0.005259344132348797
160940,0.0008256523390337609
160941,0.0004877033898470691
160942,0.011741261374368255
160943,0.00024088828062740055
160944,0.038214218653085115
160945,0.001101115512552701
160946,0.0014354016232299338
160947,0.0009733446683259074
160948,0.0002941807590926293
160949,0.0015956460853002764
160950,0.0011206720871038143
160951,0.00046568049466004817
160952,0.9914720136475687
160953,0.0003726330163924723
160954,0.9971809582403287
160955,0.0018168095036161826
160956,0.008542282940735094
160957,0.06830927602348137
160958,0.0008934710743441113
160959,0.0005501819972241176
160960,0.001852360215687266
160961,0.00136387251631467
160962,0.9317172642541054
160963,0.0005797029689356512
160964,9.331898248155996e-05
160965,0.002599581424806015
160966,0.0054498047987186415
160967,0.05014371215776239
160968,0.00036594056705725324
160969,0.13984116793891244
160970,0.0001277652931717647
160971,0.01973990403287328
160972,0.002971301456965836
160973,0.0010373707760630343
160974,0.00349236378150084
160975,0.00023596618848161738
160976,0.0006022865743631105
160977,0.0010775074562681028
160978,0.0007925471231349977
160979,0.0004915751104962272
160980,0.0005933296589348635
160981,0.0018751617972964266
160982,0.0004320950668761155
160983,0.000366939311085861
160984,0.0003358054720992106
160985,0.0007762461304615613
160986,0.001152034700371618
160987,0.00018771217633030285
160988,0.001022917103525468
160989,0.0014508230496357462
160990,0.0002909485643418416
160991,0.00024092978830112552
160992,0.00023045875485556668
160993,0.0018986951963139197
160994,0.9767437480244908
160995,0.9803496566798462
160996,0.0006234737018479802
160997,0.017885730510695672
160998,0.0012820748332837914
160999,0.9861210968329541
161000,0.0012246873527689461
161001,0.0008311773822516483
161002,0.0010802265016102975
161003,0.0013882074932288458
161004,0.0002573723700203404
161005,0.0003571881148954445
161006,0.00017151354110926293
161007,0.00013924949399855157
161008,0.011336200600850468
161009,0.0008284918497812405
161010,0.0018374242013288813
161011,0.0005928439645322616
161012,0.000696335160002469
161013,0.9951151362445106
161014,0.0008201706048453623
161015,0.0002642831991027648
161016,0.0021456741462594015
161017,0.0007344013739967192
161018,0.0005611761306236546
161019,0.00046564869849461874
161020,0.006940968800458716
161021,0.1038394367177416
161022,0.0007362617387072235
161023,0.0076563226746137365
161024,0.0007123801116723171
161025,0.00041817937624127167
161026,0.00019041545141947733
161027,0.0011565255889590825
161028,0.9929957026590784
161029,0.012212520355424616
161030,0.0006682491422322159
161031,0.0032050283544841477
161032,0.05760456350991175
161033,0.016366352144444603
161034,0.00027372993806861764
161035,0.0003621639628480037
161036,0.0026101819997597707
161037,0.001096013276741332
161038,0.0005644125302073853
161039,0.0002508824177830175
161040,0.00040222127101138876
161041,0.0045360286202338115
161042,0.9917642326151006
161043,0.9934082871036543
161044,0.01596126209002997
161045,0.00038836770029963943
161046,0.00048818100536702217
161047,0.0014574324276976115
161048,0.0019043692076764357
161049,0.0009249938625426454
161050,0.0011667512336049524
161051,0.0016928908394743109
161052,0.000742592063045366
161053,0.00045054496423765287
161054,0.00526462386615329
161055,0.002027101196450452
161056,0.007198095312552521
161057,0.12286651205243447
161058,0.0003013469105792356
161059,0.0017252180764100028
161060,0.0011870701598925572
161061,0.00019224499218794272
161062,0.0010346514022038119
161063,0.003255321663785986
161064,0.00014428350645894608
161065,0.004526296083981459
161066,0.00032238941646632857
161067,0.14173317565786206
161068,0.001379375396681114
161069,0.0009077970076719384
161070,0.00048386867957556497
161071,0.0002942041258953398
161072,0.006432750708587918
161073,0.014212522798624182
161074,0.0010993313757154597
161075,0.011684428416744129
161076,0.004322023559402192
161077,0.014437548244487357
161078,0.0001767641463082864
161079,0.9933386127226917
161080,0.0010638983776580008
161081,0.9713057328687871
161082,0.000615834594130989
161083,0.00018920251338171214
161084,0.000262297168892761
161085,0.9929142207235163
161086,0.005646215892381991
161087,0.0003255565300568756
161088,0.002994654615827802
161089,0.00029078112235902297
161090,0.017059623456723946
161091,0.00023178948289341697
161092,0.002643980324513159
161093,0.00021682170718604845
161094,0.0004450464563992254
161095,0.016210424855122765
161096,0.021723130801812617
161097,0.9947718416955449
161098,0.006427770103291259
161099,0.07343462803982234
161100,0.002028590174537939
161101,0.00017651820565503602
161102,0.0011091516140605416
161103,0.000375814162927758
161104,0.0046410623054740545
161105,0.002699503567258708
161106,0.8085029062581939
161107,0.9948958450109042
161108,0.00033084499161975214
161109,0.0004147706640035846
161110,0.0005277663227993732
161111,0.001683361960211274
161112,0.0043091685556558585
161113,0.005706585584032074
161114,0.9819183477282873
161115,0.0021374923434031084
161116,0.033460568830992694
161117,0.0005451955044021461
161118,0.12184856326867399
161119,0.0008281786765637082
161120,0.0035779127603489196
161121,0.07715387157621352
161122,0.9788346832681364
161123,0.0003466648099126199
161124,0.0003065293906092303
161125,0.00019997110788659003
161126,0.00028318727933873884
161127,0.00040217155377273995
161128,0.007532714911001265
161129,0.041712651239451136
161130,0.00033007495518525264
161131,0.0003935233403251347
161132,0.0012556171477932482
161133,0.002009655825197343
161134,0.0037738941205646905
161135,0.0015106106958893376
161136,0.8152846041506894
161137,0.00032689215468373215
161138,0.0005013696571762144
161139,0.0007337140483552535
161140,0.009214600115221704
161141,0.0009756886496269421
161142,0.9952634335903031
161143,0.0007186547135313667
161144,0.9920194946907445
161145,0.0012861660252916655
161146,0.0006874173823193932
161147,0.007708365392907175
161148,0.0003481382289829532
161149,0.0016475598704042507
161150,0.0011458046248037567
161151,0.0021469980707317852
161152,0.0005849799324690162
161153,0.00019508700047063122
161154,0.010885881202128004
161155,0.0019133470428464817
161156,0.00037455718458974277
161157,0.0006260824410610609
161158,0.00021192393130945722
161159,0.0002742547483544537
161160,0.0018110141450218375
161161,0.09479655813822588
161162,0.9947018340861382
161163,0.9921557755865369
161164,0.000763594675225969
161165,0.0014919006193118511
161166,0.02901671256746623
161167,0.005504964605617456
161168,0.028214613278161663
161169,0.0004245660497335323
161170,0.0040652664855249975
161171,0.0005541903308424316
161172,0.0016852031007888845
161173,0.025152050927428435
161174,0.029626687950950206
161175,0.0022357562022284217
161176,0.00044686550965035334
161177,0.03220562356639027
161178,0.0022398007325593904
161179,0.00014220755246338064
161180,0.004169868514000596
161181,0.0026879825603133853
161182,0.9682239338560692
161183,0.0004659047620909616
161184,0.0006500720374733602
161185,0.13330503571285662
161186,0.0004477337356001355
161187,0.00032753139476081924
161188,0.0007429546940110617
161189,0.0026717275861375695
161190,0.00013238926183771444
161191,0.9866003359970201
161192,0.002443353393374954
161193,0.0009362412360518144
161194,0.0021701381247904348
161195,0.00249761937513806
161196,0.0002837145577594767
161197,0.001211610624674824
161198,0.00021938340653645543
161199,0.001910781537963808
161200,0.0001976694484438908
161201,0.9878974146227026
161202,0.0012215362575428012
161203,0.00027451467087968645
161204,0.004166484272763711
161205,0.0002518679135415839
161206,0.00101735820605132
161207,0.0016047825698635653
161208,0.011526454059227635
161209,0.01507745241087304
161210,0.0003383481256550381
161211,0.9934902108180386
161212,0.001960305512491543
161213,0.9871519574245354
161214,0.015823488706513393
161215,0.0006659437344686494
161216,0.00027918314971470327
161217,0.0006991893708203238
161218,0.0008480932020251356
161219,0.005246718314670038
161220,0.014036513844246205
161221,0.31401099162303014
161222,0.9902400467299624
161223,0.002010780639373291
161224,0.02375834263340618
161225,0.005319950834833621
161226,0.0009564432253356009
161227,0.0031739400132449517
161228,0.01064226418519687
161229,0.0009269448921834307
161230,0.004954024699432703
161231,0.0011456366286435682
161232,0.0011380218685304755
161233,0.008237473707057248
161234,0.004112248341923108
161235,0.0002543803621650495
161236,0.0006541047588510111
161237,0.004619815443177949
161238,0.02154242867815051
161239,0.0004282948497455512
161240,0.00038314489670244204
161241,0.0006330251354673523
161242,0.004203134673261609
161243,0.00023787171736541456
161244,0.005389425310499215
161245,0.0005968848881077078
161246,0.04654543850988708
161247,0.08814755492672156
161248,0.039296473075054295
161249,0.009773961893956127
161250,0.9947124118778817
161251,0.0012159041626208912
161252,0.0008945339694096613
161253,0.00038285900188113114
161254,0.00045669652815258073
161255,0.0012563564495157897
161256,0.0070215547886997584
161257,0.0024906224488639964
161258,0.004589905899099905
161259,0.01383527159477621
161260,0.0032634798185428053
161261,0.006767723712236473
161262,0.0004305424364016299
161263,0.010884978429251556
161264,0.0010764421685804612
161265,0.0016870661513242494
161266,0.0015274577327136871
161267,0.00013287994716043277
161268,0.00577764333492672
161269,0.5435540922743102
161270,0.00034642471568761807
161271,0.00012498795738766647
161272,0.9945013567961116
161273,0.002493987164226207
161274,0.0024390852236775185
161275,0.00071863912441258
161276,0.0013483193989543762
161277,0.002172114651320096
161278,0.0016021436878121134
161279,0.00014781457206531395
161280,0.0013553174184289991
161281,0.0009295697514872621
161282,0.008589859393209288
161283,0.0006174252441714377
161284,0.004576483200394292
161285,0.0009367582842876515
161286,0.00034536903546128646
161287,0.008507806606724538
161288,0.001504527866297862
161289,0.0022575069728588983
161290,0.9162744825951665
161291,0.00982831063146988
161292,0.006735844177682546
161293,0.0006561291103301492
161294,0.00019542951124672565
161295,0.0014435221169378362
161296,0.00016725087006801563
161297,0.0003521297407118853
161298,0.0001689361868512416
161299,0.0010827353616107576
161300,0.9907500213747745
161301,0.0003997372317410179
161302,0.0010814187459386112
161303,0.0019637603616046635
161304,0.962167402041989
161305,0.0002779015127583434
161306,0.0003131785335121542
161307,0.010004853214665207
161308,0.008484719487808967
161309,0.00030218337415336853
161310,0.0027029392291163527
161311,0.00021737413522540585
161312,0.0009273446763189521
161313,0.0010665453891059182
161314,0.2152289574551424
161315,0.0023959166354512174
161316,0.00015052866586914114
161317,0.0007212463676935489
161318,0.006996337452512401
161319,0.00024191654252956167
161320,0.9798477079637508
161321,0.0004535469838220583
161322,0.000294127363305741
161323,0.008826523409105832
161324,0.007046478570084954
161325,0.01560011215354561
161326,0.00016108599631663333
161327,0.9800310174880482
161328,0.00022490059787428425
161329,0.00018045808102303262
161330,0.0009731902674686316
161331,0.004671694085556819
161332,0.00013604930278095695
161333,0.0002565566201297504
161334,0.005019003564529833
161335,0.00018595687431936786
161336,0.00019486154747997374
161337,0.004416928079912802
161338,0.006546901436636823
161339,0.0007064865505145162
161340,0.9909491413987884
161341,0.015206664147422477
161342,0.0009141716146594366
161343,0.0015473276791489277
161344,0.000413860089846238
161345,0.982548506994765
161346,0.1996919782061573
161347,0.0005483453001024366
161348,0.0017417988434343678
161349,0.000246712422880859
161350,0.0025762187490685645
161351,0.0006315455748423227
161352,0.00039279514095432773
161353,0.00033284449025628706
161354,0.001246760031423825
161355,0.00036267671104751013
161356,0.9027345329474562
161357,0.0002653295642231014
161358,0.00024631780535012553
161359,0.00019130058571940488
161360,0.7853524967724606
161361,0.00027711455027874707
161362,0.0009955538282244883
161363,0.004066210054342851
161364,0.00028051613102816404
161365,0.00748297558090049
161366,0.0007474166686245861
161367,0.0003731443341279198
161368,0.9947863901527163
161369,0.007774287930868135
161370,0.00029472680285661093
161371,0.9469041939878114
161372,0.0014130070550108546
161373,0.000327696752016285
161374,0.18796116763925855
161375,0.0037025545674298334
161376,0.0033248707681367644
161377,0.0004049310912678609
161378,0.9944576928469923
161379,0.989674248205006
161380,0.0005582268370254773
161381,0.0026862396582714963
161382,0.008869847944698485
161383,0.988426480065129
161384,0.00637729424447493
161385,0.018872427083986166
161386,0.02571887095934643
161387,0.9883015212078834
161388,0.002194031098798003
161389,0.0005737092589518321
161390,0.00033514373538913206
161391,0.0011365333884379748
161392,0.004016201655700122
161393,0.0006743849554572896
161394,0.0007316385219081011
161395,0.012194926298036528
161396,0.0002939776803721439
161397,0.0004216120218425438
161398,0.07945291220428877
161399,0.011466592131586897
161400,0.0002707284797798338
161401,0.00033510367422153934
161402,0.0013502770226773615
161403,0.01249355546895986
161404,0.000292002992505043
161405,0.20045073312948536
161406,0.9843202130261786
161407,0.0002586149576993536
161408,0.0006255247363295089
161409,0.0020486855871544515
161410,0.007936134523356318
161411,0.9926442608770509
161412,0.0006076387003639512
161413,0.0031934681204171824
161414,0.14380346818319836
161415,0.02211205514441284
161416,0.0006690152223058146
161417,0.0002895331704357008
161418,0.0003678055744920551
161419,0.00045911381962562077
161420,0.9830497835824022
161421,0.0002933418136547818
161422,0.8027691639191065
161423,0.00022646622132289868
161424,0.0020651420528897944
161425,0.00040894642864658083
161426,0.008555217214483452
161427,0.0004430432000474278
161428,0.00109066775159411
161429,0.011977860811699445
161430,0.00027552653458057664
161431,0.00039053604537594506
161432,0.0776795209820212
161433,0.0057886339183163
161434,0.009448767498279276
161435,0.03958407737654833
161436,0.0002529352685055936
161437,0.00440011086947664
161438,0.0007546633447582673
161439,0.00036391180507579007
161440,0.0006579099748556345
161441,0.0008814123553892219
161442,0.0049301475462610826
161443,0.009455289497893088
161444,0.9750176029051777
161445,0.0013965855145648377
161446,0.0004765447050903562
161447,0.0008921381094007456
161448,0.0002450080891639921
161449,0.00025005893844492707
161450,0.0005768040871336088
161451,0.0021439730304918534
161452,0.0002106839947604015
161453,0.008215504352622692
161454,0.9963797902469005
161455,0.01188262946351001
161456,0.002388632761586935
161457,0.0016378572312362614
161458,0.00023756953278973096
161459,0.0013421977526303476
161460,0.038116689022016946
161461,0.000443917196250485
161462,0.007165525307830082
161463,0.004811976664932511
161464,0.7952072742826931
161465,0.0038017135570553107
161466,0.00024533406783396874
161467,0.00024572062724605316
161468,0.007735160795137988
161469,0.000599505585412186
161470,0.9905936792529848
161471,0.00022311239828844004
161472,0.001818831100451424
161473,0.000614804167499924
161474,0.0002879101609264476
161475,0.0005636515529827699
161476,0.00016909779631693977
161477,0.9825300954989603
161478,0.00020378895940901002
161479,0.0025747297018808555
161480,0.0005307152433019142
161481,0.0007371791490542513
161482,0.0007139735481028095
161483,0.0008724288439223479
161484,0.011220763004279053
161485,0.0013768907786008409
161486,0.0003731705925531839
161487,0.22884515877509717
161488,0.00026400736690370736
161489,0.8818284992012835
161490,0.00040884285558864266
161491,0.00030621254276068865
161492,0.0010682011473982778
161493,0.00022635387830594029
161494,0.0002082530329979084
161495,0.0013057258734666664
161496,0.021287369966288616
161497,0.014506608369338125
161498,0.6769061166122589
161499,0.0004807799832768314
161500,0.9977399871090711
161501,0.03152880137774968
161502,0.0019033762997835617
161503,0.9849380696149324
161504,0.01226331312615315
161505,0.00026154302666187094
161506,0.0032667857878779507
161507,0.0006140626200624816
161508,0.001002969747986595
161509,0.00021495036061276843
161510,0.00025379986969039525
161511,0.004810241859942297
161512,0.000417776752704584
161513,0.0784221046479588
161514,0.0002502467029640916
161515,0.0013650668398320583
161516,0.07551439782797034
161517,0.000332335725475667
161518,0.00014667345046747484
161519,0.00046854291542903836
161520,0.5931960567140915
161521,0.0009305411508106583
161522,0.0581132919566259
161523,0.0035174807608323055
161524,0.9953072892210593
161525,0.0009133545934539104
161526,0.1253061608191836
161527,0.011014771245224961
161528,0.0004957839681784871
161529,0.0011426342766079254
161530,0.0008522239522481352
161531,0.0027772123676567378
161532,0.9895106828568452
161533,0.0002990793145685375
161534,0.01009548947535645
161535,0.0005971390503993418
161536,0.00045351102348844256
161537,0.033940815181059
161538,0.036791743732247945
161539,0.0015848661260189326
161540,0.00035410588769010557
161541,0.006502661240843703
161542,0.00039611894207179627
161543,0.0023617830286386545
161544,0.000887556903272315
161545,0.005098913574534266
161546,0.00026340891774607415
161547,0.00021788854674017994
161548,0.0010014069515419462
161549,0.011248126260786301
161550,0.000575967727855289
161551,0.004925178032842307
161552,0.00073985854405955
161553,0.9865561104319731
161554,0.0002817444284786552
161555,0.0017775054935515637
161556,0.03542091919524872
161557,0.002386880123730689
161558,0.007336920907469876
161559,0.0002080759618087853
161560,0.009101431602123754
161561,0.00033893660694761323
161562,0.00555195340241678
161563,0.00015921066728775914
161564,0.9903673184013013
161565,0.001408260897458655
161566,0.002208983911170138
161567,0.0027180459114134127
161568,0.19329481685583663
161569,0.000673910205921783
161570,0.003915448641062203
161571,0.002642055615469906
161572,0.012325567275849495
161573,0.0006563195187497272
161574,0.004911447712633057
161575,0.0018696965014684394
161576,0.00043431455166581664
161577,0.000424732559000414
161578,0.000511005951303074
161579,0.0008723259930802357
161580,0.0007280522632352309
161581,0.06000109260084674
161582,0.0005839691445263023
161583,0.0019402993358527414
161584,0.03484724514865303
161585,0.005355739195449062
161586,0.9920114832428029
161587,0.001848698491162943
161588,0.9829107504775287
161589,0.0012573031674452866
161590,0.6766574857074075
161591,0.030774697936432473
161592,0.000290546405963225
161593,0.0052394480919810615
161594,0.3236301089630537
161595,0.0002943776255218294
161596,0.005282008800608449
161597,0.0004372791794861292
161598,0.0006410713460370866
161599,0.00031191124868858194
161600,0.06897549520293576
161601,0.0027897776043506618
161602,0.9779515139590993
161603,0.007611790215073189
161604,0.0011247096159260116
161605,0.0003915139774351928
161606,0.0004367687929879162
161607,0.0010362363941435917
161608,0.001631773703480881
161609,0.0008695533293805392
161610,0.00040035064463245625
161611,0.0018521747442480697
161612,0.003087476448518366
161613,0.9827176235211372
161614,0.005577026936523104
161615,0.0005258165823942175
161616,0.00050588281153275
161617,0.003126357495202442
161618,0.011075292021272479
161619,0.0023199696328218677
161620,0.0014275991038400452
161621,0.0026191737373698664
161622,0.00016943758885219645
161623,0.000696821540132094
161624,0.938421290801926
161625,0.0005921272273660344
161626,0.0003072428644135832
161627,0.0018922543644793997
161628,0.0003507192874206105
161629,0.9848613359005727
161630,0.010005314326016332
161631,0.00033963140452883563
161632,0.0015079522689955339
161633,0.0026783493197261453
161634,0.003028078391597948
161635,0.9893170297547076
161636,0.0003748398431052788
161637,0.0020302033226311756
161638,0.006189274946979733
161639,0.000671358927678629
161640,0.0018576099480547665
161641,0.0007144545632092423
161642,0.9848457918033156
161643,0.0012960699372370741
161644,0.0003599349222986399
161645,0.9896503031172954
161646,0.012835808288357077
161647,0.003710371181771677
161648,0.008854593332621504
161649,0.004169238285731081
161650,0.0014128511728362654
161651,0.037809476945826107
161652,0.00020303986486882772
161653,0.0009604801420447933
161654,0.9117512618985031
161655,0.00015923799660472353
161656,0.006832046075051895
161657,0.0008064790432495982
161658,0.9950470674266335
161659,0.0011359872978368697
161660,0.0004155735406828603
161661,0.0002778180508630364
161662,0.0004064211028217782
161663,0.0009586341783781856
161664,0.010900490935203894
161665,0.0005580074447898278
161666,0.00019679451629466455
161667,0.0010962815351705157
161668,0.000801670980201347
161669,0.9896348956735023
161670,0.00042977076596563006
161671,0.001066656220191072
161672,0.9973811660739483
161673,0.0009757680071792379
161674,0.003559501250520003
161675,0.00028961604877414957
161676,0.0005317278841518575
161677,0.0016690557339615135
161678,0.0005599643497620412
161679,0.00111629102717173
161680,0.0004800336210550716
161681,0.0022562917253711613
161682,0.0007755592301655437
161683,0.001820524824597913
161684,0.728323857387572
161685,0.0031784648913137283
161686,0.0009256857709911596
161687,0.00032988793716767155
161688,0.026409726377060433
161689,0.00021515402418266133
161690,0.9900332339738895
161691,0.0005907034931691692
161692,0.0010448850539644576
161693,0.00031665101883847634
161694,0.0015106902292443035
161695,0.0027991299601129002
161696,0.029878546585637506
161697,0.0001451190272970663
161698,0.06093910965341745
161699,0.061990732833972564
161700,0.005010691170763525
161701,0.0002166115814129005
161702,0.0018596468682910042
161703,0.0003444683312201858
161704,0.9940185748744136
161705,0.6996525083628771
161706,0.0009601465365313862
161707,0.00032575436111451783
161708,0.03637588211604402
161709,0.0006254584952537807
161710,0.00022547903457335956
161711,0.00041540463515821066
161712,0.001525381169900443
161713,0.0011708601029158706
161714,0.000264971381093736
161715,0.0010532305313883375
161716,0.005183389658556523
161717,0.00020876640333351309
161718,0.0003453520483795196
161719,0.0003269152944535722
161720,0.00036254483146078034
161721,0.00036498344991609503
161722,0.0007542278414731965
161723,0.0005387076415319616
161724,0.00025619057418557306
161725,0.0008056999422220239
161726,0.9888838979623938
161727,0.00037073519368504675
161728,0.000248762857323452
161729,0.027153456422593706
161730,0.0005330313480209485
161731,0.8215158341847952
161732,0.0009817179530129247
161733,0.001334425122656201
161734,0.009843839368074881
161735,0.000493886486619455
161736,0.990012042787047
161737,0.0005415982754559277
161738,0.04651442340398727
161739,0.0002830285430006309
161740,0.0002709097939760736
161741,0.9429827313708623
161742,0.0037979789381518787
161743,0.01346389159337629
161744,0.0003214370515791443
161745,0.0005755605833585633
161746,0.0006515628693753309
161747,0.0003952016051605327
161748,0.00030508108759723357
161749,0.0005438084077952089
161750,0.021882504028810017
161751,0.9850709581390865
161752,0.000236817909461956
161753,0.0003331829784836902
161754,0.9794095206312018
161755,0.003502591209308974
161756,0.00022535134949517156
161757,0.0050938952104533
161758,0.9853009983706318
161759,0.0006137209532023772
161760,0.004383955777999835
161761,0.21080619625869979
161762,0.11335550739353799
161763,0.0028200507796007396
161764,0.0019240378652084587
161765,0.0049662332032507014
161766,0.0018673119915503247
161767,0.0001483780127949942
161768,0.0009674054431170915
161769,0.0006088227726025187
161770,0.02629983920416617
161771,0.05140898120829249
161772,0.0007188924248005186
161773,0.9916647440269667
161774,0.0006251772687156089
161775,0.045915482040437244
161776,0.13975659951061795
161777,0.0007386439569569306
161778,0.000383565474088686
161779,0.0004197020861470543
161780,0.010218998127822468
161781,0.00023818567869632491
161782,0.0013618243087054188
161783,0.0009201732657978345
161784,0.0004065774814208457
161785,0.005188397623456156
161786,0.00023206524282091097
161787,0.002006081911949397
161788,0.00048035536928477286
161789,0.03146371210762698
161790,0.0004335547454226481
161791,0.009694891189587353
161792,0.019569044794079306
161793,0.11033173543772726
161794,0.0391635551127885
161795,0.00012801092031412085
161796,0.24442167447173882
161797,0.00018074285135255569
161798,0.9923006762958221
161799,0.0006119198829927209
161800,0.07758562755523642
161801,0.0008091790738493754
161802,0.0016073326797464975
161803,0.0016273380443511656
161804,0.000999497315624212
161805,0.0016698583080588377
161806,0.0008754405798168439
161807,0.003521296594644726
161808,0.06593946310082927
161809,0.0003896800059957759
161810,0.00027162707864557793
161811,0.9978220571180624
161812,0.9140416210680249
161813,0.0006305490822874732
161814,0.0003230890075777992
161815,0.00029303433855531303
161816,0.00020146726199006757
161817,0.09309465221889786
161818,0.01015048937557611
161819,0.014863787019886575
161820,0.0008740892125709735
161821,0.00821217154829062
161822,0.0005433367136813247
161823,0.028425398359253153
161824,0.0004943181201714896
161825,0.0045880217283025574
161826,0.0012920354209830945
161827,0.0005037843645011521
161828,0.0006949405794368102
161829,0.007636065254753981
161830,0.008648293392151589
161831,0.0003370943742130257
161832,0.000796537803923893
161833,0.00031240486294299924
161834,0.0269040677610284
161835,0.0014645542241101058
161836,0.008935508342761354
161837,0.0020273987164964764
161838,0.0030444856119273326
161839,0.00012871692830973677
161840,0.0003031460588360402
161841,0.001057124197724568
161842,0.0018484287294492758
161843,0.008840516914511898
161844,0.0003405079379154521
161845,0.00022454649364915262
161846,0.0016625505244978092
161847,0.00034186009586478707
161848,0.45361331563471824
161849,0.8927748148085408
161850,0.0015388077854306247
161851,0.0018121437128543604
161852,0.00024175491008278935
161853,0.0011201807391651515
161854,0.00021870707434735597
161855,0.0001532356766515506
161856,0.0003286342464097765
161857,0.9961606077059686
161858,0.0005226667278749675
161859,0.0004270096524686618
161860,0.12557606428410614
161861,0.001655257396532189
161862,0.000317022254801017
161863,0.029137088710323392
161864,0.0006952536121314976
161865,0.9509790633591765
161866,0.0005398185560552919
161867,0.0006267988858155809
161868,0.9900577531507555
161869,0.009002882740117195
161870,0.0012160701332630775
161871,0.0071070522500511725
161872,0.003398889510902604
161873,0.0002152431499868773
161874,0.011381632347023317
161875,0.0006974053872631966
161876,0.06955574341078118
161877,0.9842819337194629
161878,0.00417096157489538
161879,0.00045830887272932445
161880,0.0018336145426627367
161881,0.0017026766116105395
161882,0.0009338912531285801
161883,0.0002279474619264184
161884,0.000292418528293505
161885,0.004667103381753788
161886,0.00023038068956627517
161887,0.0004029970813062189
161888,0.004641547727336989
161889,0.0014339019414087765
161890,0.00935749948532754
161891,0.00019884606966846978
161892,0.010122473935612832
161893,0.007175400235016698
161894,0.0006714540542971228
161895,0.0005560558611623735
161896,0.005416019866871874
161897,0.025217782230900106
161898,0.0006522936281360163
161899,0.0015345372455152911
161900,0.00022881840226231882
161901,0.0002912596445510743
161902,0.005943270993254806
161903,0.8142220258840183
161904,0.00042278451527847256
161905,0.001391634538673694
161906,0.0015528832125533984
161907,0.0009115789045179104
161908,0.0007459615278063889
161909,0.1788907476715727
161910,0.9550149653859173
161911,0.9760819642926104
161912,0.0004797944496905529
161913,0.0009749845757785702
161914,0.0003799834664333687
161915,0.00043406742980343937
161916,0.0019984950415204883
161917,0.0008951254298879225
161918,0.0005474580365770695
161919,0.0029268280936905885
161920,0.009511111182199692
161921,0.013346880539854172
161922,0.00030736659902105726
161923,0.012721550103245369
161924,0.000496939643981927
161925,0.00022405431211543534
161926,0.000953675365098752
161927,0.00032158459539297546
161928,0.001094538480573848
161929,0.00031943064140009194
161930,0.01735949721178176
161931,0.013433579811749018
161932,0.00684472505411599
161933,0.9926814261043814
161934,0.0007242776095692147
161935,0.00018917110841985306
161936,0.9962375555941714
161937,0.003086390540703157
161938,0.001826073071553667
161939,0.000984482273640745
161940,0.0024956155458719788
161941,0.012307665811527863
161942,0.008121570296887495
161943,0.0006619792823675773
161944,0.00033337637718715177
161945,0.9912342812368283
161946,0.006995678770575096
161947,0.01436551089336978
161948,0.0023116932804749697
161949,0.0003351023862054918
161950,0.0015531953505359506
161951,0.0005884647544684753
161952,0.994750797474676
161953,0.000643461934064999
161954,0.013584678224427492
161955,0.0004215684659091357
161956,0.0022042970428174536
161957,0.00041080926089275243
161958,0.0032132308331035745
161959,0.0003337732944414772
161960,0.00023133134544349565
161961,0.0004303966068480962
161962,0.0010719427195950491
161963,0.0004899356197722105
161964,0.9101223392268203
161965,0.01749944749016711
161966,0.0006049800173003797
161967,0.00039930057591410796
161968,0.003228762461317894
161969,0.001142341681060007
161970,0.0012179631338690964
161971,0.0002829892125215196
161972,0.00041273600895005996
161973,0.00024519142262014663
161974,0.000881359011261508
161975,0.9953692822013348
161976,0.09066073470112188
161977,0.028460338030771783
161978,0.03574331602073405
161979,0.0001407619043386384
161980,0.0007509032034099187
161981,0.0007750903868891879
161982,0.0004640536651647355
161983,0.000344474487736267
161984,0.00041363543272508903
161985,0.0008349296431704427
161986,0.00059714434156386
161987,0.000189462561528625
161988,0.00012819164396151727
161989,0.0007037304273908361
161990,0.0004272448441556792
161991,0.00021647484298112647
161992,0.9941513243781137
161993,0.00021087709015516477
161994,0.00024952330024358003
161995,0.0003821752459402623
161996,0.0004471023297522495
161997,0.00024416388222877776
161998,0.0032511769094246998
161999,0.9956237707937726
162000,0.0002633547996185273
162001,0.9713859592110968
162002,0.002932576595038665
162003,0.00029329135203243613
162004,0.0049191437667767315
162005,0.011784961600384997
162006,0.08506182262152248
162007,0.004153645436100319
162008,0.0008728765543502364
162009,0.0016035637912969922
162010,0.0002723454618953348
162011,0.0001602796165823485
162012,0.0004572163458583071
162013,0.01758020031466914
162014,0.00024055031899793675
162015,0.0057625702853329585
162016,0.0005067583130395299
162017,0.0007955565339911158
162018,0.00016911900188615732
162019,0.8531453287602715
162020,0.006686399097516182
162021,0.0026163995469596904
162022,0.0004265515298087835
162023,0.0001736260891010933
162024,0.0018196404718375206
162025,0.008581274121252841
162026,0.0005260734298791664
162027,0.00019759073614614928
162028,0.02036580079057824
162029,0.00026142519142533524
162030,0.9946575811493665
162031,0.00044263052669765945
162032,0.0014299644815930473
162033,0.0007755242520394837
162034,0.00809429239565579
162035,0.0007019404839414831
162036,0.15952883876596785
162037,0.007107926262244055
162038,0.005428001226437916
162039,0.0007898748540165599
162040,0.00016766455395812304
162041,0.0013832584754262048
162042,0.0016204047018345737
162043,0.0001645220123763162
162044,0.0005749370675647104
162045,0.004814142581322969
162046,0.10451927142565061
162047,0.0003455690377378021
162048,0.9882317409778739
162049,0.0003922636306593233
162050,0.0011221604041709464
162051,0.00098809934338569
162052,0.0005401696910772692
162053,0.0094417812546693
162054,0.0006074973367464632
162055,0.0006333190671686567
162056,0.0006135207809485739
162057,0.001402070801884623
162058,0.0003273832606472241
162059,0.00025997041133740223
162060,0.8002492089150819
162061,0.002463903076113719
162062,0.005954500106074333
162063,0.01155642844025749
162064,0.000930422549560261
162065,0.004664283972664476
162066,0.00032909543972756914
162067,0.00038170471686138494
162068,0.00043219233917207934
162069,0.0008011105123585963
162070,0.261121433187389
162071,0.0003689434905572841
162072,0.0016580210752106302
162073,0.0038893622834079997
162074,0.0010539344251056673
162075,0.00030198338650574735
162076,0.017489890996918493
162077,0.0032137882091984554
162078,0.0004992881706115159
162079,0.001506457587481197
162080,0.0005461596746271065
162081,0.0005637856792050034
162082,0.016422859837994803
162083,0.9896099763766805
162084,0.02111274279306113
162085,0.0019134243105465877
162086,0.005165338476037779
162087,0.001422745079009986
162088,0.0005916861692196076
162089,0.03785426592777635
162090,0.17601270806218045
162091,0.00016300370591151994
162092,0.024477431551324362
162093,0.002139903649127783
162094,0.4697208762657852
162095,0.0002502332388026945
162096,0.0004673899801429629
162097,0.023598871410116743
162098,0.0012805962502670269
162099,0.0005468493734291907
162100,0.00017629687267455113
162101,0.0011822543253507938
162102,0.0012440195876142549
162103,0.00039779062551948845
162104,0.00027382924074607554
162105,0.00022029523343794472
162106,0.0012500153211721487
162107,0.00012521854566177617
162108,0.0003022516496268737
162109,0.003629613476830487
162110,0.9956948694212153
162111,0.0011524660772407633
162112,0.004460196586394293
162113,0.0008609394867790541
162114,0.0011398425440176329
162115,0.00023605304535928353
162116,0.0009164751560878443
162117,0.0007341539406849892
162118,0.0002901892856170352
162119,0.00047625718013576937
162120,0.0008886522991715211
162121,0.0003870189496056858
162122,0.0002746370567790051
162123,0.0014278983220455664
162124,0.0002866441157147155
162125,0.000984439349256988
162126,0.9756820956447269
162127,0.0024557033762698673
162128,0.0003498719628862036
162129,0.0007173545419754583
162130,0.0015231099942183746
162131,0.0033153034407628497
162132,0.003266353076435569
162133,0.0004401695345078705
162134,0.0002282709757251632
162135,0.0022419918003084
162136,0.004508955039661583
162137,0.020328186198617235
162138,0.0006037503175478966
162139,0.000130811430919462
162140,0.00043146303793527627
162141,0.021741137903401896
162142,0.0003945398047520826
162143,0.00011390022097134997
162144,0.00022538059629860719
162145,0.017905645958484883
162146,0.006622714919725977
162147,0.0008999505182246193
162148,0.00019408999137936976
162149,0.005798029200653737
162150,0.9896915885097063
162151,0.00019140926755475284
162152,0.00020817420941675864
162153,0.0001734550921028546
162154,0.03167469900487365
162155,0.013130313487284032
162156,0.0003436503575735409
162157,0.0011542449579609638
162158,0.010786788335896538
162159,0.020284349295104975
162160,0.0005193676773663174
162161,0.00023202172681203648
162162,0.0005109395686524332
162163,0.00540482770939959
162164,0.006180526014917776
162165,0.00168924834699993
162166,0.0014902602914017497
162167,0.048024342463166426
162168,0.00031380132526953136
162169,0.03893705172828448
162170,0.0021450460612053614
162171,0.7050667460900267
162172,0.0009854362875259127
162173,0.006498499331507093
162174,0.025660746533724434
162175,0.00037019759054385395
162176,0.0006399496816788718
162177,0.00022926593936961736
162178,0.8834408922638363
162179,0.0005360800983187679
162180,0.002916107792569225
162181,0.0003819068279367121
162182,0.0006854566471212704
162183,0.0018420969351677864
162184,0.0010468641760396059
162185,0.00022380984242690658
162186,0.03470542672365957
162187,0.0002717320201803414
162188,0.9865667276809182
162189,0.0002897529856464406
162190,0.9781653653166239
162191,0.0006507226460289178
162192,0.0006015479043223213
162193,0.0010512286280196404
162194,0.00030249786313666787
162195,0.002128791912041517
162196,0.0002312051734350473
162197,0.002590694080776992
162198,0.0003573831079107572
162199,0.0007561117100185296
162200,0.0008456487954536497
162201,0.00043111724027119065
162202,0.004482507712162482
162203,0.001277115008102743
162204,0.00023027543047126156
162205,0.008947656383053228
162206,0.00032787782103695876
162207,0.0005492390185381266
162208,0.004083990726985381
162209,0.002437832088859387
162210,0.0003567145699387331
162211,0.00048647906553581733
162212,0.0009005826224365212
162213,0.00018603952858596006
162214,0.9949412288428451
162215,0.0004240598572418788
162216,0.0005307130698777038
162217,0.0003659354511959397
162218,0.006820308630092358
162219,0.0009327697548810803
162220,0.19974637863692832
162221,0.0004032043039228789
162222,0.0007582433720557901
162223,0.06520672487444358
162224,0.00020699939022990056
162225,0.0006023066061541565
162226,0.0002715560918589401
162227,0.0006561379126857038
162228,0.46555238388255227
162229,0.6379238980662748
162230,0.9851773301700846
162231,0.0002944239514972057
162232,0.00014962382614300962
162233,0.000758030242233025
162234,0.003437667902424355
162235,0.0014632490438476926
162236,0.006725177466616752
162237,0.009455365629064728
162238,0.005586074991659834
162239,0.0004167510708576317
162240,0.019719278381630023
162241,0.0012678420966260745
162242,0.0002528682758375658
162243,0.00027303253792304637
162244,0.0006383193002346419
162245,0.0029397147098425063
162246,0.0011107809041643873
162247,0.009952826934903401
162248,0.005367590610027991
162249,0.007319807369071314
162250,0.00024187475307566847
162251,0.00040396284356890793
162252,0.029098160132094007
162253,0.9017718548539063
162254,0.0006211844198892692
162255,0.000552680584681944
162256,0.05730804636889414
162257,0.9850376695199047
162258,0.07610093414715277
162259,0.00018444475034436251
162260,0.0125918661717523
162261,0.0019137413765842916
162262,0.09402981456623281
162263,0.00907549864193988
162264,0.0005611869168530451
162265,0.010227278501707895
162266,0.0018772635650252973
162267,0.0012528770101091007
162268,8.720632137933852e-05
162269,0.00035601936327711787
162270,0.0017195655994243595
162271,0.11741142937554601
162272,0.9923892749129339
162273,0.001126974020647298
162274,0.0009931014279510983
162275,0.0002677280159006916
162276,0.00010556579108594656
162277,0.000330787603356194
162278,0.00034657053608560916
162279,0.0016462545237941244
162280,0.00047987239643861626
162281,0.00610223020246818
162282,0.0014917122811471234
162283,0.0005412289500019686
162284,0.0005139120245554276
162285,0.002007730180278891
162286,0.010882925767703578
162287,0.9961637149085629
162288,0.0008892585488341983
162289,0.010924475158667828
162290,0.0008454558766385997
162291,0.9864869327513016
162292,0.00020917557772815977
162293,0.3671392264176659
162294,0.9862875479861586
162295,0.0005164983229013074
162296,0.000217321331408515
162297,0.030354490649180842
162298,0.981092381557968
162299,0.000322160382478228
162300,0.00039617125497068265
162301,0.001847556530125105
162302,0.0008182531728424763
162303,0.0102412669939586
162304,0.00017862251794401987
162305,0.007343429362440571
162306,0.000314808646754295
162307,0.0009316079041451045
162308,0.00037797084465346337
162309,0.0004154253652510684
162310,0.01561800767907318
162311,0.0003152266246033171
162312,0.018503212177583238
162313,0.00013098225316432327
162314,0.000439284219327942
162315,0.000566340654448425
162316,0.0006951146744903922
162317,0.0006174385995642284
162318,0.002100062731104055
162319,0.001843703398955969
162320,0.2070042871449837
162321,0.0001628337622384552
162322,0.009596403343528565
162323,0.0003236475607440419
162324,0.9880878973771936
162325,0.013076663974280218
162326,0.0006258544782750011
162327,0.005111869584114367
162328,0.000266720949700279
162329,0.012144778253054366
162330,0.016907039574581645
162331,0.00024182530549576433
162332,0.1755295859947666
162333,0.001068844955999555
162334,0.001560742847328109
162335,0.0027339425305469255
162336,0.0017992269858891137
162337,0.00013963718813202192
162338,0.013213023474924424
162339,0.0033317847936613306
162340,0.0006752193268523324
162341,0.00028333861350436987
162342,0.988723171774329
162343,0.0008538762172039385
162344,0.0003227698489161401
162345,0.0014620376069703772
162346,0.0002611978979492504
162347,0.0007080325098011892
162348,0.00027349423117668814
162349,0.006571091778562614
162350,0.006387569364833067
162351,0.07514624366803652
162352,0.00043899151708568765
162353,0.00014596352584249567
162354,0.0034992387567895603
162355,0.001433711748281683
162356,0.0007639043361525228
162357,0.7839470629799853
162358,0.016452974850687484
162359,0.024331476549719525
162360,0.0014259433425184407
162361,0.008500345871757011
162362,0.0008556471962119697
162363,0.0006879566281640896
162364,0.0040205592675418836
162365,0.00023672410648730935
162366,0.9789631219007209
162367,0.0005430568577472707
162368,0.0002487786583003982
162369,0.0008627585383118199
162370,0.00039217441013036236
162371,0.0007726813349353422
162372,0.00027931880899203615
162373,0.000971638479916097
162374,0.0005953510926180743
162375,0.0002859290104463439
162376,0.0033915037886630022
162377,0.000167903368394236
162378,0.0001847401044508677
162379,0.0019046727405440712
162380,0.0003215433727333201
162381,0.001202483641440795
162382,0.9460379792933721
162383,0.4390787088813446
162384,0.0028823086132466267
162385,0.0014034499412336726
162386,0.00019482761885580973
162387,0.00013731819704834586
162388,0.04710045003319072
162389,0.0003682589528813077
162390,0.00045969301194190765
162391,0.014814310234019112
162392,0.3059567470412172
162393,0.0002518595361422617
162394,0.0003891429176811852
162395,0.0002378652481885915
162396,0.00030905129211832017
162397,0.0003677943860906948
162398,0.0006467235034823392
162399,0.018111864008478744
162400,0.991534205535006
162401,0.0006261402902875941
162402,0.0005561665781388966
162403,0.0030692532723130845
162404,0.00031240015688286505
162405,0.00019423403236004468
162406,0.0683629438576852
162407,0.002119530262346891
162408,0.00143472428765393
162409,0.001642305458054938
162410,0.00039489528034577
162411,0.0017616870484820617
162412,0.00019526835793936558
162413,0.001207859795140962
162414,0.035216147529768295
162415,0.0016653168013269356
162416,0.002827819074917835
162417,0.003694667717368305
162418,0.9854100937827062
162419,0.0014002936494399538
162420,0.005733296856573257
162421,0.6675564280877934
162422,0.0003420402742369668
162423,0.0006198529023251545
162424,0.0009736173777255905
162425,0.00017260490040465896
162426,0.02920689018078315
162427,0.0019330476717426518
162428,0.0009592488989765059
162429,0.0003613217601768934
162430,0.9846917170856936
162431,0.00030060106388949347
162432,0.0002791355035055816
162433,0.0006524764791666946
162434,0.006584445624565218
162435,0.006697927295389994
162436,0.005909527803834193
162437,0.0024400363823533057
162438,0.00032257783472578513
162439,0.9906722021695613
162440,0.00035551185977981227
162441,0.0005070934119719313
162442,0.013854955472191385
162443,0.0015935263652868288
162444,0.00033382762327619403
162445,0.0056845352638986105
162446,0.011332730701191696
162447,0.00030199752267667687
162448,0.004656826655609547
162449,0.0005312942188515803
162450,0.43121081975755626
162451,0.0018206771286855838
162452,0.0005745181173308954
162453,0.9957263263784805
162454,0.00033882717112008825
162455,0.0024261513943911648
162456,0.02911488205297165
162457,0.00044536288616466686
162458,0.001225889326586871
162459,0.004159343188051904
162460,0.000871998434387959
162461,0.0003299228037743277
162462,0.0017628226985388301
162463,0.00019434976717250526
162464,0.00029562270185430134
162465,0.0002398586698249236
162466,0.0007565393984500106
162467,0.0012902501830669704
162468,0.0009288531215130947
162469,0.002037980325990867
162470,0.00204934528666909
162471,0.00044065994562625003
162472,0.00012670524268716324
162473,0.0017854772057139814
162474,0.0002606687438594253
162475,0.0015166133587915893
162476,0.10134030267952747
162477,0.0029729585381565024
162478,0.019879501720916355
162479,0.00038530313085087374
162480,0.00027456555148135694
162481,0.0018149087622938136
162482,0.0013377124488909468
162483,0.09055309364978432
162484,0.0007878727958715526
162485,0.0005054805629295623
162486,0.9928771648475152
162487,0.008662824793381546
162488,0.9915750757199855
162489,0.0004135559029951007
162490,0.0012866181103504066
162491,0.023133579705745137
162492,0.0011275597764457248
162493,0.9400820682634509
162494,0.0003977574234538074
162495,0.0003987959623975859
162496,0.000653398690307417
162497,0.0011832872312861921
162498,0.00027750217568664974
162499,0.0008161062232671524
162500,0.005611521048564303
162501,0.0003322398333382911
162502,0.0007282457978443727
162503,0.000757527310587772
162504,0.0021402519007179747
162505,0.06378923598055199
162506,0.0006105848209419522
162507,0.001695753480896744
162508,0.0022771028195800774
162509,0.003987493373011856
162510,0.030813826982166722
162511,0.009335094952204038
162512,0.000255996730331203
162513,0.9876634917698309
162514,0.9346162837537286
162515,0.0029530394659333698
162516,0.0007356546540166326
162517,0.00022364169983738984
162518,0.001966568375252317
162519,0.011067333374885503
162520,0.0013263013589572736
162521,0.0043060007176375596
162522,0.00034287288424310385
162523,0.0018396008574705545
162524,0.01167405405405353
162525,0.0004695219495383876
162526,0.00025422988805918855
162527,0.0002623817955658879
162528,0.9949447227767149
162529,0.0020179778468792067
162530,0.0001319081866503344
162531,0.00046440809321658205
162532,0.00040950460487961893
162533,0.14154556703566998
162534,0.14693100700982822
162535,0.0007521399789386039
162536,0.00046010680353958947
162537,0.0002134228128693656
162538,0.0015092837274346303
162539,0.00037169965767345413
162540,0.0021496322376530646
162541,0.0009094684111943651
162542,0.00029387870314191315
162543,0.9768245304849796
162544,0.0007074237356290471
162545,0.0009032733326414086
162546,0.012150515098016101
162547,0.0002774087943254683
162548,0.018241983636777207
162549,0.0018647833242501153
162550,0.00046097266416133935
162551,0.00018543686714115777
162552,0.0014549747637377748
162553,0.0015642783993029847
162554,0.0374275322502935
162555,0.0001784311760290002
162556,0.05216773708107723
162557,0.00021992498914290412
162558,0.10723239349405642
162559,0.032858115213236956
162560,0.386570800836158
162561,0.0002657294266182109
162562,0.9813209317699609
162563,0.00015678762201671564
162564,0.1447210966763833
162565,0.0022301309223981525
162566,0.0019006167497045933
162567,0.00025084336087174785
162568,0.9863425416794315
162569,0.0014753584759309296
162570,0.00024085534675373843
162571,0.00023667942189990453
162572,0.00020594590622430924
162573,0.0046665829192945015
162574,0.004063976060540375
162575,0.0020720203757019157
162576,0.00038617106562701135
162577,0.00043140132473448543
162578,0.013078199666381385
162579,0.00017026680105424193
162580,0.03332837473748723
162581,0.1963258435410599
162582,0.00027207193971974595
162583,0.004553819888389663
162584,0.01604613078442674
162585,0.0006767493616913395
162586,0.002115937926972459
162587,0.0002414481202267694
162588,0.000644191569804426
162589,0.0438019957423035
162590,0.00022135373656285775
162591,0.0019426807765708974
162592,0.00045347529555971413
162593,0.0007136970170128155
162594,0.0007758151743947553
162595,0.0008341532060637759
162596,0.018536242373509308
162597,0.00028487083994264755
162598,0.006886978900086476
162599,0.0004783849835254103
162600,0.0003231891484558406
162601,0.00943756358800162
162602,0.039415268539652375
162603,0.02280922241632861
162604,0.0015657075744196043
162605,0.9954556097913745
162606,0.000322707708046961
162607,0.00037807918631193823
162608,0.000278343436779562
162609,0.00017823270901720203
162610,0.003636065080608076
162611,0.0011894964507543886
162612,0.0003921246152050581
162613,0.010776790976954664
162614,0.9931486545934615
162615,0.00912517978751421
162616,0.00022022162229532458
162617,0.0023259766901572196
162618,0.9405731615665675
162619,0.9915430829586331
162620,0.9810374301616234
162621,0.0004130926265969756
162622,0.0021941330850645206
162623,0.0009736713078477708
162624,0.0011664923375897525
162625,0.0004792569834279352
162626,0.00039985828392359433
162627,0.020693137441411765
162628,0.0012536868198129724
162629,0.0010313649183688646
162630,0.007202504265134419
162631,0.0002819314702028545
162632,0.00020843625021546865
162633,0.0014833103485327327
162634,0.0001803534677421852
162635,0.9794196144690177
162636,0.012866127190982082
162637,0.0006724747955341598
162638,0.0005659369284428797
162639,0.0005442877152564514
162640,0.9840603560596165
162641,0.005668407204646024
162642,0.00024423196731588465
162643,0.0004819454527401655
162644,0.0027470300078435827
162645,0.0011037180687484224
162646,0.0003356038534223416
162647,0.9905215541102658
162648,0.02584031573397145
162649,0.007996229543769152
162650,0.00041815732454807705
162651,0.0013719838347196899
162652,0.0001032091486407339
162653,0.017595234174408635
162654,0.00012022370515942967
162655,0.004698791243903612
162656,0.0010576305150123621
162657,0.044946667191877954
162658,0.000653288905971587
162659,0.006750707996822363
162660,0.0006168367872459807
162661,0.5685902610445952
162662,0.0008061903768121804
162663,0.0002802309236223052
162664,0.0019147408653063806
162665,0.0003347365435304741
162666,0.0016825776846594192
162667,0.00651165880779665
162668,0.00020578759598403827
162669,0.00043588147363223683
162670,0.00137600668821969
162671,0.00040754974312259286
162672,0.0009574654577758543
162673,0.08884944069129364
162674,0.012351438557332018
162675,0.0005313325514190712
162676,0.006854436039038495
162677,0.011814127561466617
162678,0.0005132970575635386
162679,0.00016180990108673616
162680,0.0002603710227692658
162681,0.0004705668199169677
162682,0.00016756972464060277
162683,0.007852241303345726
162684,0.031579419996301344
162685,0.0169573245041436
162686,0.7688692906254303
162687,0.005305803400849321
162688,0.0004992304386965054
162689,0.0013426166312470332
162690,0.019551776925878363
162691,0.0030872797942931283
162692,0.001291337827881561
162693,0.0006370055211879928
162694,0.000840739739148306
162695,0.0004644772126311821
162696,0.0005433214371612467
162697,0.0005395754939263096
162698,0.0003776524182101462
162699,0.0002560049324757082
162700,0.00040243254353469293
162701,0.000722074996215214
162702,0.00026903530303831085
162703,0.00038602211706640065
162704,0.0007222961158626477
162705,0.0004919802541631686
162706,0.00032648275419408946
162707,0.005146365946181526
162708,0.0044640111487538854
162709,0.0003324938923573899
162710,0.009657636151032394
162711,0.0026863339358051833
162712,0.040346608591064814
162713,0.00036158209213050315
162714,0.00012888446184355527
162715,0.0012130254174139887
162716,0.988892080255294
162717,0.0030434475944255135
162718,0.0027079164109860324
162719,0.9902115441969893
162720,0.00018942316373668885
162721,0.9487630940960048
162722,0.0008401910334692214
162723,0.0002621667583680138
162724,0.004245460925702442
162725,0.0007673674851250213
162726,0.00033663047516968353
162727,0.00038459408602169485
162728,0.0031171207601390855
162729,0.002818156462297309
162730,0.0001969823360680266
162731,0.0006342641472616244
162732,0.00012177924755417514
162733,0.00340549299478933
162734,0.00041999341591136255
162735,0.0007507459015034528
162736,0.00022537066117286092
162737,0.9881306362630172
162738,0.0008404900400466185
162739,0.0006625012151879481
162740,0.0036637632588444134
162741,0.01434972482494692
162742,0.039987637666005306
162743,0.9958772816939425
162744,0.0005855370862505353
162745,0.00027910338198062806
162746,0.0034231578855522106
162747,0.0005583512461368196
162748,0.00399233581532002
162749,0.0014010570082964315
162750,0.00045741341714553545
162751,0.001230216858865806
162752,0.00020382528145595078
162753,0.000448981575177303
162754,0.0013706871929129055
162755,0.002543035477637259
162756,0.0006967146694650089
162757,0.00035642917352466915
162758,0.0013002182075230904
162759,0.9883889869801191
162760,0.0028108687652983327
162761,0.0027950013467042435
162762,0.9927530001789477
162763,0.0019960956475672596
162764,0.0022099995630655853
162765,0.00030326983016440174
162766,0.0005675283894897772
162767,0.0064061354883523615
162768,0.0002634078575922327
162769,0.0007288053075196372
162770,0.004597001643979023
162771,0.00037092137987528983
162772,0.008031061346510267
162773,0.9737922947494576
162774,0.9861451175445318
162775,0.007719368315429234
162776,0.00012348633293718508
162777,0.0004254567952837276
162778,0.0031492069527661462
162779,0.01786490752980485
162780,0.0005605562504597452
162781,0.0009042393389453554
162782,0.02470005591471241
162783,0.0009440234026730676
162784,0.002295386951034524
162785,0.0008934234931939751
162786,0.0008947282679251723
162787,0.0004906907213981099
162788,0.027955262707399606
162789,0.00027229124534160833
162790,0.00029160163137414844
162791,0.00014332329996231806
162792,0.000587549693203315
162793,0.0005525028107943067
162794,0.0001512840431224166
162795,0.000850186835008794
162796,0.0033654402070873906
162797,0.006390789520669589
162798,0.00041585273179157463
162799,0.0012104785127059724
162800,0.0003491380893220226
162801,0.0007409449561741169
162802,0.001604529685526821
162803,0.006215078052144658
162804,0.00014995578221684746
162805,0.0016003769313091272
162806,0.02910631400160556
162807,0.045406677312969136
162808,0.9910319648334011
162809,0.0063377843853809485
162810,0.00048135814710275265
162811,0.0001957136439892174
162812,0.010331766163567322
162813,0.002024156350681545
162814,0.0007158312586375799
162815,0.00020472615001904587
162816,0.31870124073579637
162817,0.0005252597596007199
162818,0.013795230548631882
162819,0.00310821530527715
162820,0.022270955841072314
162821,0.0024324002782574214
162822,0.7426369687718501
162823,0.02995009739851729
162824,0.001090629800142968
162825,0.04009395260720995
162826,0.9728741688548451
162827,0.00019727000665571777
162828,0.012260878571728322
162829,0.00010325971991102667
162830,0.001133182209807948
162831,0.000908725757758993
162832,0.00043330987356728393
162833,0.9831960745223336
162834,0.000298921354352535
162835,0.98105026592765
162836,0.07326777012090178
162837,0.06438635463312979
162838,0.0007639655047776603
162839,0.010405239104664564
162840,0.2979660909980088
162841,0.0006745091089634198
162842,0.0003211477450896653
162843,0.0007476185026499156
162844,0.00115036367445036
162845,0.00044156068734164315
162846,0.0003766268460154324
162847,0.0005043629938169158
162848,0.0005280655799771762
162849,0.012506177391505884
162850,0.0003081356381057489
162851,0.04473768662652301
162852,0.00014799764521330504
162853,0.01905525636763464
162854,0.0006304863299439426
162855,0.00027974347374643346
162856,0.015248805934459897
162857,0.0008613987720456646
162858,0.00016300644023793903
162859,0.2782884225701191
162860,0.0034836246630204457
162861,0.0003608052525763574
162862,0.9954053425592184
162863,0.0001703669175264547
162864,0.0026993090780560993
162865,0.0015607554600019257
162866,0.0003812417242754918
162867,0.995813924236244
162868,0.0001839165314331267
162869,0.02209654407626128
162870,0.0003474150711234439
162871,0.0008413461224436883
162872,0.0006928471692954784
162873,0.00019634908444710614
162874,0.012452984138101102
162875,0.0005285221216123416
162876,0.8439792170731764
162877,0.0005074569611352283
162878,0.0003426592509859216
162879,0.0015830142158314848
162880,0.993652870269213
162881,0.9913725856617154
162882,0.003451389261500638
162883,0.002640575304379686
162884,0.0005867865587598431
162885,0.00028719960588162485
162886,0.0013470826310339275
162887,0.009166442924261302
162888,0.7249691982752424
162889,0.0004330781387864086
162890,0.0024997867501963425
162891,0.0011771727056744624
162892,0.0006034308885601306
162893,0.00036426259676762296
162894,0.03320637279741811
162895,0.0004263972429244662
162896,0.0007316570734364288
162897,0.019541953174993586
162898,0.000826284443116384
162899,0.0041167265472825875
162900,0.000578619394598125
162901,0.0003071314399500197
162902,0.001530039025060049
162903,0.00037868255354862
162904,0.03686216128084943
162905,0.992304788260306
162906,0.0008070043639334859
162907,0.00037862999597038506
162908,0.0016003585094424516
162909,0.0006738509984215112
162910,0.005192285280762852
162911,0.00015149466076613897
162912,0.008293731344207448
162913,0.0019304921967471462
162914,0.0006226670320896683
162915,0.005935842826221657
162916,0.0011086059630440897
162917,0.0019853664480192195
162918,0.002024546694394873
162919,0.00036241151594997007
162920,0.001309839165463076
162921,0.9315429730842149
162922,0.017894652880897182
162923,0.9830010724417128
162924,0.0009769798084014558
162925,0.0010657639934533222
162926,0.00046762754002939834
162927,0.0012108871015458309
162928,0.002068292916201486
162929,0.04975492637396472
162930,0.00023114158948165137
162931,0.002508117749839149
162932,0.9944571375315309
162933,0.004426148628660243
162934,0.0005211675655483823
162935,0.4893635524302274
162936,0.036252208242872494
162937,0.004487858566780301
162938,0.00017309405201571895
162939,0.9589267392981897
162940,0.0030898123246868216
162941,0.00021698031444298426
162942,0.0015231519085788807
162943,0.0007301920268171832
162944,0.0004667936698804933
162945,0.00020479058869719906
162946,0.0008239495468349056
162947,0.015102113854197144
162948,0.0021019582726203444
162949,0.0012782337611758478
162950,0.0009679850153566106
162951,0.05738587493506893
162952,0.0003185865530250171
162953,0.00034806850123289383
162954,0.00022206190130277475
162955,0.0028348208162225163
162956,0.0002562159517429499
162957,0.03126220388035671
162958,0.0009278778873810501
162959,0.000332443823545324
162960,0.9922331650594823
162961,0.9677543945125466
162962,0.0005164159000765865
162963,0.0030422490718393287
162964,0.0018604872738175742
162965,0.0012931061827570266
162966,0.00031974073470434467
162967,0.00036283286782211403
162968,0.00010187694713895602
162969,0.9935638444316338
162970,0.003686554441545988
162971,0.9879453031005757
162972,0.0005933845213593127
162973,0.00031062421595353474
162974,0.0004487619793132308
162975,0.0010062420971721807
162976,0.00032536049115856295
162977,0.9944346728738879
162978,0.004772129513554614
162979,0.05385657254101061
162980,0.002481951874323293
162981,0.013301040919948206
162982,0.0010249306063034003
162983,0.0005245528660238793
162984,0.0043831060426956815
162985,0.00030322969346638026
162986,0.00031897627986984074
162987,0.0023695155539672163
162988,0.0006274802022113035
162989,0.028544893466193207
162990,0.0031941241744154955
162991,0.9828727597831837
162992,0.00021500966512539064
162993,0.0011814353527166003
162994,0.9848218876160074
162995,0.00038350804747777243
162996,0.00023199616698366907
162997,0.004188386357332228
162998,0.0004445255725688052
162999,0.00027631985636105316
163000,0.006353251405634174
163001,0.002134982667269055
163002,0.0006418719967288041
163003,0.00023534315328993855
163004,0.06691483199891855
163005,0.0006850107940469975
163006,0.006387584839348496
163007,0.0004312583965792965
163008,0.000840119544800292
163009,0.0948272312800834
163010,0.00039957930875748985
163011,0.0015758320785902932
163012,0.0004739805808657966
163013,0.0010355165648833885
163014,0.0021789395491664918
163015,0.0006537962956555424
163016,0.000551359654843049
163017,0.002456799883384458
163018,0.00024315623583179668
163019,0.003280862144821857
163020,0.00016289899293692948
163021,0.0011428789126598467
163022,0.0007620425837948928
163023,0.00039319865116409485
163024,0.0001794656000140122
163025,0.0039011006487058276
163026,0.0034997463147484783
163027,0.0002954961274504211
163028,0.00029313880078860125
163029,0.0004388226065304982
163030,0.001973643763322644
163031,0.0003963739593775755
163032,0.00031110868868826965
163033,0.010621204547285965
163034,0.00023155338840705967
163035,0.010479712395559082
163036,0.00018278140041290492
163037,0.00039939062167992066
163038,0.002932194290333105
163039,0.0002382923969348719
163040,0.004251856507553875
163041,0.0008255641192404226
163042,0.0012353941395965042
163043,0.00011956381615446051
163044,0.00034280476946284993
163045,0.0009766707555561545
163046,0.0018377585133393633
163047,0.006895030090203702
163048,0.0008565092061130125
163049,0.017882523793126777
163050,0.001888435508228658
163051,0.0007215433733054248
163052,0.0005071035727235244
163053,0.0007324002687169011
163054,0.0026565547127011657
163055,0.10621421681430977
163056,0.0002560881362960011
163057,0.0001565776539948285
163058,0.1571084524063892
163059,0.0008526151153247776
163060,0.0032417454625744114
163061,0.00016716655961036535
163062,0.0035740460668659086
163063,0.98287950264576
163064,0.10029800724566713
163065,0.0014019601230413252
163066,0.0532009382433995
163067,0.00037054105339259287
163068,0.0007137263121531403
163069,0.9827832285707743
163070,0.0003697911209901168
163071,0.03033749413616281
163072,0.0003116525423537863
163073,0.0036726632889652767
163074,0.9897491148634711
163075,0.0015806066948629643
163076,0.0005100063384690915
163077,0.0012259288952229251
163078,0.00022220575011508222
163079,0.03394900269942162
163080,0.0004946447248232423
163081,0.017502877146445647
163082,0.0015962988135188648
163083,0.018733582367604716
163084,0.9602080761465
163085,0.8441177884511272
163086,0.00719048501162027
163087,0.5932130289995503
163088,0.00024208244008297258
163089,0.0013052150609312446
163090,0.00047612689681413657
163091,0.031450599018256274
163092,0.9838444386670452
163093,0.00014844633992207898
163094,0.902666657023267
163095,0.001768337225918331
163096,0.003050280230246755
163097,0.001392966795148014
163098,0.0002406010368088978
163099,0.000321734907698252
163100,0.0013399193844301507
163101,0.032855007648255836
163102,0.0017980984761431533
163103,0.0014744301535833467
163104,0.008263185056454351
163105,0.0005046347137459522
163106,0.005825718692303783
163107,0.000587545489078369
163108,0.00046575208507490285
163109,0.9812893867638921
163110,0.0002422447294070505
163111,0.00038869511977367643
163112,0.0005322277220901003
163113,0.00022393510995005094
163114,0.008441577612939016
163115,0.0005294327741427653
163116,0.0031743185431773384
163117,0.0029346077538870098
163118,0.0003978421622796936
163119,0.8684444361212939
163120,0.003493701659493454
163121,0.0014073640857645087
163122,0.0005800417264583553
163123,0.9886444078294696
163124,0.0026774456775763918
163125,0.0005769823115583164
163126,0.9927900595450321
163127,0.0005158081565664811
163128,0.014970929352973412
163129,0.0007445918848321557
163130,0.994493829286227
163131,0.000569581227796692
163132,0.00220265527529139
163133,0.0007113209143042575
163134,0.00017945469567047645
163135,0.000669736875317177
163136,0.0016874223567825654
163137,0.0006821309423692196
163138,0.00021528600851980484
163139,0.21478811563144723
163140,0.0003437484464805284
163141,0.0012549424642083146
163142,0.00029253995297259875
163143,0.00041721429423552625
163144,0.0016323958361806308
163145,0.0026371294062657352
163146,0.0591888402033441
163147,0.00032538824402612865
163148,0.9940902179861406
163149,0.014057475118154403
163150,0.0002231124666200638
163151,0.00418144394320641
163152,0.02883930104461668
163153,0.0004644257019348247
163154,0.0021155707995623683
163155,0.15565239144577045
163156,0.00028561014995468197
163157,0.006296421830893167
163158,0.0008699636737132688
163159,0.0014080799360067803
163160,0.00019510829181966757
163161,0.02659833058045817
163162,0.0015663738508327456
163163,0.00039808417812976635
163164,0.0025856384573244968
163165,0.000403161176150791
163166,0.0005268271919346794
163167,0.9945497697864855
163168,0.0017184658200562544
163169,0.0003839149383708689
163170,0.007863717921444087
163171,0.6049066256040541
163172,0.0016723517984584713
163173,0.10540069715353065
163174,0.0038826368075420285
163175,0.9909161515490059
163176,0.0249567250084617
163177,0.0003461879326676274
163178,0.0056166442924594825
163179,0.0006496210120102718
163180,0.0022124915163528993
163181,0.01400803050870056
163182,0.0004839354832966934
163183,0.00032833795987884497
163184,0.0008981770410633864
163185,0.11046397231019559
163186,0.000712097520287818
163187,0.024347532518720984
163188,0.010783297957990486
163189,0.0010436551290099738
163190,0.17962193895825937
163191,0.000593524410964318
163192,0.000935285073784627
163193,0.026382139775771446
163194,0.0002581944693504691
163195,0.00032958475690948795
163196,0.23169306190913003
163197,0.9932407692139514
163198,0.0006970979165993851
163199,0.0015387352134676525
163200,0.04683237454743554
163201,0.0014103582131955162
163202,0.839121512433381
163203,0.0009205345997595507
163204,0.003213223061968019
163205,0.0006061603621618049
163206,0.00025565732289878736
163207,0.0007594079665502269
163208,0.00027014114119973886
163209,0.04367309224276249
163210,0.000290551239574465
163211,0.9931163058548883
163212,0.0011882589780171495
163213,0.004276406485734579
163214,0.0012054865600780514
163215,0.000834811694347609
163216,0.011786172750474142
163217,0.0006761152847245198
163218,0.001132541753641579
163219,0.009057955189271143
163220,0.9941503587997984
163221,0.9761864946891275
163222,0.00040416027038686614
163223,0.00044394025082781743
163224,0.01524241515660423
163225,0.0029254711306747243
163226,0.0007861820728544418
163227,0.002092767093430141
163228,0.0010691123475919204
163229,0.003244473217464861
163230,0.0002018007743410193
163231,0.00054564668398577
163232,0.005603703900047343
163233,0.011493995441292827
163234,0.9895934039299362
163235,0.00034190921553057233
163236,0.00047448820115407285
163237,0.0002618626980153328
163238,0.3799910177064459
163239,0.004280432380645468
163240,0.001065944409796328
163241,0.00013152058850152834
163242,0.9923866127029441
163243,0.0004134328987319345
163244,0.9944484462671707
163245,0.0010368636247486207
163246,0.001522684376304531
163247,0.000523524218798961
163248,0.11438775246668827
163249,0.012831726494781705
163250,0.0023437296167056164
163251,0.0010005105038918196
163252,0.0003032073467363559
163253,0.00028806884592560137
163254,0.00032656593457095737
163255,0.0009316772112951857
163256,0.002290840379466617
163257,0.00014716839344412072
163258,0.00041631944213206795
163259,0.004890024039219315
163260,0.00016124670618488158
163261,0.005201807318615573
163262,0.002329864277783253
163263,0.00047800331907110126
163264,0.002030655891902938
163265,0.00035656785207424543
163266,0.00025787728933741996
163267,0.05600007787636798
163268,0.0001997559043953078
163269,0.0056037960670675905
163270,0.00012207659432975613
163271,0.0011028237334352777
163272,0.00022927237523885787
163273,0.00024812769186540883
163274,0.00026113177571467403
163275,0.0007017091036935765
163276,0.020329266037808616
163277,0.0009713921936248971
163278,0.012182272434529356
163279,0.012106157284315088
163280,0.9842253602778558
163281,0.0001438194552635774
163282,0.0009054887178823767
163283,0.00021453182431344312
163284,0.0006430343967368115
163285,0.0003326767432600722
163286,0.002498327240509653
163287,0.00032357070987261254
163288,0.0007256185076920917
163289,0.000153461573680721
163290,0.0024313152655400182
163291,0.008459778257307444
163292,0.010079106855825406
163293,0.0006257736089014845
163294,0.8987454675578131
163295,0.00034910911352347595
163296,0.0029709705294014214
163297,0.002087520792736526
163298,0.0012108222905932444
163299,0.0003525524789482702
163300,0.007095093717207348
163301,0.0010874888660113626
163302,0.00020938345178829213
163303,0.0009857108600024795
163304,0.006626012804533528
163305,0.0009640267537284538
163306,0.0016679550900974079
163307,0.0042207263573259355
163308,0.9818318357297429
163309,0.0008189469623797867
163310,0.00019081440034227187
163311,0.9956407055965248
163312,0.0009094347573111215
163313,0.0008136460475944416
163314,0.9958760792398388
163315,0.0075580951103013045
163316,0.0002578546142159895
163317,0.9898629444631986
163318,0.00033798573758527444
163319,0.0005373196759534914
163320,0.00014657892399519122
163321,0.0007703402634507075
163322,0.0010464803112073535
163323,0.0005465613579275963
163324,0.005940035591054154
163325,0.001073453909683315
163326,0.001449236594359851
163327,0.0020699827363962996
163328,0.0005715425055249761
163329,0.003568192249823115
163330,0.0048265608163071665
163331,0.07277979576200706
163332,0.001002218960735276
163333,0.32968678419045677
163334,0.002348386000359125
163335,0.8978512219709621
163336,0.001940793417743778
163337,0.004231225651932042
163338,0.041800630337649934
163339,0.002046225806475633
163340,0.04167951650179161
163341,0.00031255287514013615
163342,0.004140519530365022
163343,0.00314433539582346
163344,0.00967071455095748
163345,0.0007416755519555203
163346,0.002529576172147767
163347,0.017844364377050004
163348,0.005780858787482778
163349,0.00024426666366972696
163350,0.00013258422553312404
163351,0.0007588831667879058
163352,0.0031711153579267897
163353,0.0007686892947324743
163354,0.001301778081670261
163355,0.00039621410437380114
163356,0.0024374536961651936
163357,0.0009111866067304787
163358,0.00044235219278126797
163359,0.02453715187868478
163360,0.0071874753027970535
163361,0.0013221037516767497
163362,0.0006767519252030815
163363,0.0009057662156053343
163364,0.0003059686883336684
163365,0.0005722482106970621
163366,0.006531209303611613
163367,0.0012917256672969712
163368,0.012822461818092254
163369,0.0002611936753577617
163370,0.0013260907764713773
163371,0.0003539455354786314
163372,0.005702847023220048
163373,0.000284107528197786
163374,0.0011029824701113305
163375,0.0005975539734309882
163376,0.000586887977946086
163377,0.05154765866773739
163378,0.0004559175214471527
163379,0.0017193686000992175
163380,0.0002923003656493098
163381,0.0009099223126669949
163382,0.0008193174032601792
163383,0.0024607373148606768
163384,0.0003814094011086228
163385,0.0006092963441281529
163386,0.00014762257497356396
163387,0.0044687904311262825
163388,0.01809336926175181
163389,0.0006456636712580394
163390,0.01495550585631889
163391,0.00028064584022505776
163392,0.0010623749741445784
163393,0.0014340444542916039
163394,0.0004546235824171022
163395,0.12498546317686504
163396,0.0002853070510927272
163397,0.00018407957473703783
163398,0.008649332934647702
163399,0.0004978908062935708
163400,0.8501717144367225
163401,0.00019106466944892095
163402,0.0006452593414355967
163403,0.0002765815881586454
163404,0.0006162968659061603
163405,0.00017832164378096598
163406,0.08154473529754269
163407,0.0019015293873140167
163408,0.0004411135551720802
163409,0.013022397988026926
163410,0.9791873281918236
163411,0.00027749331510006314
163412,0.0004705226565200302
163413,0.003040308051357744
163414,0.025521312493676306
163415,0.0003609971938933471
163416,0.03398914753325634
163417,0.0003505365536985589
163418,0.12237516568019596
163419,0.0024713183307749115
163420,0.0008702091130493978
163421,0.0002237798424283353
163422,0.00033399734563037853
163423,0.00029088293767205536
163424,0.0006941309162042556
163425,0.0013069118033461914
163426,0.0003236344735803899
163427,0.009480848852928284
163428,0.9917045864897626
163429,0.00024382900081410734
163430,0.00030076521429390265
163431,0.0012302116032225073
163432,0.0005454738430971687
163433,0.008539222472831313
163434,0.9816091476263147
163435,0.0003538767665622336
163436,0.0018903328662000056
163437,0.00017345511993027745
163438,0.012712845938394852
163439,0.033250703796448
163440,0.002117727872478107
163441,0.0031458304022404515
163442,0.00033695034406161316
163443,0.0008677137521063385
163444,0.03584434613476967
163445,0.00025582185239266084
163446,0.0001874684655202096
163447,0.0010163857864703971
163448,0.0016949574383576418
163449,0.004905819422597879
163450,0.0009704968277134455
163451,0.00014405226506557142
163452,0.0016432066337145634
163453,0.00043345035389198494
163454,0.0018048753863747883
163455,0.0007211955399401335
163456,0.00020431038416507383
163457,0.9797043903600898
163458,0.00024357635059793096
163459,0.0017160637009215104
163460,0.0010831197626001681
163461,0.0017136704365127162
163462,0.9876307454976673
163463,0.0004256263932903978
163464,0.0006429541517818128
163465,0.002912968928193984
163466,0.00037570378893279
163467,0.00191356285502502
163468,0.00036860227626100804
163469,0.0004236964072863353
163470,0.0023449731140547576
163471,0.03292129359092607
163472,0.02888044185601975
163473,0.0008796229558258953
163474,0.0005891785649603
163475,0.8211241763064504
163476,0.0006190228580295206
163477,0.08383119195771396
163478,0.0016314598625451664
163479,0.9899313602728467
163480,0.0004058425287072043
163481,0.0005551819041203801
163482,0.9924318021530709
163483,0.006337305878537936
163484,0.0009435562920883172
163485,0.10681047296775925
163486,0.021062966426227785
163487,0.4061418496019877
163488,0.027302743133556455
163489,0.0025602793279609687
163490,0.0035437236252271512
163491,0.0002194183210791422
163492,0.0010943056482793623
163493,0.21491908835870588
163494,0.0040020913613550415
163495,0.023488761232880954
163496,0.9915442406261173
163497,0.00032159306414509056
163498,0.0012481877119782183
163499,0.026101610317729448
163500,0.010867386501160188
163501,0.00026335024331817754
163502,0.03386874220784654
163503,0.0006029788106940459
163504,0.0003804604030030041
163505,0.0022498390868580472
163506,0.014224181772558193
163507,0.9909702872429913
163508,0.00031445596824658095
163509,0.0013333648518104762
163510,0.043219066383401485
163511,0.00030411930291604126
163512,0.014346999142380662
163513,0.0003177150064488374
163514,0.0003713813919248972
163515,0.00020148852930856756
163516,0.0008892474918496908
163517,0.009152019489920341
163518,0.00287318929805659
163519,0.0028217083132578012
163520,0.0001391470757964983
163521,0.000618976662319641
163522,0.0003320650236315797
163523,0.0005771460347745671
163524,0.0035600076115284056
163525,0.00031782794880132073
163526,0.010769663966797079
163527,0.7827713837892685
163528,0.0005038420423470028
163529,0.0025277193551316397
163530,0.9912053391972772
163531,0.00018918976323602154
163532,0.013284508111816655
163533,0.00025834690038880985
163534,0.00021874544047236426
163535,0.9906573385145785
163536,0.0021172949052253895
163537,0.9389182747637222
163538,0.9915931892205423
163539,0.04700849889868864
163540,0.7525059657297585
163541,0.00025183351213529313
163542,0.00017739910324072116
163543,0.00017183700899370098
163544,0.9830820901293056
163545,0.015286775125591096
163546,0.0010260984985467389
163547,0.00022495591572483807
163548,0.005107492288157281
163549,0.0017319164944174484
163550,0.0005071955986509591
163551,0.002488160512376202
163552,0.00039897978981007383
163553,0.00039505357772043884
163554,0.0006828112355447507
163555,0.001219020462196075
163556,0.013725104667546931
163557,0.00041130604069647365
163558,0.00042859868818580286
163559,0.00010736774301670238
163560,0.0038824182211802173
163561,0.000654734261056044
163562,0.0031486317459016393
163563,0.00264135573514222
163564,0.001034952330357651
163565,0.01649858267650512
163566,0.0002660192662438418
163567,0.00030555366284025395
163568,0.004676490712417538
163569,0.0015282722497968952
163570,0.00014713854792708063
163571,0.9956753549030694
163572,0.04516867934493879
163573,0.048432323742586915
163574,0.0019312427361528877
163575,0.009065704562776371
163576,0.02919493136797011
163577,0.6781531244604895
163578,0.0016491360297025094
163579,0.02732516342281546
163580,0.00031765809125592395
163581,0.001928166218020656
163582,0.004118988481376256
163583,0.0003137670506585365
163584,0.9868196831874724
163585,0.0002133548640425401
163586,0.032806198147443705
163587,0.0010074673133982223
163588,0.00020532275520842967
163589,0.0008566139164800008
163590,0.00024901364645566176
163591,0.016813814025444757
163592,0.8196727566614319
163593,0.027938577940463328
163594,0.003105554947569778
163595,0.00011348268056336054
163596,0.00020336316788074972
163597,0.9977837281952991
163598,0.0026072199745374555
163599,0.0018833781966162877
163600,0.03005304695933502
163601,0.0009964288774289578
163602,0.9918227495586446
163603,0.008899590872926792
163604,0.9865834888696847
163605,0.0003947125044568166
163606,0.00035721259774974795
163607,0.008167647001526869
163608,0.0019199960538731661
163609,0.0004181405725360195
163610,0.00017452800308701393
163611,0.0017296789214288882
163612,0.0008021888844132371
163613,0.0005882419707250031
163614,0.001759371223726921
163615,0.0010798077704640412
163616,0.0002149425280996169
163617,0.0010974740115439463
163618,0.02822384074584046
163619,0.013523509088858238
163620,0.0004284567122217045
163621,0.015274411922074616
163622,0.9872163715115139
163623,0.01675194990431061
163624,0.9851628743012404
163625,0.03405521042424081
163626,0.7855381188168558
163627,0.00050444946409751
163628,0.03515086714239322
163629,0.9919232991415209
163630,0.00013199233431208617
163631,0.9756970634784208
163632,0.012208319533682706
163633,0.00017226784736649507
163634,0.01849391271250503
163635,0.007831465052198732
163636,0.0024848618926245035
163637,0.00030079119069061766
163638,0.0008059338962813822
163639,0.0005126245623245605
163640,0.0015333850112605328
163641,0.022550618964091985
163642,0.00042963388124417373
163643,0.9953224040405094
163644,0.0015221075082502153
163645,0.005320446785760691
163646,0.0007202444859038445
163647,0.0004593491331122661
163648,0.9968660063244011
163649,0.00016666590065397924
163650,0.002977015072541027
163651,0.0028905081547742437
163652,0.0004002210774527674
163653,0.9966281233656885
163654,0.000639061226170852
163655,0.0005799955732905064
163656,0.000271045587518667
163657,0.00047383892927854574
163658,0.00012204860541399339
163659,0.00018172008975924384
163660,0.9833940853214466
163661,0.0002936676774035822
163662,0.07116956003800111
163663,0.00717094931194523
163664,0.0036555171460842346
163665,0.0003243256080670804
163666,0.03628010573265764
163667,0.001671633587770452
163668,0.006046678997046021
163669,0.014333924188308419
163670,0.0007435392224718966
163671,0.01076486459399245
163672,0.0013223900615451012
163673,0.0020523776075804514
163674,0.0003895478175412045
163675,0.0005482464826241817
163676,0.00031804280809679254
163677,0.0001315841424280828
163678,0.0001405948932094098
163679,0.00023419795654723162
163680,0.0008977507687097812
163681,0.008830579730045909
163682,0.0002768485877963613
163683,0.006680500334563574
163684,0.0016718768769498412
163685,0.007843985325183066
163686,0.0002059242094831428
163687,0.0009279773390512237
163688,0.0012845542398029445
163689,0.0021296561032877687
163690,0.008737091087322712
163691,0.0004430483065179513
163692,0.9906524342503373
163693,0.00027887613227121173
163694,0.00047864061791818435
163695,0.0017934611090833572
163696,0.9287233069278318
163697,0.001197789359896337
163698,0.001034610991047313
163699,0.0004580814170719028
163700,0.0008550045636665471
163701,0.4232930432183081
163702,0.00024338572674971953
163703,0.9909427728654725
163704,0.004212033542570554
163705,0.0003274465247038299
163706,0.0014504029877778148
163707,0.00018742281361833064
163708,0.0037434010093778908
163709,0.0032442352102375342
163710,0.0020431130970672245
163711,0.0009669435412119111
163712,0.0007664288917541226
163713,0.0002647822873352683
163714,0.03605473504376116
163715,0.0049131842424464806
163716,0.007293163285330594
163717,0.9899225094085261
163718,0.0023353880749627503
163719,0.00027970621412940687
163720,0.00023961153811819807
163721,0.0019964862869744143
163722,0.0005907743785191162
163723,0.013193763818098956
163724,0.0003299458198837439
163725,0.0001724477956949312
163726,0.0008098205867626871
163727,0.00308716097561919
163728,0.7007716275445315
163729,0.0003626993042175502
163730,0.00025732785288935334
163731,0.0003590978693037606
163732,0.0011323286827628661
163733,0.055266161292254305
163734,0.0003383708099807056
163735,0.0004963309478208587
163736,0.011279083162525011
163737,0.9948015413028934
163738,0.000632396235449571
163739,0.0007704745330949401
163740,0.002199060758161814
163741,0.0003105287756318496
163742,0.004457708456553111
163743,0.0005122203497109806
163744,0.0005428684338060564
163745,0.0001933672237136608
163746,0.0020791744289430656
163747,0.0010789593226095762
163748,0.0014353006258590788
163749,0.03818925174256063
163750,0.0006150094529909014
163751,0.001430141106604465
163752,0.00345678165742931
163753,0.00025410800555602077
163754,0.00015531154315020192
163755,0.0009835171686643864
163756,0.0006577635700803513
163757,0.013719173372534095
163758,0.0002630631392015536
163759,0.0010832540781407776
163760,0.0009344488558569075
163761,0.0008446299285460986
163762,0.0010446692665300958
163763,0.00028932901353380267
163764,0.0006788194212405185
163765,0.020800756953309876
163766,0.0021218921237951285
163767,0.9818818714941364
163768,0.15363784914948658
163769,0.0003577918791416665
163770,0.0012308100341668798
163771,0.005498186709349671
163772,0.12810702536999086
163773,0.0019404805274056535
163774,0.00196435817633844
163775,0.0014006143972823755
163776,0.014773506373613474
163777,0.0001945472069302204
163778,0.003467473302234463
163779,0.0006709974521452735
163780,0.9921471509108036
163781,0.002122309516162131
163782,0.0016309427734681285
163783,0.0336839344207964
163784,0.001620572970449901
163785,0.39067050979584594
163786,0.0021654700877643987
163787,0.0003672584650848136
163788,0.0002893030147466737
163789,0.9957635749330117
163790,0.00021939757340504575
163791,0.00027171781196397553
163792,0.00035151675182016365
163793,0.004913825164549137
163794,0.9936498916327808
163795,0.00031065108683129807
163796,0.004459781669472063
163797,0.006003362286939991
163798,0.001039192240235855
163799,0.0009555598418677683
163800,0.0002211467308180142
163801,0.994706076774046
163802,0.0004171594026983131
163803,0.0033018782874589736
163804,0.0015509187341020201
163805,0.0002706739901705889
163806,0.9859712788747363
163807,0.0012676914655774098
163808,0.006408981845444726
163809,0.004904876642161331
163810,0.019044428341160647
163811,0.004949489882260773
163812,0.0001392439377296154
163813,0.9962161336712428
163814,0.0014703930894134462
163815,0.0006352479283619303
163816,0.0015806270382228392
163817,0.0005038700106580452
163818,0.0001693449612101052
163819,0.024258540648166106
163820,0.0004641683807585155
163821,0.0001412158276286139
163822,0.000315758729024201
163823,0.000667266725322844
163824,0.05255307274945279
163825,0.00026602130409590223
163826,0.0012997738016294216
163827,0.9740047974319669
163828,0.0017078247632239122
163829,0.007978684713334678
163830,0.9947392003979518
163831,0.0003035480438296876
163832,0.007973786511141195
163833,0.9902123097070652
163834,0.0013052196128492768
163835,0.019083201430653042
163836,0.9908111299564456
163837,0.0006632884517747741
163838,0.0034220207792027063
163839,0.012983204128452634
163840,0.0006660940485487965
163841,0.00014394066719238072
163842,0.002657457532607034
163843,0.003164172243188942
163844,0.0003106085156940622
163845,0.0016700640093199194
163846,0.035842514973365165
163847,0.00021954366808682726
163848,0.00571341097134833
163849,0.011957762844371236
163850,0.0003825242436143567
163851,0.00015284257252608382
163852,0.003418530081378974
163853,0.008607656084277177
163854,0.00021754564171461545
163855,0.0008369848019671854
163856,0.0007225516442300151
163857,0.0007251913758876938
163858,0.00014687347372756984
163859,0.053560025285122985
163860,0.2542206179028017
163861,0.00016938530903672566
163862,0.0004124760001757017
163863,0.016128169388075007
163864,0.00020812779843841356
163865,0.0034722324260753807
163866,0.00047289623182082897
163867,0.0010937040256170925
163868,0.0008983586354212252
163869,0.0007135780484739509
163870,0.0006633291317032882
163871,0.0001279770588178252
163872,0.00014053372636123419
163873,0.0012400855063440788
163874,0.9898653946984128
163875,0.0012648666138091666
163876,0.0023399657146835114
163877,0.2670380903475749
163878,0.0005088195625689103
163879,0.042620701493103194
163880,0.996885006336726
163881,0.05721908609620577
163882,0.0003753690379070703
163883,0.0007654625565001987
163884,0.00017206335864103595
163885,0.0008514880889132113
163886,0.0014473207246499431
163887,0.9660578366390951
163888,0.0005101143264485818
163889,0.0003993901584314577
163890,0.04082933543264189
163891,0.00020051943748676388
163892,0.02190303537631787
163893,0.013216371514280432
163894,0.0023385133325399677
163895,0.005553484813107551
163896,0.0006296245273516542
163897,0.00014765929550662865
163898,0.002365525642540122
163899,0.0006798890925775567
163900,0.00045212444447030354
163901,0.001631756163966978
163902,0.0016878006140220697
163903,0.0007691274687802789
163904,0.00025305305425058286
163905,0.00012944045920723643
163906,0.9893698537213454
163907,0.019971049488911347
163908,0.0002942637281288539
163909,0.9942055177607118
163910,0.0015517657379421007
163911,0.00045556267132577146
163912,0.0010332143799301865
163913,0.9943546143195563
163914,0.0023111451056672767
163915,0.9907015256494303
163916,0.00031219069440068973
163917,0.002278368382691273
163918,0.0002393623208653846
163919,0.0028078473767673045
163920,0.0011028092375168458
163921,0.001404040971521819
163922,0.1163943024873885
163923,0.0004225894374792336
163924,0.00015574926821872658
163925,0.006321841656079558
163926,0.00045616554580934175
163927,0.007821864779707557
163928,0.0001824475019734173
163929,0.0012522053525067217
163930,0.023645921272174242
163931,0.0006525144717395654
163932,0.0005103575705441174
163933,0.0009431689438535515
163934,0.00043291419884500297
163935,0.0295154580967451
163936,0.00041351062369094255
163937,0.0011949280247065305
163938,0.9595132252839194
163939,0.006594499353485097
163940,0.00046978072389791827
163941,0.006592751562038816
163942,0.8154511532226801
163943,0.0001502323014118502
163944,0.9959693671956693
163945,0.013990216825837593
163946,0.00031929672606339983
163947,0.00023871626686618798
163948,0.0002726507440511785
163949,0.0002288865074428345
163950,0.6403645153301472
163951,0.006650865100988709
163952,0.0004883938125661357
163953,0.013478907064598363
163954,0.006337227500398076
163955,0.0004844301521542701
163956,0.00037709929935102855
163957,0.0009416524602473992
163958,0.0003053066243261457
163959,0.0004950554895400477
163960,0.00024420106537107096
163961,0.0006582740526224854
163962,0.0009573710821620355
163963,0.000754368102235709
163964,0.00018467962945954968
163965,0.000269775950713957
163966,0.005932628793976297
163967,0.0002736112713274974
163968,0.0006693797676698167
163969,0.000814040623459366
163970,0.0010521457350362857
163971,0.006799015248466476
163972,0.008154813678407324
163973,0.0016046713796097909
163974,0.0009531053207675644
163975,0.0001823859691461246
163976,0.00023739835782504034
163977,0.9910255711231679
163978,0.0009735435041495931
163979,0.0003514976938550921
163980,0.012076849547549352
163981,0.0019106723719580709
163982,0.9956332460341832
163983,0.013013200875963107
163984,0.9886690689081101
163985,0.0066293116798582016
163986,0.004212971626830528
163987,0.9347829160736119
163988,0.0016461795890654156
163989,0.003962019742259413
163990,0.055153908556253864
163991,0.0009276832041525418
163992,0.00056472876516688
163993,0.0033803006282799486
163994,0.0029766777498823073
163995,0.0005270404142442413
163996,0.00041505777039961095
163997,0.0009102381264014583
163998,0.16717917252396428
163999,0.00023723584601843085
164000,0.0004530764240192699
164001,0.0003910402801585321
164002,0.0005248409339907944
164003,0.00017969525938403197
164004,0.0002060681218866037
164005,0.9528096817532931
164006,0.031058752865997897
164007,0.989339564762077
164008,0.0012368707093295315
164009,0.0006303025505990858
164010,0.004282121400512065
164011,0.02073365958229489
164012,0.0011271367184835953
164013,0.0010191368723941486
164014,0.0002991663330245621
164015,0.00033186023100123687
164016,0.0002129219444635859
164017,0.0033033940009287474
164018,9.839174721817714e-05
164019,0.00073799235316851
164020,0.004957780908417737
164021,0.0005592012439409744
164022,0.0066491905969262195
164023,0.0020943800011436605
164024,0.0049005677356897875
164025,0.0738149194275898
164026,0.0034523137369584173
164027,0.0008869894009944187
164028,0.00022746590282268994
164029,0.032104752793073
164030,0.00036883094918042925
164031,0.0017078838973740133
164032,0.0002703492910109911
164033,0.0006582597142738644
164034,0.003082067480382398
164035,0.00021641390574982366
164036,0.0011291850199854033
164037,0.0009371504603329201
164038,0.0011555282184978505
164039,0.010185175002454907
164040,0.0032286981151577435
164041,0.00010803727867632821
164042,0.9850189118871279
164043,0.0009399291738439814
164044,0.004576741890011758
164045,0.0006479358475311482
164046,0.0005903648360368073
164047,0.0002925082682061946
164048,0.005055721619842972
164049,0.004907774289391758
164050,0.0024428760643824825
164051,0.0001131462660388046
164052,0.0016683983442079121
164053,0.000558667151455365
164054,0.002261762676469414
164055,0.000535364606207658
164056,0.005966707152826751
164057,0.0002641628369690632
164058,0.002166423188626187
164059,0.0005439781062771555
164060,0.002888926168489481
164061,0.040513410138765346
164062,0.0008879815485122794
164063,0.00035266400283690924
164064,0.00043947803477246636
164065,0.009684730113735829
164066,0.991238886415231
164067,0.9865632687342065
164068,0.0008197788201080141
164069,0.0017174186284039622
164070,0.9935395123636502
164071,0.017428409781580834
164072,0.0004766313004663594
164073,0.00019999843852682063
164074,0.00016237105724841894
164075,0.0004495084544621898
164076,0.992894838176969
164077,0.01031053156828854
164078,0.01470661712175354
164079,0.005322294415925666
164080,0.0003868523014045571
164081,0.000427956138399465
164082,0.0019432311776911588
164083,0.0035028845728954754
164084,0.00016613035777579473
164085,0.004387299896054245
164086,0.01961157136791702
164087,0.4208712194888792
164088,0.000220687303183128
164089,0.00037957753718315015
164090,0.006049114021744197
164091,0.02703075316977077
164092,0.008604332086965262
164093,0.0002127001185026723
164094,0.0004428590998072785
164095,0.00039687531953154064
164096,0.0006362871227954179
164097,0.0002775634297478263
164098,0.004274961097050607
164099,0.00025978438022132474
164100,0.0013009963576022846
164101,0.0002770858538629458
164102,0.001090834695438413
164103,0.02021904626414945
164104,0.0014951112641829697
164105,0.001194726488240695
164106,0.00039812163261543126
164107,0.0003447474272407922
164108,0.0043962167385617245
164109,0.00034304145506813935
164110,0.00024319187865673287
164111,0.00027586772833654066
164112,0.000252124578034943
164113,0.0015798054439838346
164114,0.00617243018624352
164115,0.00033003522496446433
164116,0.0011474241740646327
164117,0.0033888291398553047
164118,0.0002840689813882329
164119,0.0003369629340631891
164120,0.0001952484461294267
164121,0.0009846268043436073
164122,0.0035789385625831856
164123,0.00030356421084230605
164124,0.0018036046587423036
164125,0.00019383092919928574
164126,0.0021282736315372517
164127,0.00025844725096495696
164128,0.047484696668460974
164129,0.00032148563411268954
164130,0.00019353725249518202
164131,0.0006825388913937187
164132,0.6173127124079956
164133,0.025767226947143538
164134,0.000446182502632316
164135,0.0003079554447775966
164136,0.0002614619932599642
164137,0.00019535858501288112
164138,0.0012372101955081944
164139,0.0020008034008883622
164140,0.002375204070332482
164141,0.0037677966663869833
164142,0.0003005176341923237
164143,0.31242263841254675
164144,0.00037214942749020725
164145,0.0011080900500587659
164146,0.0001911576620835212
164147,0.0034023356369290297
164148,0.0004237827869927692
164149,0.00016435767248856815
164150,0.0003785024142368098
164151,0.006541618290388939
164152,0.0006510058164587914
164153,0.002450368794505035
164154,0.016977165381620543
164155,0.011498041198950752
164156,0.0014409552350788915
164157,0.0014298846098729566
164158,0.37526232992541797
164159,0.00016567089575490827
164160,0.0015309537060234158
164161,0.024317204940826724
164162,0.03245288545158876
164163,0.013416045794980368
164164,0.0005668960890976455
164165,0.0005776647129072842
164166,0.0007240491446455838
164167,0.010441160445909219
164168,0.986223337561851
164169,0.0007716010199721571
164170,0.03659544033756616
164171,0.0015060067143099134
164172,0.3990930560297825
164173,0.9953693175958869
164174,0.0006986409460546467
164175,0.003094925890049564
164176,0.011771316014213157
164177,0.9909292599970446
164178,0.0013821833072846083
164179,0.0005287934090176997
164180,0.0007800561164967906
164181,0.0022039578035306135
164182,0.0003754940947092457
164183,0.00025396632499833825
164184,0.00034353907902205135
164185,0.006140142725982704
164186,0.000622242472005386
164187,0.05370288274143437
164188,0.9909541760947981
164189,0.0002820691747009941
164190,0.00023863871796124897
164191,0.00030169108213553105
164192,0.0007190472106618919
164193,0.003827231617929392
164194,0.003528908414509347
164195,0.0005015585294261987
164196,0.15576070281119214
164197,0.0013375899346717986
164198,0.01277544892952643
164199,0.040452084635407955
164200,0.0007628444014920004
164201,0.017508455530367038
164202,0.005250252198991473
164203,0.0008359039816186652
164204,0.0012515663451087952
164205,0.008559704788118867
164206,0.0013761684962160644
164207,0.0005014274886465915
164208,0.6895808656115391
164209,0.00032410931110161186
164210,0.0005987329670697614
164211,0.0002363860261784029
164212,0.00026279106456510653
164213,0.0008157027073146687
164214,0.005712132633021608
164215,0.011608475046996984
164216,0.00020914676905296143
164217,0.0019394500957808196
164218,0.00029303012978264595
164219,0.9018920050638717
164220,0.00031603879761834256
164221,0.0009937587223299228
164222,0.0001664999834957858
164223,0.0002067003204578066
164224,0.020121887730720562
164225,0.002529235072566364
164226,0.00015842777492735893
164227,0.992586514875639
164228,0.004642796484560065
164229,0.0008442615874828216
164230,0.9966922793985757
164231,0.002311832949137867
164232,0.002092839733844403
164233,0.0003593602862167798
164234,0.0002698706466293403
164235,0.00031946948279962505
164236,0.0017681270403002486
164237,0.019177550340363527
164238,0.989979895617466
164239,0.0006764038560431259
164240,0.0002493701700968141
164241,0.00012277872206122758
164242,0.0011093187029905525
164243,0.00505958213542054
164244,0.04240235942615692
164245,0.0007189475924413262
164246,0.000738601264735836
164247,0.0006782441772170892
164248,0.0004610722707428111
164249,0.024628506605156662
164250,0.07867719291239536
164251,0.0006194365007613421
164252,0.00030143889715576706
164253,0.0004562814609933642
164254,0.0013347083241535582
164255,0.0005433402627416372
164256,0.001596632639829698
164257,0.007715438191164107
164258,0.002386769280216729
164259,0.057094604137191224
164260,0.00040615377094427085
164261,0.00014301247971924938
164262,0.0018005673204786682
164263,0.0006962950149714775
164264,0.00047339778361808244
164265,0.0006814013797530374
164266,0.9929921009738378
164267,0.0007033446017302486
164268,0.09794878719017822
164269,0.00022949093510472176
164270,0.0037819675588267082
164271,0.000244324421899568
164272,0.00967752570166656
164273,0.0009993644552742402
164274,0.0062956136842735565
164275,0.00023785684611528203
164276,0.017160957069981792
164277,0.00023679361321113406
164278,0.0015857750600675896
164279,0.0020110977743045054
164280,0.00035393978663829693
164281,0.0037732706228065225
164282,0.0015956312646496073
164283,0.00040232805777770837
164284,0.9908086295227254
164285,0.0009941439590607152
164286,0.02862098461217203
164287,0.0033585137635413122
164288,0.0004223975378805024
164289,0.0006804478934117914
164290,0.0003204725452175699
164291,0.0013391641036547667
164292,0.00041571525678590524
164293,0.9846752286133857
164294,0.0003596213003290383
164295,0.0007907277182948088
164296,0.00026566145671975434
164297,0.0006222536106677229
164298,0.009867149117339897
164299,0.0011903706596399213
164300,0.0007263968701191415
164301,0.0007510764673716792
164302,0.011610231404663218
164303,0.992965122450686
164304,0.005186300756272842
164305,0.018034003926250698
164306,0.9910251607107997
164307,0.039778618388402076
164308,0.007769354780331602
164309,0.00045328661918854116
164310,0.0005776357443574252
164311,0.02505211839049925
164312,0.0010433645636967106
164313,0.006043410603430044
164314,0.0023703979477595976
164315,0.000917146444913779
164316,0.01593414635137659
164317,0.000853423250433031
164318,0.0021168615701373955
164319,0.0019794984269080017
164320,0.0008159501006871566
164321,0.0011185487902316122
164322,0.0021107919301837255
164323,0.0002830569158924443
164324,0.0016628678531191382
164325,0.000518225386746827
164326,0.0007288168247090519
164327,0.0008043723980196381
164328,0.9942224196367443
164329,0.0005901716606913656
164330,0.000342551179813212
164331,0.0023802558251429995
164332,0.0012215531433559996
164333,0.0006846655209450984
164334,0.003312777053145962
164335,0.010898688668383224
164336,0.0005862338473680882
164337,0.0014383029807851614
164338,0.00029682953814982345
164339,0.00046306702377205047
164340,0.0009577526411307404
164341,0.0008128347768320474
164342,0.0007459637360152126
164343,0.005630332438415306
164344,0.001561521458675689
164345,0.00034436600995825875
164346,0.00014526904270244014
164347,0.0008774197113122079
164348,0.022934323662661415
164349,0.00639972551819627
164350,0.0018488395856434596
164351,0.0003939327641659527
164352,0.9895324264933845
164353,0.0005676863960716472
164354,0.012327871123883432
164355,0.003844521115487458
164356,0.000568251941042988
164357,0.15958689316912525
164358,0.0007820775419135627
164359,0.000367510784139148
164360,0.0001556522391845222
164361,0.0034870906340239657
164362,0.0002763683853299177
164363,0.00022609592757180948
164364,0.0015919266800290045
164365,0.0003411710816381472
164366,0.0003692545801588746
164367,0.0005288237409484959
164368,0.0003777035413319632
164369,0.9916325278297087
164370,0.008454550561895155
164371,0.0715623155208666
164372,0.020950611159879798
164373,0.00035528838708506446
164374,0.0002699685701773413
164375,0.0005721975638800348
164376,0.005440208038621742
164377,0.04563104086414698
164378,0.9881234856525788
164379,0.0003320492471796814
164380,0.0014039750905127484
164381,0.11099634663491996
164382,0.025979173255006115
164383,0.9944193798022007
164384,0.0001976057565566486
164385,0.0005294898483762839
164386,0.0004245521120468521
164387,0.030026245747833996
164388,0.0012439760422021532
164389,0.002429386604191343
164390,0.00046702165649145216
164391,0.0005433381192766844
164392,0.00012315302662943174
164393,0.017511378945011202
164394,0.0035152204408513583
164395,0.0004050007853150869
164396,0.03874898581577981
164397,0.000817913834240947
164398,0.0593854370617961
164399,0.008823995150410102
164400,0.00037513231859182905
164401,0.0017399558110869498
164402,0.00028124436440161277
164403,0.00021321590268643368
164404,0.9737725728546981
164405,0.03336452328451723
164406,0.0006363697817102346
164407,0.054527967709506485
164408,0.5498082989760231
164409,0.0011996344605020772
164410,0.0001406221385452759
164411,0.016568003041563268
164412,0.008185792797747875
164413,0.00599928147755187
164414,0.0007883355589523544
164415,0.0017007521519069515
164416,0.7304914413655607
164417,0.0004441799875306401
164418,0.006609675533749826
164419,0.04069701930179701
164420,0.00257124549811785
164421,0.0018601358871503557
164422,0.00014112522956991652
164423,0.006573707137207019
164424,0.0005615273176614856
164425,0.040462565725410383
164426,0.00012984481864053066
164427,0.9947889224541538
164428,0.00030970229464011225
164429,0.005243918644334319
164430,0.3340983254413164
164431,0.002455842863955604
164432,0.00027348182799231664
164433,0.00017889024418035683
164434,0.0006268028044345352
164435,0.04674698601946851
164436,0.007137419781547386
164437,0.0019418511354784124
164438,0.005119948009067971
164439,0.006691211888597478
164440,0.0036214807249214244
164441,0.9872795057360736
164442,0.00028229501542985163
164443,0.0011604656250202175
164444,0.01160286375745589
164445,0.27708064802501386
164446,0.006309658652441835
164447,0.3069572347428854
164448,0.0006452330491414092
164449,0.0021571444356150507
164450,0.0006196349278871384
164451,0.001129054877977872
164452,0.0003490737789782974
164453,0.011937287307044554
164454,0.004196448196383612
164455,0.0011557720265277876
164456,0.0008506150462186474
164457,0.00425774344173997
164458,0.0005724025051548874
164459,0.023485484083871955
164460,0.00037693780769003935
164461,0.00039135954566416644
164462,0.0010748306140841279
164463,0.0029069985446843567
164464,0.0005986110943250736
164465,0.00019672635874494406
164466,0.9848870109129472
164467,0.0031092960125348886
164468,0.00017736354268910168
164469,0.00038292196329067025
164470,0.0005706459912183631
164471,0.00032580221525810993
164472,0.00034430467394878933
164473,0.017842612362472046
164474,0.0001939063572517664
164475,0.009934481057326498
164476,0.003528476800488952
164477,0.9956380778069126
164478,0.003029058728317498
164479,0.0008765973722596074
164480,0.9869361705980492
164481,0.000967918365020934
164482,0.002988163776431918
164483,0.006238604862108894
164484,0.036715827351260104
164485,0.00015571046329332608
164486,0.0018007162516604535
164487,9.524085950157731e-05
164488,0.0014239141325914923
164489,0.0341733416872042
164490,0.0453219121279984
164491,0.000599307439857758
164492,0.0003291436706378378
164493,0.0002985273628910205
164494,0.00020467790478611908
164495,0.0059567645896340315
164496,0.00036271530371660693
164497,0.007717142849162869
164498,0.00023508689797332592
164499,0.007866121006326355
164500,0.00030064621559524647
164501,0.0005813127313774222
164502,0.0007343612334592954
164503,0.0022321671962735453
164504,0.001788235564932288
164505,0.001394893779160305
164506,0.000316656810103776
164507,0.0007969410294753161
164508,0.0024084651301739535
164509,0.0038924955962508813
164510,0.9910333450510148
164511,0.0003065140435325523
164512,0.0008726473008112858
164513,0.0003672850109022839
164514,0.026430595256379422
164515,0.001193338644680564
164516,0.9074649078026692
164517,0.000783446027347855
164518,0.46599495758399456
164519,0.02632884818477198
164520,0.0028572863382000384
164521,0.0007692372176180477
164522,0.026576223849493697
164523,0.0006975017562879211
164524,0.0018815546701096474
164525,0.0006100725289461735
164526,0.0032430940663011085
164527,0.013037982467627657
164528,0.0003314756002119917
164529,0.0003934906506592669
164530,0.00036636269725020724
164531,0.0014222507389914888
164532,0.0003269651728228077
164533,0.00043939263124806476
164534,0.0001741992652502688
164535,0.029757854190865064
164536,0.00184476668915383
164537,0.001106945427592914
164538,0.0005087702391470189
164539,0.0002448762544344891
164540,0.0002748913711111889
164541,0.8813294897811915
164542,0.9949271454773603
164543,0.0003937108430172274
164544,0.0010919344666528742
164545,0.0025616468668586308
164546,0.004702572838599847
164547,0.000359767674768539
164548,0.00022522066129528883
164549,0.9862025295295019
164550,0.01928506129166701
164551,0.0031909620939017786
164552,0.049497678997464205
164553,0.0006719779325400625
164554,0.0007179047880783647
164555,0.013013719245894286
164556,0.0002742425625147218
164557,0.0002303066232932071
164558,0.0002166900173506768
164559,0.03637107418265654
164560,0.009800824859920494
164561,0.0008391571719261715
164562,0.001194087027287933
164563,0.0012431535637105937
164564,0.0003566259862154556
164565,0.0012321302994741986
164566,0.0008852146793859269
164567,0.06232243740249551
164568,0.0010807325012684068
164569,0.025690812469207985
164570,0.004047677990700101
164571,0.0024149595618568375
164572,0.00044208668739710507
164573,0.004231859557996908
164574,0.00036829777874407467
164575,0.9955024148552651
164576,0.022692149743830606
164577,0.0013037876234887726
164578,0.0021610387822598733
164579,0.002140362971987369
164580,0.02342889582245516
164581,0.000575731771036347
164582,0.0009437579292395856
164583,0.99228202406779
164584,0.0003271901901976138
164585,0.0017552548651589878
164586,0.0007545304010005152
164587,0.017845830946536304
164588,0.00016809932674472777
164589,0.051702332341392696
164590,0.000501948181427754
164591,0.0006061542271552723
164592,0.03214488240744375
164593,0.00021340757405317285
164594,0.003639847043089682
164595,0.061496515027070695
164596,0.0002134689190987072
164597,0.0011316502014206756
164598,0.0004313356992662553
164599,0.0003615839754190675
164600,0.001252722190179011
164601,0.0006635079013255145
164602,0.00042846924487376147
164603,0.00034367314280890935
164604,0.011712272070833571
164605,0.0008483077831334281
164606,0.013821397671639956
164607,0.05873813585996407
164608,0.03446123857075749
164609,0.0003700606679043955
164610,0.9757021564610714
164611,0.000991385403571439
164612,0.3582076874177859
164613,0.0010886950367409959
164614,0.005107835111946951
164615,0.0030442683422503385
164616,0.0006520737563993125
164617,0.0007748628379818631
164618,0.0041428401118742105
164619,0.0036463497971173336
164620,0.000873422729030017
164621,0.00013154237494637466
164622,0.002361001356785677
164623,0.00032992693997577845
164624,0.0007585882505417622
164625,0.9832392060647982
164626,0.00038137971178343964
164627,0.000187621775262403
164628,0.0010197274143674722
164629,0.34682531785446086
164630,0.005000073323273193
164631,0.00016132786559399436
164632,0.0014444838575013506
164633,0.03642259126770793
164634,0.006625283400474608
164635,0.0003399676462241385
164636,0.0023429489416856276
164637,0.0002838757341727431
164638,0.0003982085809329702
164639,0.03349331080179033
164640,0.00089347129112688
164641,0.00017935764740554323
164642,0.0001621876725733592
164643,0.0032578110829554223
164644,0.00020663364058378267
164645,0.00032121476717965374
164646,0.00024712701605523877
164647,0.0008142401325321939
164648,0.0009096719291164674
164649,0.21063496694908776
164650,0.7131558870217797
164651,0.0002636750252783525
164652,0.0005401754053224762
164653,0.0015506946234450291
164654,0.0005764266522702911
164655,0.0007440420509788809
164656,0.0003477960243705612
164657,0.0001473119240498254
164658,0.1567429351758782
164659,0.003996792262212433
164660,0.026142463004052922
164661,0.0010801451372073902
164662,0.0005856285201026694
164663,0.003257285909217659
164664,0.0013061857725293255
164665,0.0006091178675803597
164666,0.0003981895164164754
164667,0.000373558142771734
164668,0.0003888106534566555
164669,0.0005511377990750708
164670,0.996195315687978
164671,0.00017881187097818738
164672,0.007311797067830135
164673,0.0006071087043273333
164674,0.0017562879825188337
164675,0.008763948348065072
164676,0.004092323064391827
164677,0.9864715337067093
164678,0.0003196486298787712
164679,0.835509563309388
164680,0.0011884584336902696
164681,0.004624095377422685
164682,0.0021437708009461424
164683,0.0016952420074769
164684,0.00022758598601653685
164685,0.9908183695907851
164686,0.0008989372596774272
164687,0.0012024613790828668
164688,0.00032378606025974344
164689,0.0002418402924200236
164690,0.0004796090364037653
164691,0.0006660208501387788
164692,0.9897226090424597
164693,0.007666770317191253
164694,0.005332943133534311
164695,0.001773092164539671
164696,0.0007938316392210375
164697,0.950940175284927
164698,0.00014453460589979725
164699,0.0014085513386461368
164700,0.9940967423407476
164701,0.0001611208544027883
164702,0.0002540913202070423
164703,0.01074571470347667
164704,0.0003424802581440595
164705,0.005951444183350281
164706,0.0011080752163894635
164707,0.014273396413420833
164708,0.00033870307119786427
164709,0.00030940211294844835
164710,0.0004943018422808889
164711,0.0004774809671126439
164712,0.00015192693166083023
164713,0.0003376502536448333
164714,0.009791486464232476
164715,0.0016786097690163087
164716,0.0006896903192425842
164717,0.0003696322561705789
164718,0.00045950463356907135
164719,0.0006126402554821509
164720,0.00021369231247060964
164721,0.000461230613467221
164722,0.00759983980187338
164723,0.00019466190415797402
164724,0.06053505595495429
164725,0.006247871598393114
164726,0.0002807276723782964
164727,0.004700485752233512
164728,0.0008444949110321271
164729,0.0004979114451024582
164730,0.00028320065931103827
164731,0.00034127784633602374
164732,0.008385641757586947
164733,0.00037171974190090444
164734,0.0004660537138387209
164735,0.0025737263714697835
164736,0.15389274874757958
164737,0.0003169738300424479
164738,0.0018600951927407717
164739,0.0005726439576609251
164740,0.0002095511272816915
164741,0.019974175627336895
164742,0.004232437273533307
164743,0.001456463925908587
164744,0.040738692650845704
164745,0.0015498841080159524
164746,0.00040419352095224
164747,0.0011160761492829884
164748,0.001109350932167564
164749,0.0019896810292478217
164750,0.009329760649968084
164751,0.0004116929225293944
164752,0.02934362010093443
164753,0.0005563122881412179
164754,0.00895737176679035
164755,0.01002638220043377
164756,0.0003390841220798641
164757,0.00026094115047741096
164758,0.0008214096906129399
164759,0.000664277470553777
164760,0.0003479348682904866
164761,0.991785365392626
164762,0.0005934713235423245
164763,0.0006528657597441868
164764,0.009783822949744324
164765,0.0017392314435393493
164766,0.0018851019870916304
164767,0.0002168433870804798
164768,0.0008254297414442342
164769,0.0006133927412251185
164770,0.941789536009923
164771,0.0008883230382755513
164772,0.002299287561420536
164773,0.0027507343547214878
164774,0.0019438988016358323
164775,0.00017161065102024476
164776,0.00023460640911044989
164777,0.0008294968743518611
164778,0.0005407768452571467
164779,0.003241354876870261
164780,0.0013380998987365818
164781,0.0009157188012520014
164782,0.020466789799324495
164783,0.0013725870843308392
164784,0.006041955922586722
164785,0.00036770614033276996
164786,0.007987219343340232
164787,0.0007466984660367
164788,0.00047804281562005763
164789,0.0005979461939300882
164790,0.0009736982317668064
164791,0.0027117822519020806
164792,0.3878102488550812
164793,0.00036594322294624277
164794,0.0006267719841049171
164795,0.0010094369770199598
164796,0.9937580943958445
164797,0.00026217031528071754
164798,0.9922167441199599
164799,0.0010896065461460528
164800,0.9975372096939285
164801,0.00034984969348864986
164802,0.0003417028951243607
164803,0.000895433637291723
164804,0.0025201535834370983
164805,0.00023190825479764575
164806,0.00111354449283728
164807,0.002874667248669899
164808,0.002712113219983484
164809,0.000286463466633133
164810,0.004217409953482226
164811,0.00028460852830013237
164812,0.004515987997098887
164813,0.006770654296599048
164814,0.7403583691484616
164815,0.01984213708620709
164816,0.0014364014524004814
164817,0.0010773635335148011
164818,0.000786370696509414
164819,0.0008050226244918013
164820,0.006735287275214506
164821,0.00022421481275075082
164822,0.005729944419425762
164823,0.0003485860866527658
164824,0.00032493582411368804
164825,0.0001697228453767276
164826,0.055631940871084355
164827,0.00084898649618059
164828,0.018532976457460847
164829,0.0014725225694270656
164830,0.0009186295526533843
164831,0.9770011532837285
164832,0.0004935244298885237
164833,0.006840374458231398
164834,0.004404702097399447
164835,0.0017338541612833566
164836,0.005854224931920428
164837,0.00034265708475323666
164838,0.0002707253204951752
164839,0.001279566104782158
164840,0.0005439064685985246
164841,0.028944529476058325
164842,0.0012062196150637648
164843,0.0008616351040195636
164844,0.0003132366436163971
164845,0.0010483077528934846
164846,0.00318892400627817
164847,0.0006395094194183704
164848,0.8217337897717338
164849,0.00047381481596254674
164850,0.0002585734267759072
164851,0.01390056533031144
164852,0.005295749079275411
164853,0.0007963088842191738
164854,0.02596391221237759
164855,0.0006943344238449816
164856,0.00831633763954649
164857,0.01919618912558072
164858,0.0004501002804782702
164859,0.000740461808787489
164860,0.03980690536337443
164861,0.0030126602115592284
164862,0.00019306698569355533
164863,0.0003538736405468238
164864,0.06502585400218375
164865,0.011090388116570761
164866,0.0002595503753081994
164867,0.05762526555401329
164868,0.0006103535317648987
164869,0.9803205693262455
164870,0.07375948796919232
164871,0.0003369832529466715
164872,0.0014111611863373216
164873,0.0004379357715123866
164874,0.06571646681660162
164875,0.9085407535393993
164876,0.0008051478544897715
164877,0.0002664038432862019
164878,0.982569905513921
164879,0.00016128862026126473
164880,0.0007927680135590944
164881,0.9828247300251094
164882,0.0003534660668858113
164883,0.0025850937444702416
164884,0.0035339428202547135
164885,0.0006147316133780562
164886,0.06818412555352911
164887,0.0015160145789706047
164888,0.0012895970258736218
164889,0.0005343221919967332
164890,0.0010721203325708506
164891,0.0008047614088447494
164892,0.001022415753757118
164893,0.001003464050760246
164894,0.0010758255166263887
164895,0.006657419400490152
164896,0.0003714369921324185
164897,0.0008667486850461523
164898,0.007275571760034664
164899,0.0012227131248881999
164900,0.00021423449087786458
164901,0.0003077603156027459
164902,0.00024400281959758587
164903,0.9940374056013798
164904,0.00032538810666527185
164905,0.00017012061923062847
164906,0.8365684135288736
164907,0.0013058670571377978
164908,0.00015166837161150867
164909,0.000740060487989932
164910,0.02054407825877133
164911,0.0006388806487260435
164912,0.013048662672296998
164913,0.011299170093779572
164914,0.00038660450836720123
164915,0.0002298732028548201
164916,0.0006075093752715361
164917,0.0002680283399276352
164918,0.0009951066178777884
164919,0.00048073992513904436
164920,0.0007000486713981698
164921,0.0058326113279822765
164922,0.0002532245851977638
164923,0.0002176891279486876
164924,0.0006589839761569305
164925,0.012859903301589762
164926,0.023709546206451316
164927,0.00039806701324855833
164928,0.019206837824385356
164929,0.0031486405645675033
164930,0.0004172312861068114
164931,0.000425954250292983
164932,0.0003241337114143847
164933,0.9919724481166727
164934,0.0011656355073938571
164935,0.995129020802982
164936,0.012928130217217544
164937,0.0006220790968523346
164938,0.02700129566768358
164939,0.002886797293479473
164940,0.977915318089742
164941,0.0009982997104344405
164942,0.0006952879507638732
164943,0.0003844190405120372
164944,0.04882519642145597
164945,0.00036745073477716594
164946,0.060413368897773094
164947,0.000280505048790775
164948,0.0034506380034896485
164949,0.00047854301497769617
164950,0.03171178468284413
164951,0.0030729255539880926
164952,0.00033276542164188217
164953,0.02391193805292344
164954,0.0030303874086301938
164955,0.9911677504367195
164956,0.0002581287400039479
164957,0.0005613438773187164
164958,0.007407581474720973
164959,0.0005560769404897812
164960,0.9799186581752682
164961,0.003943210414968181
164962,0.0013288188776071858
164963,0.0004397557370129488
164964,0.0010907818160383212
164965,0.00034588980213067335
164966,0.0012653770402815746
164967,0.7951810182098528
164968,0.010454067615932218
164969,0.002098801790724841
164970,0.9517075258791968
164971,0.0008509299856838052
164972,0.0004825457308306263
164973,0.0003254116521027018
164974,0.0002826030694645623
164975,0.10944214297921437
164976,0.0008126767101128004
164977,0.26643881209997117
164978,0.0005320479281079705
164979,0.0014997928597507253
164980,0.00479516789577505
164981,0.0009670648922724069
164982,0.0007333565588513435
164983,0.007329550810029554
164984,0.0003816952322103262
164985,0.0034693222522159868
164986,0.0025257175688858362
164987,0.0005599944362017408
164988,0.0002606249666469494
164989,0.0003242541638926957
164990,0.0032520460223830756
164991,0.0003617095400989013
164992,0.010277155619699531
164993,0.010829730806338858
164994,0.0003230403672572184
164995,0.9887917939131037
164996,0.0012214687743579437
164997,0.0001148653333160191
164998,0.0038365259417481854
164999,0.004560380249497625
165000,0.0053511531733719244
165001,0.003197392901092196
165002,0.012165977013918037
165003,0.000265101068034099
165004,0.0008553891322075203
165005,0.002227539083779944
165006,0.04010317682889016
165007,0.0013375355381775023
165008,0.9928418666341075
165009,0.0003349806295815478
165010,0.00037454375870831056
165011,0.9817336265230995
165012,0.23539570708790697
165013,0.000628396651284535
165014,0.08883411212387696
165015,0.0002532454103628337
165016,0.002087205935597459
165017,0.001959176648123122
165018,0.0016027594078890386
165019,0.005239303269407073
165020,0.988895865913479
165021,0.00023074942367683893
165022,0.00039593267970025955
165023,0.004168441565325493
165024,0.001990356985965529
165025,0.00031190045303339074
165026,0.0003053798060424097
165027,0.004329189370592905
165028,0.00039995819777828394
165029,0.00043476595784281384
165030,0.9863530290822572
165031,0.007654387766113114
165032,0.015645439987768208
165033,0.0008415928634393715
165034,0.9906778209899199
165035,0.0011277789978035183
165036,0.0012745239768042866
165037,0.00016990751560030682
165038,0.03580866590966401
165039,0.00017326034809459485
165040,0.00045830328772412075
165041,0.005446916974917056
165042,0.13972995942649805
165043,0.009385767088885204
165044,0.0001012206258213906
165045,0.00021820988834828385
165046,0.9945273535198701
165047,0.00048196652816536383
165048,0.00010720421295957016
165049,0.026384309582375663
165050,0.0018641588596346095
165051,0.9966386566063978
165052,0.0002118187776458048
165053,0.00044227052570980645
165054,0.9800426134441887
165055,0.013625299210491895
165056,0.0033084257249257633
165057,0.9933361731927541
165058,0.0004729043949136603
165059,0.004397270689110533
165060,0.004213298045784988
165061,0.9954195369494685
165062,0.00949855966106901
165063,0.0007212885179032396
165064,0.9926476156993668
165065,0.0002970044582631309
165066,0.000836835641811157
165067,0.0027772303419689105
165068,0.00024010014018197687
165069,0.00018223317512625908
165070,0.0007626930140918425
165071,0.0003490578928640093
165072,0.0018372205046462023
165073,0.00517863525291735
165074,0.0016459823928143028
165075,0.9089784913492114
165076,0.001146151775156103
165077,0.0005602359845649131
165078,0.000996175520965109
165079,0.0006656126837566141
165080,0.001172464868784395
165081,0.0005136316588106974
165082,0.9752495527386825
165083,0.031211002322278875
165084,0.13420179283391875
165085,0.0005242906819983164
165086,0.09542637189312253
165087,0.00976862010492143
165088,0.0003006940985874967
165089,0.0004393117235422735
165090,0.995743215192748
165091,0.012302298956152374
165092,0.0003348056074227027
165093,0.002558601478679577
165094,0.010906937137882648
165095,0.004812352154242218
165096,0.009101194653278086
165097,0.0005095547975306182
165098,0.02666497654234425
165099,0.16016849141530495
165100,0.0021799944336284645
165101,0.00034011064653155726
165102,0.00036520279640432364
165103,0.01844139001605281
165104,0.9886142893257776
165105,0.0020364568123578683
165106,0.979645975482158
165107,0.0010393795210300676
165108,0.004197283262549641
165109,0.0035349918565215433
165110,0.0006340872920435854
165111,0.0005086990810952726
165112,0.0005876736783818384
165113,0.0014277616790644631
165114,0.0039693949677572235
165115,0.05286231237416536
165116,0.0019288355338707896
165117,0.8213055159819762
165118,0.031453861792763896
165119,0.0009015895505129444
165120,0.0002601217269544952
165121,0.01733525522565641
165122,0.008037977530866242
165123,0.9409502728948589
165124,0.00012131202159999909
165125,0.0011815103388986455
165126,0.13997848422733233
165127,0.0002311729150886959
165128,0.013825486401396503
165129,0.0005182915390993541
165130,0.9888271468533553
165131,0.009239429825245997
165132,0.03882182865344143
165133,0.0012196339547193475
165134,0.9916864989071491
165135,0.04915508253635398
165136,0.0036893289450634233
165137,0.004253256128651773
165138,0.00018967634107632385
165139,0.030870542007204845
165140,0.0028095406369954383
165141,0.5048342408736773
165142,0.015486928751681865
165143,0.018047716017885355
165144,0.002429345403328482
165145,0.004309757229990043
165146,0.00044390143943811645
165147,0.0023997684615040455
165148,0.0015423350543422032
165149,0.0002443985590261028
165150,0.003257219595451997
165151,0.0007173374966401191
165152,0.00037549692124533534
165153,0.0005802416794198034
165154,0.00017738856092785368
165155,0.0001506104261532228
165156,0.0003111424208959828
165157,0.0002050044201639047
165158,0.0052641039555426355
165159,0.0005351199905607233
165160,0.0357772620732928
165161,0.0018394824467151247
165162,0.000883727252969288
165163,0.00032552306582296484
165164,0.00025642877433279266
165165,0.0008129538254035119
165166,0.0013910197262554536
165167,0.000605571554698956
165168,0.00041907174619162805
165169,0.14981425928032077
165170,0.0002758364580003951
165171,0.0013548214166018068
165172,0.0005161511257808774
165173,0.689106206741606
165174,0.9493696146935485
165175,0.0028167011855000385
165176,0.966775558278187
165177,0.002614312504626803
165178,0.00021440109415492268
165179,0.07974001497316206
165180,0.0038536254099820286
165181,0.05137366135425373
165182,0.0015295925812449846
165183,0.00025700925241553297
165184,0.07903245865007713
165185,0.0008403739812828824
165186,0.00018598781592512988
165187,0.0013679702526999443
165188,0.9858608307983574
165189,0.8220870013854319
165190,0.005823987803171924
165191,0.00047683923613152217
165192,0.00023494351808879625
165193,0.0005861861640864308
165194,0.0002788509051283998
165195,0.0008252239302393808
165196,0.004267546310689576
165197,0.011426824636824129
165198,0.025438758063346598
165199,0.0005794291468255885
165200,0.0008975684789048738
165201,0.00031913028497049527
165202,0.005992960560035326
165203,0.016101127580385916
165204,0.48603124486965477
165205,0.0007767663457636657
165206,0.0009422408934738059
165207,0.0004812742019987945
165208,0.020812989537650938
165209,0.025815729972038553
165210,0.002398632596666588
165211,0.0024431287688176455
165212,0.0013495525582981633
165213,0.0031593793279812194
165214,0.0008193197364995603
165215,0.001547237965011885
165216,0.02574447226767749
165217,0.04504009812664111
165218,0.05484320251332518
165219,0.0005025882999224792
165220,0.03731063002967102
165221,0.0008215294237645085
165222,0.00041857512798478084
165223,0.000247528189990211
165224,0.9832822430715115
165225,0.0031723920651725137
165226,0.0006619400711855084
165227,0.0005170365541260191
165228,0.9315975281747502
165229,0.0007871689193029691
165230,0.00027252416456415794
165231,0.00034146588973214153
165232,0.0002422235166163785
165233,0.00039984847696232745
165234,0.00035389464611601106
165235,0.0005598826419180134
165236,0.0001967825813843987
165237,0.0007492961766623499
165238,0.0028770513393487547
165239,0.0005998525129293693
165240,0.9895393203815699
165241,0.00339724468838793
165242,0.0011639664857822833
165243,0.0006226629939697572
165244,0.0060468002340941145
165245,0.00022416948994713758
165246,0.9768775055227644
165247,0.9943734322337973
165248,0.0002599473400232256
165249,0.03004703149482575
165250,0.00022572425101803428
165251,0.0003445146301145685
165252,0.11642086437126985
165253,0.0003753427710671064
165254,0.006844531851898786
165255,0.004527854965485898
165256,0.0011565963804993332
165257,0.00043160375078907595
165258,0.0003289282968444428
165259,0.001228225577176346
165260,0.9947904310703035
165261,0.0017817570941619323
165262,0.9343593797123582
165263,0.0034663333049494574
165264,0.00721291170286335
165265,0.00033156480187708195
165266,0.0008940400788221968
165267,0.9510587762741664
165268,0.006456438293009854
165269,0.0006475895309968274
165270,0.0010311107743479415
165271,0.21378232515417384
165272,0.0017482186011981494
165273,0.9971995481080476
165274,0.0003289866084846769
165275,0.0008788821540027003
165276,0.005897235313360158
165277,0.002997135016166651
165278,0.0008207075080705329
165279,0.000757888533915214
165280,0.130706428762441
165281,0.007276913962345602
165282,0.00048469733128875335
165283,0.0012865058443679463
165284,0.0012195025628945473
165285,0.000755699453371547
165286,0.0005098741784357661
165287,0.16820888917225102
165288,0.0016620851556737673
165289,0.006463033951564718
165290,0.0002624604898311109
165291,0.9944847586202336
165292,0.0003376376046904317
165293,0.01678689623481081
165294,0.02666104146448027
165295,0.0016797272191045216
165296,0.008787813434236574
165297,0.00019730273268992246
165298,0.001085959146485404
165299,0.9939927102557016
165300,0.04567485169882889
165301,0.0006209232860253319
165302,0.0005138359346032425
165303,0.0005496598557950266
165304,0.6456690254741536
165305,0.000433565712077926
165306,0.02312186854065236
165307,0.0013924012683572042
165308,0.00022214247000832606
165309,0.0004265004164768906
165310,0.0002844005538570006
165311,0.0005823276967706765
165312,0.0023539349085431936
165313,0.000262691346299667
165314,0.00596455738940357
165315,0.00044490458515309095
165316,0.010782140757522813
165317,0.00045057167128060926
165318,0.0013312874638926869
165319,0.0013501304333783807
165320,0.004365184013595392
165321,0.0008832843643418074
165322,0.0031193658600210793
165323,0.0003773625189466758
165324,0.9958555818637425
165325,0.0007054794982296342
165326,0.00036279604906631983
165327,0.0008768045044197321
165328,0.9850018215324825
165329,0.009560959338553401
165330,0.9954635299528944
165331,0.9914265477350975
165332,0.00042235963333490196
165333,0.0026229539489138567
165334,0.0002024994371985224
165335,0.9828088080085794
165336,0.0006866062311338077
165337,0.01940395147107428
165338,0.0008227106098878573
165339,0.0006088418356518089
165340,0.006917872433414483
165341,0.00040611916113226647
165342,0.0007545169884720804
165343,0.05618703937620039
165344,0.0015529695863178497
165345,0.0004274690658003592
165346,0.00029059639087179094
165347,0.0006473245044945491
165348,0.9831251082856978
165349,0.00029929919392050676
165350,0.0015705760740368593
165351,0.006034341566710814
165352,0.00027106065298941763
165353,0.04094212385622142
165354,0.004934951025566263
165355,0.0005485451725281454
165356,0.0007290145655993777
165357,0.0010245901016647937
165358,0.0014180636837702635
165359,0.0013365598468631458
165360,0.014095930133015846
165361,0.00018966727452622882
165362,0.5327055805418972
165363,0.0003869058755162306
165364,0.0003113456945636778
165365,0.0009807317196273225
165366,0.06189627634776872
165367,0.00159045740286351
165368,0.7164717792043084
165369,0.013049442785654716
165370,0.00011054671496649895
165371,0.002698207739323586
165372,0.05047705719910258
165373,0.9884478007478071
165374,0.001578586879810111
165375,0.0007943639048701855
165376,0.0007275382627532901
165377,0.0006610939234254166
165378,0.003466826825364641
165379,0.8186905427926642
165380,0.00047003753378203813
165381,0.0002561887656480537
165382,0.00016912454618299888
165383,0.0007119653058436562
165384,0.0174355921824397
165385,0.0019626198950580915
165386,0.005863981257279546
165387,0.9868607049876299
165388,0.0016685640259473402
165389,0.0008687018667997788
165390,0.0004970253456777949
165391,0.012947257523897743
165392,0.00033353147720609097
165393,0.025709264188704523
165394,0.0032603514005875535
165395,0.0026763742736688107
165396,0.0016057069002070332
165397,0.06151301992865831
165398,0.013457463301291111
165399,0.00014277998691524343
165400,0.006086430354607486
165401,0.2352495433567199
165402,0.9312580798501866
165403,0.0023593798955835396
165404,0.9938705824807789
165405,0.00029821972416757124
165406,0.06033825610398873
165407,0.0007397861671367141
165408,0.9121908345309899
165409,0.0007899084740683523
165410,0.0002054759308579044
165411,0.000654612725657313
165412,0.0002337861424364372
165413,0.0026925910343895505
165414,0.005961191246859962
165415,0.0016240452312923591
165416,0.0011128305177109286
165417,0.003989606321308729
165418,0.0006112506252133074
165419,0.0003673165642619034
165420,0.993993944563267
165421,0.0005582555200923546
165422,0.0004038513723820887
165423,0.002615055813304072
165424,0.9892310323144653
165425,0.001374479260576094
165426,0.00022329578121174878
165427,0.0023467751328738523
165428,0.9974838194096316
165429,0.0004531886997199342
165430,0.00035062120557573896
165431,0.0006031810070349471
165432,0.00022473889657603877
165433,0.9950528114506462
165434,0.00039398162203193123
165435,0.00022209273847542964
165436,0.00028785440691875736
165437,0.917331413121607
165438,0.00023269852940692576
165439,0.018206989872896085
165440,0.9880412776233429
165441,0.0030255944863564537
165442,0.0007293560896524517
165443,0.003231864318002217
165444,0.0006216033830456112
165445,0.016203202869403598
165446,0.018894291902010186
165447,0.0008516770327827641
165448,0.0009050465162131176
165449,0.004209614864389355
165450,0.035176076527889705
165451,0.004086622317850286
165452,0.000325997782691153
165453,0.008255848909554896
165454,0.0005397294671083772
165455,0.0002495239687677433
165456,0.00023043790269535082
165457,0.980022556052642
165458,0.0005844605454305627
165459,0.0007114104325363821
165460,0.9910296087072092
165461,0.0010704647914712147
165462,0.0008241945227160475
165463,0.0008042860313784936
165464,0.00019310448993120434
165465,0.0006518419629918135
165466,0.0013550784827428474
165467,0.0006426041342553201
165468,0.9832471041398626
165469,0.00038207825088227947
165470,0.00041694654130923606
165471,0.9944242240738035
165472,0.9865017235381955
165473,0.0009838596055626262
165474,0.9912134974183792
165475,0.0074509661572954465
165476,0.0002783777055367428
165477,0.00024299383655093372
165478,0.00030598771943567653
165479,0.00026260273644055103
165480,0.000286974984644022
165481,0.0029254171305364996
165482,0.012709575845842262
165483,0.0010560921172015282
165484,0.00045413313557647427
165485,0.00021562645593067685
165486,0.010904062001923495
165487,0.9786948434408765
165488,0.0003412919759382481
165489,0.0022375777994366156
165490,0.00030920851998291203
165491,0.0014238166566064904
165492,0.00042159453830117367
165493,0.9896455387223133
165494,0.5119673831274162
165495,0.007616188642266143
165496,0.0008787683408779408
165497,0.014603279120864458
165498,0.0184182194675868
165499,0.0007360462000708722
165500,0.013700245738762424
165501,0.0005628441890435436
165502,0.0012853608013737479
165503,0.0012355511342964046
165504,0.002141565236943452
165505,0.09453744960745901
165506,0.0008452679737095991
165507,0.001432415357191504
165508,0.001231934517237451
165509,0.006233529846917519
165510,0.9593911985374722
165511,0.0021187003505963903
165512,0.0005097332854327794
165513,0.9900539430049803
165514,0.00044274600340056097
165515,0.00031939457461984647
165516,0.3958677703583837
165517,0.002029838713058507
165518,0.0007796394911896221
165519,0.00143352349410989
165520,0.0025071506400357103
165521,0.7774618318350992
165522,0.9004631809446774
165523,0.001851188458520699
165524,0.038313062915771
165525,0.009134238791375022
165526,0.0002019832026707807
165527,0.989463629323169
165528,0.00042223328932627436
165529,0.0008113741048703044
165530,0.00738975039913856
165531,0.00026346417644545556
165532,0.0007281899027079638
165533,0.0002124053013010635
165534,0.0003594015605533648
165535,0.04178927377223766
165536,0.0005036922351525667
165537,0.0003889834513406983
165538,0.00039170951222563453
165539,0.0009139468922828278
165540,0.000613217931563366
165541,0.020607001314579317
165542,0.9929367055270536
165543,0.0013934434279138817
165544,0.0004338763599195375
165545,0.9934045226880651
165546,0.9935841410880639
165547,0.0007730548780853057
165548,0.0011839437767059845
165549,0.0029521039601469244
165550,0.03877071902877109
165551,0.0005781226686537438
165552,0.0008812346307347534
165553,0.0016934595708378093
165554,0.00028057657525199626
165555,0.013071025478666494
165556,0.9569328208757576
165557,0.0009603127368906444
165558,0.0052562735486791825
165559,0.007827831345914884
165560,0.0001921942267490921
165561,0.007633119994771869
165562,0.0006825453064024269
165563,0.0003501440444786258
165564,0.009667269158428042
165565,0.00022528080937418872
165566,0.05668870447544684
165567,0.0010341655934786762
165568,0.005706778060802593
165569,0.00029891534928886554
165570,0.008665172763653625
165571,0.1629367095807449
165572,0.9888951448722911
165573,0.04265199490057511
165574,0.994909197683427
165575,0.0009437672109853844
165576,0.9484272048274488
165577,0.0003087623265783946
165578,0.0018439825660602502
165579,0.00047460849038776014
165580,0.00030692326710179225
165581,0.00022057791951019808
165582,0.003400644542197508
165583,0.00020532968472142496
165584,0.0010465303361560172
165585,0.98522996676729
165586,0.00024620088819300495
165587,0.010399392314360318
165588,0.0029408090322154043
165589,0.98737064925931
165590,0.0022291886967487455
165591,0.0032278143732717727
165592,0.00039598598216497485
165593,0.9944655789470964
165594,0.0017124652270154208
165595,0.00015667107847559938
165596,0.0009391092277575521
165597,0.012462379420814008
165598,0.0008090590785401918
165599,0.9470823376779828
165600,0.015888882114059547
165601,0.00041182258965019206
165602,0.00016811200871116337
165603,0.0011884855307783908
165604,0.0009652362550244391
165605,0.0020164020196389767
165606,0.001218155465394244
165607,0.00013756593288824544
165608,0.0005082198024796624
165609,0.993745277931406
165610,0.9899099030558913
165611,0.0007596707165015909
165612,0.00019123259079524167
165613,0.05624664997016314
165614,0.0005864120546810882
165615,0.02223822162494099
165616,0.00028126196745710666
165617,0.02152159413187388
165618,0.0023734818942855703
165619,0.0004028980985173604
165620,0.9782684739174679
165621,0.001325947847189443
165622,0.04493373536923224
165623,0.0018349305100734954
165624,0.0027919117259222847
165625,0.018325559155502796
165626,0.007730362274953569
165627,0.03452417174985066
165628,0.0006374270686391363
165629,0.0008572019843469329
165630,0.057032796762389856
165631,0.03779016335599311
165632,0.0009381890543033643
165633,0.00024662723056802357
165634,0.0007797493115228373
165635,0.0014806605276516218
165636,0.000870378039006938
165637,0.0019182544267857538
165638,0.009120516092075604
165639,0.985573239564499
165640,0.00030368286976551135
165641,0.0007190206040033484
165642,0.00010660678376947914
165643,0.9844071299008179
165644,0.6283279805625872
165645,0.006645374526953809
165646,0.0004438247027394503
165647,0.024722984959577234
165648,0.000259222132812166
165649,0.0008965002476100697
165650,0.010477694828443032
165651,0.0004729630050150038
165652,0.0006448628671890564
165653,0.038555029530013156
165654,0.006063095100936019
165655,0.0009060878421138714
165656,0.000244582168981133
165657,0.009716963742513345
165658,0.030310992835612248
165659,0.0021688139385433675
165660,0.0013871192495199468
165661,0.003266671728890764
165662,0.0419317230737556
165663,0.00032473251387738514
165664,0.0054580450734217625
165665,0.00044491427694216373
165666,0.00015024668706287286
165667,0.001725179895221689
165668,0.0003868441329292241
165669,0.01565281007289625
165670,0.9874503967433842
165671,0.00018229900913590161
165672,0.0004552208805084739
165673,0.0003140420363754206
165674,0.0014882853392807801
165675,0.001233994728532279
165676,0.0010690471726194652
165677,0.0014506378622427736
165678,0.0006714223563643812
165679,0.0003035072051026693
165680,0.005265347829602061
165681,0.001023254456224737
165682,0.0003771815664466704
165683,0.0003553037893894598
165684,0.0032985800551188884
165685,0.004709123424513263
165686,0.00017708411682037058
165687,0.005745913706291009
165688,0.00022460506809768047
165689,0.0004254167645825033
165690,0.07958017190701006
165691,0.005146108727118411
165692,0.0005964570509148935
165693,0.00015589643192469055
165694,0.00026159590200339444
165695,0.00026547880953973726
165696,0.008274947098515936
165697,0.0017757378026663643
165698,0.0006693978840771981
165699,0.0022902484902451426
165700,0.00023315386523333362
165701,0.0017988076984026585
165702,0.001612289813204023
165703,0.0022057664208331874
165704,0.0032603712594352677
165705,0.00032000686011405286
165706,0.0003114862351912549
165707,0.0003492028542584293
165708,0.00023893774215204947
165709,0.9848597623177239
165710,0.00030587303594504405
165711,0.001772481624466302
165712,0.001369012970695275
165713,0.001388203125202325
165714,0.002196763190940902
165715,0.0007000639149782692
165716,0.00033454874616422567
165717,0.00032961001492830787
165718,0.987386691002679
165719,0.0006834934778892151
165720,0.0008015109309576835
165721,0.0006135217153573013
165722,0.000414268902677639
165723,0.00044806400102800903
165724,0.16830426983285623
165725,0.1532679678069979
165726,0.00268395180878204
165727,0.000881001784373675
165728,0.0003728047388597086
165729,0.3288445081466468
165730,0.9854536485170586
165731,0.00387713714755055
165732,0.0006535923427079405
165733,0.007706396106596666
165734,0.0006294159673964004
165735,0.00030259581721453764
165736,0.0013477847823584392
165737,0.97623245268334
165738,0.0011806148529146308
165739,0.00046347191449915606
165740,0.0002776883554074087
165741,0.3665269130651253
165742,0.034602567553425244
165743,0.0009132703297275764
165744,0.0011282783546388488
165745,0.0007966333537124834
165746,0.000558548367946257
165747,0.013333066529767236
165748,0.0004892673756091541
165749,0.028253022288405535
165750,0.00015474406094920725
165751,0.000352223754024103
165752,0.0001434558456055132
165753,0.00021398278249522114
165754,0.0009756217628484697
165755,0.005668964979089973
165756,0.9895780012110003
165757,0.9965357294395558
165758,0.0010065487013695838
165759,0.0002964879741685313
165760,0.05736966691898912
165761,0.001241451279127973
165762,0.0015126785769606938
165763,0.0002568450608297433
165764,0.9905656139822324
165765,0.0032457528291340784
165766,0.0003151969880256029
165767,0.0019783467972910693
165768,0.0005754939625344239
165769,0.00021610273397793222
165770,0.0005666333659489724
165771,0.0015488927935472247
165772,0.0009195810246842597
165773,0.0006135082436337378
165774,0.0018180945506900774
165775,0.0006625229109935307
165776,0.1111316102304852
165777,0.9910792063107502
165778,0.00444505540233737
165779,0.0007145601469698673
165780,0.0008916749987396943
165781,0.00029955588242158335
165782,0.0007928378694784132
165783,0.0005984485970895297
165784,0.0002281159187224367
165785,0.00032267876890528944
165786,0.0011353876572013067
165787,0.0007360368644405467
165788,0.00031415682171720313
165789,0.7552444994558342
165790,0.002269760418734789
165791,0.023265570808290753
165792,0.010516398652573146
165793,0.0217280718798347
165794,0.0011868692736345444
165795,0.8938713647897168
165796,0.0005982548035368681
165797,0.0012341061477395918
165798,0.029408941936448225
165799,0.007578679858858043
165800,0.07317098274205439
165801,0.0009247739371420587
165802,0.0005035190360165833
165803,0.009251008614111246
165804,0.0004441817750915068
165805,0.00032128139028533137
165806,0.001978328828140481
165807,0.007198732621475002
165808,0.0007439205153223342
165809,0.006366646920824264
165810,0.0013680366235967174
165811,0.00024413595432520136
165812,0.9895033416911466
165813,0.025463072878102053
165814,0.027407580945594343
165815,0.0013022989325227965
165816,0.018165604183794502
165817,0.0017118977989512942
165818,0.0014710077314944346
165819,0.03780901722624178
165820,0.9891848821723017
165821,0.00043418849524532355
165822,0.007166078289130109
165823,0.9928108299756285
165824,0.0009308415275633623
165825,0.002977721169282886
165826,0.000543877006770771
165827,0.0004357992126004623
165828,0.005623202661819232
165829,0.0016196539819216494
165830,0.001409577303688959
165831,0.022035255952932674
165832,0.00027412894946309896
165833,0.9975711639086705
165834,0.001757641615412461
165835,0.001413376338043751
165836,0.00028041835187731613
165837,0.005539344213627075
165838,0.9904337769390512
165839,0.0010064695920185699
165840,0.0011097388914249591
165841,0.28035780343390443
165842,0.005424144670428289
165843,0.0018287535502860656
165844,0.0026594898274762244
165845,0.0027187203757388085
165846,0.013868153351305415
165847,0.0007775836342808618
165848,0.13747153009993915
165849,0.00034132972993397706
165850,0.00016902315695434153
165851,0.0001799194543073121
165852,0.000368159433937486
165853,0.0007627429470706979
165854,0.00042782217868979263
165855,0.010212902752047517
165856,0.008036746885861208
165857,0.9945736786294562
165858,0.893097175046809
165859,0.0006233070957842609
165860,0.011410381827994717
165861,0.0004249231287173563
165862,0.0006862054270995694
165863,0.0003728938231377604
165864,0.013122929918831249
165865,0.0002966134300196778
165866,0.003957659817496685
165867,0.30179342909749735
165868,0.9773827296810087
165869,0.02937334383008896
165870,0.0005612189325014949
165871,0.04107479412498202
165872,0.00016848201867510187
165873,0.9963356815448711
165874,0.00038012760076042786
165875,0.0029298349097619768
165876,0.0004345857301659306
165877,0.001661535235382742
165878,0.0014826738030113092
165879,0.0002249198142175019
165880,0.00029425573603436946
165881,0.00755247299799348
165882,0.7686289022223699
165883,0.0005192612802916047
165884,0.0007828549803908263
165885,0.039661786374177804
165886,0.00030805623424330186
165887,0.001260919670271716
165888,0.001777970271044007
165889,0.0005829510156054497
165890,0.0011330808292196086
165891,0.002175504144223261
165892,0.001090959907571251
165893,0.012816380955169628
165894,0.0004278010913166251
165895,0.0041079269537009555
165896,0.0030719339452018705
165897,0.0010946310608973325
165898,0.9888661388369414
165899,0.9919809719218443
165900,0.0010924783350479126
165901,0.0018927215750455986
165902,0.001368126037835686
165903,0.0008934259199404526
165904,0.00027909780890470934
165905,0.0007504925835485265
165906,0.013601099098900199
165907,0.030911857910620583
165908,0.000927776908743442
165909,0.000272749759183627
165910,0.006160273679051246
165911,0.001203148913396036
165912,0.9971055026695912
165913,0.5467719052951111
165914,0.00025101822879005113
165915,0.012013168820915235
165916,0.09764093393452813
165917,0.001542823777457177
165918,0.00043167239187176103
165919,0.0002809572716504208
165920,0.019808396310989358
165921,0.000304407610029788
165922,0.0006744004961269104
165923,0.0011608154371800209
165924,0.004402516958997343
165925,0.00033090786486478815
165926,0.0003585643988390013
165927,0.0013293989360180106
165928,0.009426329714725228
165929,0.0007522939092768745
165930,0.001425658097452777
165931,0.00025661162233078105
165932,0.0006862901454752894
165933,0.0010588010190099818
165934,0.008287732055434337
165935,0.002536101937196717
165936,0.00010941742286963925
165937,0.0004581381523089196
165938,0.0017331224264472806
165939,0.0003376846500928302
165940,0.0004915266694531957
165941,0.00018371742198340226
165942,0.0003164208690150144
165943,0.0015972289951712048
165944,0.0018750269620354016
165945,0.00029793089383263195
165946,0.0009744669681924984
165947,0.0060831371544073625
165948,0.01940210662834078
165949,0.0024809184520302044
165950,0.128436430855547
165951,0.0005801744107520003
165952,0.06880809237230191
165953,0.8398064307055918
165954,0.00024647294569393583
165955,0.002857045803204477
165956,0.3576199740954621
165957,0.00031210403375603714
165958,0.11365944376972531
165959,0.00030023332983313537
165960,0.12009316460705459
165961,0.0006292988327159526
165962,0.00018512735798789718
165963,0.0005779342962722084
165964,0.0026000176655508805
165965,0.000351918714761264
165966,0.9846617173855111
165967,0.984840964591106
165968,0.0004952015592150895
165969,0.00026324590007494747
165970,0.00035080667301027864
165971,0.0008952996196964907
165972,0.0007394255565705859
165973,0.0019254636321102549
165974,0.8669046355683124
165975,0.21444127339850852
165976,0.0017892357941351696
165977,0.00025386861283787314
165978,0.9900153925444424
165979,0.02046913671995075
165980,0.0009754032178879689
165981,0.0002484930957426415
165982,0.026547855321763986
165983,0.005846776027661718
165984,0.00031520410445642975
165985,0.00915349339190041
165986,0.00025019135363901844
165987,0.00022004132343150828
165988,0.9888471190461008
165989,0.0014980171825257748
165990,0.0006887517113360414
165991,0.9882601189741516
165992,0.001522938336695482
165993,0.010768187593585629
165994,0.0003486730471593008
165995,0.00020587766267708354
165996,0.0006886144481816381
165997,0.00016526322859837026
165998,0.0037302384083474425
165999,0.9876949599359769
166000,0.0002185275442513169
166001,0.9772081965161392
166002,0.0025426236530300063
166003,0.001689531869771999
166004,0.001694945393994818
166005,0.0003117484993333363
166006,0.0176267081948048
166007,0.01623541747278955
166008,0.0003105974829020612
166009,0.0019182945719602345
166010,0.0015828927093722237
166011,0.04689639801239414
166012,0.0060043408357844524
166013,0.00180945088249223
166014,0.0013449768311168699
166015,0.001424867646728374
166016,0.0012338441952742555
166017,0.003610743344145446
166018,0.000471986538481516
166019,0.013237537708364474
166020,0.00028001827781695644
166021,0.031263147341003765
166022,0.008114044069451333
166023,0.005871791038315927
166024,0.0014525210335697837
166025,0.00027245744244953
166026,0.013927060503871505
166027,0.006185441200489759
166028,0.0026843608768877814
166029,0.0004015974999432937
166030,0.006990491643208116
166031,0.00027683908964758436
166032,0.00028456519388962687
166033,0.001585833954677058
166034,0.0004059412432650722
166035,0.00046973588174642787
166036,0.0005097814468990643
166037,0.001208719518411061
166038,0.0009216701962177815
166039,0.0005454759741403771
166040,0.0038977525253662054
166041,0.00020835950505008503
166042,0.0004842708752787177
166043,0.914032620927022
166044,0.0003454242072364879
166045,0.0005536897141528005
166046,0.9900284193039037
166047,0.00034159635273476495
166048,0.9899094012186944
166049,0.9940905927607704
166050,0.017657814264473954
166051,0.02039644582526789
166052,0.0003535713006201356
166053,0.0009548896225596005
166054,0.00042018549605088586
166055,0.001974501122537773
166056,0.0037071159865673478
166057,0.00023196909439782587
166058,0.0014796515114743058
166059,0.9833936322692599
166060,0.05550191344418895
166061,0.0013014338905863777
166062,0.0006047311871654563
166063,0.0002402671143703804
166064,0.0005050621586636526
166065,0.00017408493390061574
166066,0.0009543065514316811
166067,0.0003075882361358951
166068,0.0009681913875013742
166069,0.00014924539430350437
166070,0.0006378693890299656
166071,0.009511838980660527
166072,0.0008755188148874125
166073,0.0192979125951766
166074,0.0038769178843183175
166075,0.0014952409015422529
166076,0.0019383361776013277
166077,0.00207437779800135
166078,0.0006005222753961587
166079,0.0016078062844011834
166080,0.001891802643401986
166081,0.7948502209419238
166082,0.0021191696460193224
166083,0.0008557513974993024
166084,0.007869331811030807
166085,0.0003455112737405312
166086,0.006728558810120579
166087,0.010398752504052151
166088,0.0009181038435603397
166089,0.0004563608407462918
166090,0.0017594104029106381
166091,0.002010371608614354
166092,0.00036065809641345873
166093,0.04318519617801488
166094,0.0006989164639648174
166095,0.0014448314124793844
166096,0.00407611330318429
166097,0.0002162604401740462
166098,0.0005549237280492905
166099,0.00013872165888553396
166100,0.0013059257518986329
166101,0.00025856997561384763
166102,0.00030859171623600837
166103,0.0003017096010957973
166104,0.0038532855173192574
166105,0.0026162575578667392
166106,0.44593650073366453
166107,0.0034205639170065334
166108,0.003533191714388685
166109,0.012829365444721446
166110,0.007735359809164489
166111,0.0015186919327556008
166112,0.014698799098747623
166113,0.009977388354143305
166114,0.00042638852227545415
166115,0.00045336473013314876
166116,0.0011258397689029556
166117,0.0010911573042356017
166118,0.00056168373566248
166119,0.001250316501342612
166120,0.0009481261849965041
166121,0.0009172278266026541
166122,0.0019006816095756163
166123,0.009242930539857575
166124,0.0002879500531003513
166125,0.013156003889354149
166126,0.00025280168495073955
166127,0.9868198816769238
166128,0.004798370828157327
166129,0.0002555867860465448
166130,0.00042516491303475274
166131,0.00032530477517883264
166132,0.023649525368699104
166133,0.0007168149634240149
166134,0.0005174468246361457
166135,0.0007783539042001015
166136,0.00044677934184036186
166137,0.00032259999839310996
166138,0.0028531153831088465
166139,0.029318376544113945
166140,0.016005907779987283
166141,0.002913004066766392
166142,0.0011134221509496538
166143,0.0012877629681428018
166144,0.0004325212744634293
166145,0.0002290019151645414
166146,0.00018360498872530614
166147,0.0003551896304751169
166148,0.0675838268858764
166149,0.0002838328972869557
166150,0.0001780435906151523
166151,0.9776459950736781
166152,0.009081188952455906
166153,0.00019757664802385713
166154,0.0019555552654599824
166155,0.0016857599949669751
166156,0.00017359229690847253
166157,0.0014995372474233876
166158,0.0017324998326238759
166159,0.00015237370685000466
166160,0.0003513665989628927
166161,0.9951344840189184
166162,0.00010016978001373184
166163,0.0005454925844048916
166164,0.00024207637756124887
166165,0.0009462702802701478
166166,0.0012818569185901222
166167,0.0005396985902212001
166168,0.00570162246844587
166169,0.003144954263212081
166170,0.0011760096545147699
166171,0.0009699206228989182
166172,0.0008160197171125859
166173,0.0009809300826415512
166174,0.0007342284549477806
166175,0.003672998571757773
166176,0.009603042047450237
166177,0.002821098415026937
166178,0.0005899005269336444
166179,0.8085202626563419
166180,0.1373135653332107
166181,0.0006877078209237956
166182,0.0006665010613279434
166183,0.007254305142162479
166184,0.001888925087898781
166185,0.005922844306888719
166186,0.0009382348218293253
166187,0.0075054564053443915
166188,0.0001633933854641499
166189,0.0005145236038375362
166190,0.0009477871605127238
166191,0.9239780588963874
166192,0.0001807601544519686
166193,0.011110924915073055
166194,0.0029916341320257245
166195,0.0006192976880007438
166196,0.0004726675576465625
166197,0.4680300739198124
166198,0.0005590083114120768
166199,0.0007604850666103293
166200,0.055089168272195246
166201,0.0033111701076556925
166202,0.0005548123087134053
166203,0.0008742594176927741
166204,0.9948260381720483
166205,0.9310936117262709
166206,0.006700545314508701
166207,0.02450259573490003
166208,0.002176720731237787
166209,0.0007319256061405266
166210,0.22707475965888985
166211,0.0026304603822751085
166212,0.00043724408128656184
166213,0.010066854247806406
166214,0.0027148440939599163
166215,0.0003112169073892501
166216,0.001981207054262688
166217,0.0003291840811059112
166218,0.00020944728784346093
166219,0.0011731504920581574
166220,0.003778885637497066
166221,0.0036883277835181964
166222,0.0028945150750882315
166223,0.006130302041314489
166224,0.00015626328584210833
166225,0.001262359073713566
166226,0.00037095218859708285
166227,0.002293639963174161
166228,0.0010404383985192689
166229,0.925829493364926
166230,0.0003597223641459313
166231,0.00025099121397857525
166232,0.9817781457207825
166233,0.0019084172452729152
166234,0.0030339077037183624
166235,0.00022428898851950576
166236,0.0003273057428009152
166237,0.00045305127802658233
166238,0.00012099742272554383
166239,0.10601799956222661
166240,0.0005654838731678907
166241,0.8497053376972918
166242,0.0035887562140938063
166243,0.0025086874887523094
166244,0.9932259192404299
166245,0.0011148400087800858
166246,0.027277932133294467
166247,0.0027018928009017304
166248,0.00018328012891014237
166249,0.010971791904179656
166250,0.987981494761378
166251,0.00037467653584030393
166252,0.06264564736639885
166253,0.0025011653081109327
166254,0.0002745989810298361
166255,0.021745268277138775
166256,0.0006361784031958029
166257,0.0010124169410275585
166258,0.0011754073375772915
166259,0.008331339980964273
166260,0.022442915083361423
166261,0.000948086576095383
166262,0.002349706833007021
166263,0.005620282125896136
166264,0.005231977219871135
166265,0.0021009043230688783
166266,0.0006593468343520707
166267,0.00514569550600738
166268,0.0003218071861113955
166269,0.016268401978194756
166270,0.000620224482157547
166271,0.0006404405617536041
166272,0.0011293011326922566
166273,0.9961669024919622
166274,0.0014047803523840558
166275,0.0020907967955701916
166276,0.0402022039788374
166277,0.002964116111097493
166278,0.0013507258555458268
166279,0.0019360507551087682
166280,0.0008620511261411782
166281,0.0003217204714300753
166282,0.000218453736432448
166283,0.00279444267281741
166284,0.002960927432051979
166285,0.01134282894092769
166286,0.0007703704518076765
166287,0.0008216609299452468
166288,0.0007808912324459575
166289,0.003246477036450769
166290,0.9878774879050654
166291,0.0006600850637557673
166292,0.0003621468465615586
166293,0.9872948037077881
166294,0.00669087186227248
166295,0.0014588119210107876
166296,0.0027537848601261565
166297,0.0003206275945598437
166298,0.05038560030619331
166299,0.0034491915450242886
166300,0.0014050845587173296
166301,0.0006608204917354117
166302,0.002716264400485634
166303,0.010899962632126682
166304,0.00197364203521416
166305,0.0003270208439184819
166306,0.0022655060677714287
166307,0.0004345197947511862
166308,0.0019232566974633155
166309,0.008480182404505855
166310,0.0018259948973460846
166311,0.004847057497353007
166312,0.0009079156952468563
166313,0.0004152592764694865
166314,0.0005074965650250054
166315,0.00044090517727760797
166316,0.994148348031691
166317,0.0005711795009738449
166318,0.0008108688479324628
166319,0.03965552811947143
166320,0.0007999471388730021
166321,0.0002145031877678868
166322,0.00034613478289354687
166323,0.00021128047194195277
166324,0.0002748691771406075
166325,0.0028035978985769218
166326,0.9874775327121282
166327,0.9862364042729229
166328,0.0003704918115511362
166329,0.0004914405137069132
166330,0.0014950893832993762
166331,0.00023514189504867598
166332,0.0006523884978993594
166333,0.0006566363590247286
166334,0.0006809052968746403
166335,0.005597618609298625
166336,0.0001985492228665196
166337,0.0002187691921393764
166338,0.001973300372282319
166339,0.0005139589201414998
166340,0.9947347265081894
166341,0.0004388718575026254
166342,0.008771780814530946
166343,0.025940581888899614
166344,0.0003459869002717015
166345,0.00026376195589763996
166346,0.8815382479225717
166347,0.03809859869231488
166348,0.0007809099991389392
166349,0.0005042713088792206
166350,0.0003738023594892881
166351,0.0016869267406878126
166352,0.011366204275038887
166353,0.019725622439482355
166354,0.0008298673306845259
166355,0.0002245881695920866
166356,0.08331102656419646
166357,0.00025162373830917354
166358,0.9843006904988912
166359,0.00028569461307293743
166360,0.00045200816939048623
166361,0.0006427014725546263
166362,0.03710688978118934
166363,0.0014566304190887457
166364,0.00024116173493929748
166365,0.0002531014670867195
166366,0.0032991399016850135
166367,0.9944036921772409
166368,0.0055745069169780065
166369,0.00019940744176287397
166370,0.0001933265959057344
166371,0.0005459412111572603
166372,0.00030591560894011147
166373,0.0002943623268517246
166374,0.00036659451817448887
166375,0.9926275153895499
166376,0.0007003252671538924
166377,0.0014815899308775727
166378,0.00015279517420279683
166379,0.01008328808559723
166380,0.00034108926823449905
166381,0.9830279636805269
166382,0.8229678343951239
166383,0.001075745243132665
166384,0.0009737508623488518
166385,0.9948337397772934
166386,0.0014325605367100493
166387,0.02188497548828108
166388,0.003787515147418308
166389,0.0004055475071139009
166390,0.0018681430136547727
166391,0.00029155552000327713
166392,0.01401332513924694
166393,0.9941604443327402
166394,0.007695835242071239
166395,0.00022774228290857256
166396,0.0014549183902184256
166397,0.004011107476849553
166398,0.9945039784945601
166399,0.0026184432786616947
166400,0.0032396000652968006
166401,0.001146758058736452
166402,0.0003786483909202052
166403,0.00020465459127014344
166404,0.000244815112901409
166405,0.008711976673782686
166406,0.0004341596942116415
166407,0.0014685322037967746
166408,0.00030200619658928116
166409,0.0063157557768764505
166410,0.0007723528959592127
166411,0.9914419821852773
166412,0.0007644550085573728
166413,0.0030558641400615016
166414,0.009016309452782636
166415,0.0003373068604683536
166416,0.0002858906219538305
166417,0.00025662075248704516
166418,0.0009785031495135692
166419,0.015400611578622209
166420,0.002581278551686348
166421,0.000664718534423066
166422,0.0070152025588018484
166423,0.002019472468315935
166424,0.00022163154769741899
166425,0.0007753869302702363
166426,0.021589736047687942
166427,0.0007600806536384921
166428,0.004985159018297058
166429,0.0014674549156123142
166430,0.00017730296957382848
166431,0.0003835487331891181
166432,0.021891455934968673
166433,0.0005100026209400412
166434,0.0004472874721735669
166435,0.00015560218487279838
166436,0.0012206086574621138
166437,0.000578913901611873
166438,0.0010775789871645264
166439,0.0002471516669463667
166440,0.009563670851935805
166441,0.0002060681361427044
166442,0.0020877177365804596
166443,0.013850421243546343
166444,0.009664221659670432
166445,0.00039779715621057407
166446,0.0008053225132039468
166447,0.9902309474978034
166448,0.0016098686512741858
166449,0.00047017315929107404
166450,0.009014452677128446
166451,0.003670100327097584
166452,0.002048791219607808
166453,0.00021407404191939127
166454,0.06766319641617988
166455,0.0005165558358650379
166456,0.0003665253959504088
166457,0.008573220171750101
166458,0.8952727705109688
166459,0.001987988514081094
166460,0.0003192158751719586
166461,0.9887913280241079
166462,0.00037802747620419795
166463,0.0001963843997210752
166464,0.0001619797108798873
166465,0.0005793930369214963
166466,0.00021307924676063872
166467,0.007248068024554133
166468,0.0011694310340804117
166469,0.00029698395974860883
166470,0.0006647543671670837
166471,0.0002108874282554344
166472,0.0009675212673470393
166473,0.9957723062731367
166474,0.000552239595772513
166475,0.984808680872349
166476,0.06789035332131603
166477,0.0009021828660927333
166478,0.003363123699517648
166479,0.00038049472032339836
166480,0.0008663009602577144
166481,0.0031606158842496716
166482,0.003433514859813024
166483,0.03915879132853429
166484,0.0003948130786942516
166485,0.0005931752380964112
166486,0.0050228194319489276
166487,0.009181505257462738
166488,0.03872904371782225
166489,0.9960924858886708
166490,0.0007864222017515081
166491,0.9908643276627715
166492,0.0003048122281026227
166493,0.12832247505565547
166494,0.0004979471237491957
166495,0.00011141954075326043
166496,0.0008514185840037517
166497,0.001103478573656959
166498,0.9908496919575801
166499,0.00015064321804278093
166500,0.0002955072290332608
166501,0.8466231858829432
166502,0.013866913195544719
166503,0.003618142121964172
166504,0.00024339918028071233
166505,0.9690882584807139
166506,0.0008807376640312308
166507,0.00025682319619625764
166508,0.0003703934453262582
166509,0.0001718917511119977
166510,0.013223451707946823
166511,0.005000491212568977
166512,0.636694580520497
166513,0.9913116954049931
166514,0.0007847888379806104
166515,0.010115648783794359
166516,0.00022748913092105795
166517,0.016616912184062114
166518,0.0004047884505261931
166519,0.0010286852573246875
166520,0.0014999682914609682
166521,0.00031205309927879126
166522,0.03442209757048079
166523,0.2385756599281707
166524,0.0002691067481716966
166525,0.003106621690054904
166526,0.0014862144248727802
166527,0.3089896066231473
166528,0.0021820294579307253
166529,0.0002657805969158191
166530,0.03733043953628735
166531,0.0004003958112256941
166532,0.009379747377922935
166533,0.009573231152326693
166534,0.0005148012426718463
166535,0.0005167424324201905
166536,0.0022488664208381724
166537,0.9885872158020558
166538,0.0005633403877485154
166539,0.0009040227890824058
166540,0.002909764644617551
166541,0.0006330171445258642
166542,0.0003940343816173496
166543,0.0003899707058386492
166544,0.001710719244466844
166545,0.0059003739588187505
166546,0.48687923667436356
166547,0.993143254263045
166548,0.0004042749029135354
166549,0.0010303737272152516
166550,0.05305354500046646
166551,0.006123348247063728
166552,0.5423525856513307
166553,0.0022470948012460715
166554,0.027842307113005563
166555,0.0006843683482751354
166556,0.00015968270388000446
166557,0.004859891580339031
166558,0.0002617171839654673
166559,0.0002993019145549386
166560,0.0013075886951194834
166561,0.031777783130900836
166562,0.0007195690285728147
166563,0.0003748422014738969
166564,0.0005669391196206715
166565,0.00033110945182499897
166566,0.0009563212248981864
166567,0.7590809218613984
166568,0.0018727894343453573
166569,0.0005807180727687795
166570,0.00046068133539357555
166571,0.011989608080172676
166572,0.000691604707737014
166573,0.0031355096274838
166574,0.0026305559081975
166575,0.0008254163933881087
166576,0.0002042652038857831
166577,0.0009473282241430665
166578,0.013146564869627656
166579,0.0003674606004636705
166580,0.007218559543175983
166581,0.0005297540192533756
166582,0.000601372542466658
166583,0.00039714179694814934
166584,0.9942733720752017
166585,0.005342787187858198
166586,0.0008562042408582532
166587,0.05409397501205892
166588,0.0006910894959167384
166589,0.007570606914970762
166590,0.0010186927110851633
166591,0.004859992581383269
166592,0.0007258337184314578
166593,0.0004705556927994573
166594,0.001003434435827367
166595,0.0013104948545072893
166596,0.01671818643243727
166597,0.000541167577719468
166598,0.0033343585010431093
166599,0.026201434316093175
166600,0.005242350610844741
166601,0.01662465690040069
166602,0.6240929763654806
166603,0.007751893710096741
166604,0.001997548560295413
166605,0.0005199606102778742
166606,0.10230787527008418
166607,0.039326300463950276
166608,0.000873980813660467
166609,0.0022282691440149143
166610,0.00034496627050039936
166611,0.0002732766144577378
166612,0.9896007239452217
166613,0.0014104175179016241
166614,0.013074013333001996
166615,0.005166150199402286
166616,0.001203013862450651
166617,0.12267111050468815
166618,0.0024337922328550804
166619,0.00013860517878768909
166620,0.00022098843034088126
166621,0.002778198203861316
166622,0.4030386581441172
166623,0.000389400707781656
166624,0.005998616143057795
166625,0.0011137005613692603
166626,0.7875980427557565
166627,0.008924860076263624
166628,0.003681346970889598
166629,0.00019745601716727865
166630,0.9938587261806118
166631,0.9886298891201785
166632,0.00043678453012433886
166633,0.0002652174814275951
166634,0.9932313505716855
166635,0.0003760023058858686
166636,0.0004871142335359847
166637,0.9918869944184753
166638,0.0007032389001029074
166639,0.05007970940065396
166640,0.0016850504046565015
166641,0.0014248135425384044
166642,0.001004905369915421
166643,0.0007794571023645299
166644,0.039265415941156116
166645,0.011892722772412902
166646,0.00016867561674395497
166647,0.002914192557390839
166648,0.0002457664346668739
166649,0.00023638326848610813
166650,0.004462296663699187
166651,0.00034894116076759847
166652,0.0008077311890045796
166653,0.0006051386954195266
166654,0.000243568686744271
166655,0.0008533054430297045
166656,0.0005882135930290032
166657,0.0007426030214077071
166658,0.016952868076734556
166659,0.0023652414357306618
166660,0.0011145811076217528
166661,0.0001532793083410628
166662,0.0005534260710583507
166663,0.00038035620461104674
166664,0.00026737609186804783
166665,0.00017431189190430192
166666,0.0002130665940996081
166667,0.0002063910389782573
166668,0.012650012244423046
166669,0.006063936437288661
166670,0.003511491888314931
166671,0.001407699409797269
166672,0.006227611474152349
166673,0.0002922922502606522
166674,0.00019338582777936
166675,0.020772527306317293
166676,0.0020654860081187653
166677,0.0012695376098025817
166678,0.014004928373573611
166679,0.002735715349985421
166680,0.00047113489018549065
166681,0.0005292765484638324
166682,0.03876723526309719
166683,0.0003405967888101349
166684,0.00036446255315299755
166685,0.00030843740008096163
166686,0.00044246704778036397
166687,0.005670615201972953
166688,0.00026836331567362253
166689,0.0036655399822810267
166690,0.00047450913224834554
166691,0.9869614897494217
166692,0.0007095180746081573
166693,0.0030344790772070633
166694,0.9553912813125163
166695,0.0052727259353077365
166696,0.9239536871397578
166697,0.0007487048490743952
166698,0.0027531156726291845
166699,0.0016529373481443286
166700,0.004775024372819573
166701,0.007659188838076318
166702,0.0005161368072856367
166703,0.0015073236682662163
166704,0.0015020717036549668
166705,0.0005854556250269075
166706,0.0016864703230775246
166707,0.0005252497620708429
166708,0.9868193402104875
166709,0.039740588319134844
166710,0.0003365467048604335
166711,0.0012264556444219255
166712,0.9901302113325406
166713,0.09554480282760097
166714,0.007197750996057688
166715,0.0006200452483070369
166716,0.0035472892302383092
166717,0.00023715513440085388
166718,0.9832861329040952
166719,0.0372506393915492
166720,0.00033734287004487016
166721,0.011004834215675637
166722,0.0010692375710551374
166723,0.986612230049293
166724,0.0004469585735859981
166725,0.0006082914434708858
166726,0.01965326164571546
166727,0.0010911421339493393
166728,0.001691642747870664
166729,0.0031465087091543968
166730,0.003494817441432268
166731,0.00024168938246783646
166732,0.0004955554750635868
166733,0.00032965317989488844
166734,0.07685907764599498
166735,0.0025578272219410145
166736,0.00040968858057451464
166737,0.0009804203754558863
166738,0.0029556006937599922
166739,0.003981073980209038
166740,0.0032730020088945397
166741,0.04555207749678583
166742,0.0006711861612601113
166743,0.0023980682310201355
166744,0.00040341609306837844
166745,0.03543490053500555
166746,0.00029617355634430683
166747,0.0005156266039471654
166748,0.0012404790645348207
166749,0.0019419310256628421
166750,0.0011716729146074639
166751,0.0017462414522135528
166752,0.0014702820330114582
166753,0.0005672076051421568
166754,0.006139947123577762
166755,0.01770574186699847
166756,0.00045345508587536835
166757,0.00015620838653584046
166758,0.0011459677199781501
166759,0.0008879757189431466
166760,0.001492758389444745
166761,0.9859532883772476
166762,0.0005786545959291018
166763,0.0014159967047958197
166764,0.00022644165177111223
166765,0.0006856120303506289
166766,0.003648082851648979
166767,0.7167796178388407
166768,0.0007213910925355975
166769,0.000588579400833176
166770,0.009696812723757567
166771,0.0006012476277874106
166772,0.0006593831050639155
166773,0.0007385642292972351
166774,0.00021415838933386765
166775,0.33519530149900933
166776,0.0005629338922935692
166777,0.0006494806870044324
166778,0.0002622547632327805
166779,0.0003079179811868641
166780,0.0009370970602197343
166781,0.0384787155000772
166782,0.0013823576513402073
166783,0.0010970213488072653
166784,0.007058810955126407
166785,0.00017001344147566335
166786,0.0006256306154900528
166787,0.0006349703503308131
166788,0.01596991607328506
166789,0.007546046576184452
166790,0.0044353350542545075
166791,0.0006638554299372442
166792,0.00024856924664085864
166793,0.00047342985730411955
166794,0.0020276169708186758
166795,0.0008000214183807683
166796,0.0018393109606440047
166797,0.0004468665197322107
166798,0.012791224203015162
166799,0.000557120386449258
166800,0.0008810267835691633
166801,0.0672686277653055
166802,0.0031054455443092223
166803,0.0019231478705991753
166804,0.002458179466309144
166805,0.0017530432748849923
166806,0.00039524057536306545
166807,0.03315186530784176
166808,0.0008873214799404936
166809,0.9896461417785094
166810,0.0038090093282739483
166811,0.0011584905753090485
166812,0.00038699797857651017
166813,0.0010955733271741871
166814,0.0005967269661742213
166815,0.0006357938644998624
166816,0.0008474218476669021
166817,0.052314849159028357
166818,0.00040199172524607276
166819,0.0004278170800561544
166820,0.014064143293689914
166821,0.00033496664448834395
166822,0.0002455689340255765
166823,0.0002743174444408324
166824,0.01696818782219658
166825,0.0007123923773948434
166826,0.0001981662482797042
166827,0.021669889750431284
166828,0.994437234234112
166829,0.0013416325344567318
166830,0.001437707601567724
166831,0.9861782145030221
166832,0.0009145246641124055
166833,0.8605841878632384
166834,0.006033370064346386
166835,0.0008021862156416397
166836,0.00013338228921845992
166837,0.9875066651715684
166838,0.9875771766987467
166839,0.0007223903010906154
166840,0.09065930909358076
166841,0.0031090802132888516
166842,0.0003026328972664456
166843,0.00016042603318507602
166844,0.0004856669544622849
166845,0.9891870591046619
166846,0.00025149853939478763
166847,0.00287700466478042
166848,0.0002649176349890496
166849,0.06520723675031881
166850,0.01669828590581511
166851,0.0005203989800749505
166852,0.0002776321699901585
166853,0.026248266930222416
166854,0.00039494430331216807
166855,0.0002809878493468079
166856,0.0009453716058478154
166857,0.013866187384844573
166858,0.0001243688803790373
166859,0.0002578249910338178
166860,0.00023984695045305054
166861,0.0003810866960969736
166862,0.0001621136593751587
166863,0.0007951166975228394
166864,0.00043104133669178015
166865,0.003871666545295285
166866,0.021187226553597054
166867,0.00014037416086618183
166868,0.0010992228622547916
166869,0.9930795365189179
166870,0.031244365760308423
166871,0.12199391622076729
166872,0.0004516849454219841
166873,0.0002572671026017548
166874,0.0002553640885725399
166875,0.0007027091626791536
166876,0.00037751710751648314
166877,0.00496901937196714
166878,0.0001360963497178038
166879,0.0009048451401768018
166880,0.991001263559904
166881,0.00013328084755335324
166882,0.028323214265574027
166883,0.02644591527053477
166884,0.007401411914789059
166885,0.00021503075285563168
166886,0.003387630318581415
166887,0.00019358297273148814
166888,0.0004130560101676367
166889,0.00018592179281177687
166890,0.0009133508498317964
166891,0.9918360172125595
166892,0.9856794773505521
166893,0.8202102174810633
166894,0.00041303776101678355
166895,0.0002913980310230153
166896,0.9909016974726512
166897,0.04244581082280331
166898,0.0007234594283367145
166899,0.00030683779490025745
166900,0.001219061981040749
166901,0.0002708398864189449
166902,0.8861101624004689
166903,0.0017332041808042228
166904,0.004099223233020177
166905,0.00043487249481025526
166906,0.00033873788464389685
166907,0.00021076689387378554
166908,0.0002723628049029014
166909,0.0017514275572412241
166910,0.025244072926401125
166911,0.005640665044435619
166912,0.0003068458851155538
166913,0.00029129536046148337
166914,0.00018935947728205776
166915,0.00025309906830914
166916,0.0019334941131061072
166917,0.00033012312406245696
166918,0.00020533240293270062
166919,0.00018555357695336963
166920,0.26182677816412114
166921,0.001411835856827551
166922,0.0002855676822273137
166923,0.0008597875429372791
166924,0.0002844714841315613
166925,0.9745857903527444
166926,0.016799555534318104
166927,0.000746764930286636
166928,0.00019384448496554004
166929,0.0002633794809724224
166930,0.00028704779378370155
166931,0.0006794409866414821
166932,0.001237582993942875
166933,0.0013696355480394982
166934,0.0008765531006109011
166935,0.24317909946183908
166936,0.9881226901167128
166937,0.0008699518321287064
166938,0.05451733091533875
166939,0.09963422679267062
166940,0.0052442680126529445
166941,0.008643075790787392
166942,0.0005090491205248873
166943,0.0010460764808463672
166944,0.00119940990898993
166945,0.987283194668825
166946,0.0006277777751491928
166947,0.0010639073054134528
166948,0.00325709384837236
166949,0.0006380110435253163
166950,0.0023924074273978177
166951,0.01887601805247163
166952,0.8863122040172244
166953,0.25768416809351186
166954,0.0050158930762168675
166955,0.0013440539869663468
166956,0.03381527262772311
166957,0.0034835039793971066
166958,0.008056723658144766
166959,0.0005026969708306388
166960,0.0003043633956947416
166961,0.000833104121274136
166962,0.0003373799603101868
166963,0.00011291131149692224
166964,0.001094289697662219
166965,0.0014817137298117002
166966,0.0003157015169057489
166967,0.0007846590146714987
166968,0.0014163660331923753
166969,0.0013978844308812012
166970,0.0006164546135656007
166971,0.00026107040265578357
166972,0.00023574020609587823
166973,0.00025047312005629794
166974,0.0016174591327245101
166975,0.00017178118675216576
166976,0.0010619231139592377
166977,0.0006055271090054479
166978,0.0004367157284720809
166979,0.0002542682606232213
166980,0.0023972403132954357
166981,0.0004893652256757993
166982,0.004109797423849584
166983,0.4027470825045851
166984,0.023500789622399956
166985,0.0012444678143766499
166986,0.9977940749383845
166987,0.9905404149319796
166988,0.003663660819250926
166989,0.0010195534161060106
166990,0.0005810004853834335
166991,0.00041573482821255243
166992,0.20855055186564628
166993,0.0037197306988778866
166994,0.0005515875053047992
166995,0.002195640593808597
166996,0.0002808868534952583
166997,0.10938095272003745
166998,0.00026175924723311324
166999,0.0028538026866153387
167000,0.014098161718369877
167001,0.0021793008013925516
167002,0.0056073272351135255
167003,0.9743861054226233
167004,0.0003533626550867403
167005,0.001097885989966659
167006,0.000414824580168096
167007,0.0012715343900517517
167008,0.0005414146136433178
167009,0.0002771457566875607
167010,0.00012995024256353603
167011,0.00031532198816372963
167012,0.025336896860156905
167013,0.0010582337689276822
167014,0.0013597166759351197
167015,0.9922703722506153
167016,0.0006942303792682248
167017,0.0005866001593539358
167018,0.001272929588757331
167019,0.0006602689616350523
167020,0.0005364226412321425
167021,0.0017619761352283265
167022,0.007230633880071998
167023,0.0007261983031469347
167024,0.0015350759742818667
167025,0.0037434778173276507
167026,0.002226027473881548
167027,0.06009115075601006
167028,0.051380312946118174
167029,0.0003688405341080361
167030,0.9923034990792167
167031,0.0013186390558845948
167032,0.00038329945428796394
167033,0.036054435362026654
167034,0.0026672472345580602
167035,0.012055651931974396
167036,0.00045085816109689526
167037,0.0008452600793277061
167038,0.008846441908975728
167039,0.9868982741302104
167040,0.9748346857781592
167041,0.0011610441749295142
167042,0.0007102745427926473
167043,0.00040322739972928643
167044,0.0003125136565963677
167045,0.0008161954374234489
167046,0.006564593228179278
167047,0.9833695311425688
167048,0.010190600249528635
167049,0.0003477145975940432
167050,0.00027997753011768135
167051,0.0012293930093825035
167052,0.0007697783494223504
167053,0.0036948383461747484
167054,0.007004870532166983
167055,0.0003274318712665408
167056,0.0004904771646867938
167057,0.000635741305771432
167058,0.5053068313355211
167059,0.003506759489144999
167060,0.0002633983037931479
167061,0.0014824664368872187
167062,0.0006545200267653442
167063,0.00022066473070396543
167064,0.007623216289475316
167065,0.0004375888045194427
167066,0.0004430697922228313
167067,0.0003457995746359682
167068,0.03516608774041675
167069,0.003312108719532222
167070,0.010166432967111184
167071,0.20199634047389037
167072,0.000556740335026675
167073,0.004252004137621379
167074,0.002184892226543953
167075,0.0015333687177147629
167076,0.01977157774665304
167077,0.0037254264974807194
167078,0.0007039940067168762
167079,0.9933927452088337
167080,0.00022433836357513162
167081,0.0039048762348808438
167082,0.9930158343823123
167083,0.00046940784772948375
167084,0.00014071329953397983
167085,0.030922329361289344
167086,0.00031369409801262443
167087,0.0024627149484783262
167088,0.0005309005227471308
167089,0.12431216151552957
167090,0.0012450037263461331
167091,0.00041325911772097324
167092,0.007314687355995654
167093,0.0001847891364533159
167094,0.0029743409529043143
167095,0.000621414635528853
167096,0.0010343314727543848
167097,0.0004878386506248906
167098,0.0011412020416889934
167099,0.015706572052995565
167100,0.0007239673747514179
167101,0.0009522327080229289
167102,0.9942692750311046
167103,0.008170782864473152
167104,0.0008294129797015888
167105,0.017914534310893314
167106,0.04648955521238689
167107,0.0011441602477288671
167108,0.0004054278726083544
167109,0.002097366990380931
167110,0.0001242414656044572
167111,0.5907434146703018
167112,0.00046870503338532655
167113,0.000553258428105856
167114,0.0009151221905924863
167115,0.0003258721289785397
167116,0.0016724409147462471
167117,0.0005917095018227363
167118,0.00014458444680458192
167119,0.00020328337688045643
167120,0.000934148150835165
167121,0.010044403130603312
167122,0.00036869150300458133
167123,0.0076959065234634035
167124,0.0010335585172092721
167125,0.000935400501095162
167126,0.00031567707738004144
167127,0.003021523379750182
167128,0.06904319823657076
167129,0.006210567896420895
167130,0.0004982444023442859
167131,0.0012671803596203866
167132,0.9916683004732968
167133,0.00491243388116572
167134,0.12292442297163476
167135,0.007273355342570988
167136,0.00300366196596359
167137,0.11319030191292727
167138,0.0005020510361938
167139,0.08327039217566778
167140,0.00024435618269396
167141,0.9810313161486013
167142,0.00026433430732822387
167143,0.002028994171487103
167144,0.11089289343192169
167145,0.0014690740786648124
167146,0.0003419941274220786
167147,0.0007817531465153294
167148,0.0013370609573513745
167149,0.00016790204277248533
167150,0.0006422290831304032
167151,0.0009904804551024453
167152,0.0001577683168637181
167153,0.00015775760328351162
167154,0.055622135363974784
167155,0.00034835593757052334
167156,0.00023842440467899617
167157,0.0003297223950697676
167158,0.029284921064352883
167159,0.9924498333217862
167160,0.059245758735992055
167161,0.0043879552307449984
167162,0.0002448025259895854
167163,0.0033458327851910085
167164,0.002572965676766721
167165,0.00030529109884928804
167166,0.00040341518464996373
167167,0.025391667001452425
167168,0.00042848028282746015
167169,0.0006142880748065513
167170,0.011463795253651344
167171,0.0004092697845868555
167172,0.001381342261248862
167173,0.14690068569376305
167174,0.06955751117676039
167175,0.0059877684178725075
167176,0.9891526948763676
167177,0.0008456644823303012
167178,0.0010733731688345187
167179,0.0007375235863038784
167180,0.0006091176658303756
167181,0.00226150213609979
167182,0.0006677979753936595
167183,0.004352347830548702
167184,0.09731447254742724
167185,0.003516186422274488
167186,0.0010567409026663848
167187,0.04596349316870016
167188,0.00039215138898295726
167189,0.004822296265619673
167190,0.3402350780293479
167191,0.00481189735452886
167192,0.0012212757768624899
167193,0.004924962626791635
167194,0.00024390221903861732
167195,0.10192461212564884
167196,0.0010267619655036219
167197,0.9920582274328466
167198,0.011536615385827136
167199,0.9924233808150352
167200,0.002291951076398691
167201,0.0009597057149108724
167202,0.0009097376353103504
167203,0.0014985222546003722
167204,0.04104724355066763
167205,0.001840978042234214
167206,0.9935907976401741
167207,0.0014065835076401915
167208,0.0032365785876084002
167209,0.0002367533497287438
167210,0.0010747711356169684
167211,0.003600650280812413
167212,0.03945907924769843
167213,0.0007738883481563244
167214,0.0009936838713361625
167215,0.025323138939967797
167216,0.0007566496143058412
167217,0.07256073303374252
167218,0.0005011565472328569
167219,0.0004678050032146097
167220,0.00047168731947625577
167221,0.00021461734338031456
167222,0.00022388809208675524
167223,0.07010655660690278
167224,0.003906253116413546
167225,0.0006450944560410441
167226,0.12730362111559487
167227,0.00043837651550774633
167228,0.0028985368976363448
167229,0.00024948372202337777
167230,0.00025052748754135723
167231,0.0008246240620892048
167232,0.00021687813870970604
167233,0.00310002861743973
167234,0.04087027890751746
167235,0.0003685218168828661
167236,0.0003202611980402014
167237,0.0647993871004287
167238,0.0012348107875990986
167239,0.0011599601161005647
167240,0.028073439617093823
167241,0.0004092268574980082
167242,0.980481228067415
167243,0.0003406501860575754
167244,0.023668903544732105
167245,0.9877026848036367
167246,0.0015775760961377497
167247,0.0012828866805230054
167248,0.0004161552807724337
167249,0.004545874853516993
167250,0.0004256989244637641
167251,0.00025300866726492256
167252,0.001077446769689312
167253,0.0008520741584333196
167254,0.0002559751402479662
167255,0.0006146933827048395
167256,0.0003212445401264601
167257,0.02311220166621108
167258,0.043937659791157026
167259,0.003954535985486787
167260,0.0004842146219159173
167261,0.0010121261461721602
167262,0.0010004854847730843
167263,0.0009425718993044168
167264,0.01582976496311216
167265,0.0015992648493678382
167266,0.0001745587976976023
167267,0.0006765700286546158
167268,0.6460127349975299
167269,0.0032232917140269965
167270,0.01069072214079724
167271,0.00036610537721244843
167272,0.011888701686079266
167273,0.0003594318962383105
167274,0.0008527583965705534
167275,0.0011822139016195732
167276,0.0004907229273961625
167277,0.0004532143702311445
167278,0.00031042890957694693
167279,0.006379314865527713
167280,0.2266655177647009
167281,0.005334324268627744
167282,0.9968658655357656
167283,0.031092401703081435
167284,0.0008506317633680427
167285,0.0013685224574408767
167286,0.0003368327370894254
167287,0.0001673804267692578
167288,0.0898910595164877
167289,0.004962488522702775
167290,0.001258429210996843
167291,0.0013673790403772935
167292,0.9335737766023535
167293,0.0014892307646526923
167294,0.007947867063407136
167295,0.0007163584917756519
167296,0.0010920001208675905
167297,0.0060527379704513815
167298,0.00946121925962214
167299,0.9938946602687581
167300,0.0002526874540836413
167301,0.001607086055453598
167302,0.0016399528197545892
167303,0.0055810989197599865
167304,0.05476452521907748
167305,0.00018380391057430014
167306,0.00024148153520454132
167307,0.0012560599463436446
167308,0.00035856065373399403
167309,0.0018018574793424401
167310,0.00989928623246962
167311,0.0003027314808592803
167312,0.0017264426549691298
167313,0.005771873343523701
167314,0.0006976161202921814
167315,0.021508960358534904
167316,0.0004901747238796458
167317,0.00033855420862753856
167318,0.0005081327332167004
167319,0.0007992143149949972
167320,0.0004956272787733959
167321,0.00021588863860927718
167322,0.000743673619955402
167323,0.00012720196125478903
167324,0.002093024552919904
167325,0.0005253848410612628
167326,0.0006882230556448818
167327,0.0006767486137943154
167328,0.0003560093235098951
167329,0.0006138590664232734
167330,0.9871316623055651
167331,0.007200641554284411
167332,0.00014933771034468575
167333,0.003549886721637645
167334,0.0024697999022734703
167335,0.0003266104482083512
167336,0.0008339577571308452
167337,0.0012684272560153028
167338,0.058077104716914435
167339,0.9743802931143137
167340,0.00018828205530313925
167341,0.002866159633228091
167342,0.0002888195833141354
167343,0.9916795899713898
167344,0.0005491132799252715
167345,0.8101237718214599
167346,0.004849901018215312
167347,0.0002952022037623334
167348,0.00044834355719924646
167349,0.00012945949005857793
167350,0.0005150845316769635
167351,0.0002758222290143718
167352,0.03348949645369565
167353,0.0002069476208122968
167354,0.0011586439052878514
167355,0.0010143726190997469
167356,0.002865622563834795
167357,0.00326312118894267
167358,0.002248725068604962
167359,0.0015950203297539667
167360,0.00041701542132850953
167361,0.0080486430419161
167362,0.0007804784167787008
167363,0.0007217963811660908
167364,0.0002799655429658445
167365,0.0009419708827470144
167366,0.0023363410956830904
167367,0.9824095288634159
167368,0.00019641339094080546
167369,0.00023374103350870155
167370,0.0011957227525009593
167371,0.0009623994696727861
167372,0.07213475273737861
167373,0.011896931961631524
167374,0.26839923912090125
167375,0.001109472221039051
167376,0.00019633535606920928
167377,0.9888857713067885
167378,0.0005308140906121416
167379,0.0031559826859004552
167380,0.002747945373188184
167381,0.03355323581442665
167382,0.0055014370807394
167383,0.994456542404339
167384,0.04162794481770832
167385,0.9913651025179374
167386,0.0015378546385319634
167387,0.0005923423872933725
167388,0.000257781787099248
167389,0.00025692665290886867
167390,0.00032657717451102915
167391,0.0036437044615680527
167392,0.001425869024003152
167393,0.0009539079954392055
167394,0.8665664275474095
167395,0.001009182238500354
167396,0.0013569009222284309
167397,0.0014178792702720926
167398,0.0013101623291640705
167399,0.9949527085070822
167400,0.004144671429058784
167401,0.0015715390206284727
167402,0.00036418645732735016
167403,0.032569621637393416
167404,0.9909096068777143
167405,0.009802040629704176
167406,0.00042822162214900013
167407,0.01585157593781034
167408,0.00020016550977961095
167409,0.007958925962267185
167410,0.00014293955529167803
167411,0.0017749966114516088
167412,0.011582439806521936
167413,0.0005978294734371997
167414,0.0003507324248476448
167415,0.0002511962697315858
167416,0.0002525369868507694
167417,0.00023742165999142588
167418,0.0008115955649233137
167419,0.0006685310369033695
167420,0.0005903378173351292
167421,0.0017284803881979709
167422,0.00019482161404388862
167423,0.0012085438093678482
167424,0.004058640842185105
167425,0.0008600555320850884
167426,0.0004382905125488709
167427,0.0008033146877567082
167428,0.0004261759886938715
167429,0.02486714670726462
167430,0.0013103421748565096
167431,0.018400441755646337
167432,0.013352168496654377
167433,0.0005419850971941919
167434,0.0003018122373601376
167435,0.0065527035076230825
167436,0.0006700359323107037
167437,0.0002187196044666696
167438,0.13282036008643325
167439,0.00028824963590511434
167440,0.0010418458757838185
167441,0.011594819599505113
167442,0.004804697301778479
167443,0.001891042808378875
167444,0.00013185733782577596
167445,0.001025731422383257
167446,0.0011012300026818555
167447,0.0606356424226507
167448,0.0004669857245719454
167449,0.8088640582441453
167450,0.9925855038122576
167451,0.929894080004485
167452,0.00025671271246487885
167453,0.026435009524833478
167454,0.006044765311203262
167455,0.0021796807843243973
167456,0.00027889072801768434
167457,0.0006610365397338756
167458,0.0007951447811774616
167459,0.0003175081773687511
167460,0.0017994533492168496
167461,0.0005243387037156
167462,0.0015173988195630178
167463,0.0005509944122347752
167464,0.019642590777701315
167465,0.006543132047819018
167466,0.0008916365395248293
167467,0.00046349014728669797
167468,0.0003546343620036549
167469,0.0003105251023318039
167470,0.0020547120230939206
167471,0.9869353783616727
167472,0.030902175155124282
167473,0.9915732485781072
167474,0.00863963890723606
167475,0.0006554317795259428
167476,0.0017468338549590755
167477,0.00219099926829014
167478,0.0003478086459820442
167479,0.0005947727251952899
167480,0.0023000005897177737
167481,0.000569366695556863
167482,0.002426756397084077
167483,0.001764952934965293
167484,0.0023971868609103894
167485,0.0012370328374165457
167486,0.0048774800227360145
167487,0.00019722459892877696
167488,0.16193797576266505
167489,0.0002787151329595855
167490,0.008297516088193608
167491,0.003353120841644553
167492,0.0022502813403419007
167493,0.0043545927343894425
167494,0.0005350131538649148
167495,0.9897652068249889
167496,0.0010365246697891985
167497,0.0012128876960023356
167498,0.9839371546043365
167499,0.00034817621108768337
167500,0.010302654849767386
167501,0.00179390704986634
167502,0.00017119351160758048
167503,0.09679573706741268
167504,0.9827773811913421
167505,0.01632537532724077
167506,0.0009812254480051387
167507,0.0004134301867104866
167508,0.0001720999336063072
167509,0.0007832943103522025
167510,0.028677563396406043
167511,0.00042251816877468513
167512,0.0009214786311588923
167513,0.0005520342914089771
167514,0.0005222343796790642
167515,0.0016802394033539213
167516,0.00023910706473703836
167517,0.00030895958574363977
167518,0.0007409534499233312
167519,0.02658239017154257
167520,0.0010096287160637001
167521,0.002348620412358008
167522,0.0005981773117508073
167523,0.027022098502547977
167524,0.9904954671794891
167525,0.0008051184255718048
167526,0.9813509178053683
167527,0.0003931672667789948
167528,0.0007161406524229623
167529,0.0005070374714140735
167530,0.0007110824654906955
167531,0.020427096252132695
167532,0.001834836227794735
167533,0.19352298058552928
167534,0.000437055195339228
167535,0.0003653401462642225
167536,0.0004001286391331821
167537,0.007887190788727133
167538,0.013110898941008383
167539,0.0020831733174869983
167540,0.026651306455368434
167541,0.0003005855671434415
167542,0.00021055221375054035
167543,0.00046067137862198105
167544,0.00048320410624641265
167545,0.0035466209712445708
167546,0.0003226192463057685
167547,0.9934472159122183
167548,0.0003834751149497898
167549,0.0002873127728783143
167550,0.0007687622808183116
167551,0.9883952015412122
167552,0.0037453353413021443
167553,0.0007911841497949473
167554,0.0007692338275792084
167555,0.00020251333833270374
167556,0.0019351888784017884
167557,0.02479324279274266
167558,0.0002541745416306823
167559,0.8263719199431634
167560,0.00015676003779959257
167561,0.1801278951432168
167562,0.0003669298864165351
167563,0.00021174264077899048
167564,0.0007474347103228667
167565,0.003540716917548517
167566,0.0005629774814753354
167567,0.0006657344296578312
167568,0.0009203327315578275
167569,0.0012149779749679845
167570,0.22308072702873233
167571,0.0008007857794781986
167572,0.000297113122019033
167573,0.00015155963546963384
167574,0.0007384720987036518
167575,0.0001598683202096038
167576,0.00042743538969659974
167577,0.0003523459166566665
167578,0.00020297014266954706
167579,0.6467561065767509
167580,0.0016414971806159768
167581,0.04168503764432049
167582,0.023767340276378474
167583,0.9891417869955206
167584,0.0008011627415969805
167585,0.00027640655608408176
167586,0.00022781011979147262
167587,0.00021167558946665044
167588,0.0002654003129785081
167589,0.0028604357334207926
167590,0.00025761673191265717
167591,0.018354703806036033
167592,0.978236841069509
167593,0.0007731130607560397
167594,0.00045911742242157487
167595,0.006077182088260695
167596,0.000309698035375248
167597,0.000277327661508755
167598,0.00027884878118532714
167599,0.001731730129805283
167600,0.00014194559221334318
167601,0.00024958194834539605
167602,0.008121194605464982
167603,0.0013361339824596444
167604,0.001979913978700366
167605,0.0007639301285978632
167606,0.0036208145442020094
167607,0.002036814601943913
167608,0.00040663424882596717
167609,0.02033209911314714
167610,0.0033504027342188317
167611,0.0004465597936674559
167612,0.0002565879307326955
167613,0.00197846838649969
167614,0.0017107202238132138
167615,0.043681835122088064
167616,0.00043976759137759705
167617,0.0005823818639797293
167618,0.0005972757423492439
167619,0.07518551466323439
167620,0.0005083543432398787
167621,0.0005046555509580311
167622,0.00010551739741481412
167623,0.8013602613441925
167624,0.014149969193872885
167625,0.4893537237834556
167626,0.8122496209081743
167627,0.0005956735887029322
167628,0.00025327730249802706
167629,0.0010962776952374912
167630,0.0006251964423181393
167631,0.9889860734374614
167632,0.00018536601383200405
167633,0.0029412256458358622
167634,0.0011625799966909537
167635,0.0017549827813174684
167636,0.00047683901218727637
167637,0.0006012780456378188
167638,0.009822291130998256
167639,0.006224951969057069
167640,0.0004950001944314815
167641,0.006849165594364097
167642,0.9925786619800429
167643,0.009459388285012393
167644,0.0006520851833943997
167645,0.9918112087630995
167646,0.00023767485140970373
167647,0.8587080333402322
167648,0.0003226627019323772
167649,0.006652248462951269
167650,0.0004023202295988282
167651,0.00044020270199473903
167652,0.003842265033273914
167653,0.05036952489125425
167654,0.005767469050474347
167655,0.001433643590208113
167656,0.0007452810125606506
167657,0.021825745037124818
167658,0.0005046169506738508
167659,0.015781457509374083
167660,0.016840416807805254
167661,0.5407226256189896
167662,0.004202375794086768
167663,0.0007124061025424571
167664,0.00017048894655104474
167665,0.0034519453317662947
167666,0.00033405257471634065
167667,0.00028687693282214807
167668,0.0893723866681296
167669,0.00018152801788316606
167670,0.007555699480276345
167671,0.05867426748495174
167672,0.00043512012485162735
167673,0.01918327878328845
167674,0.00029513703344414036
167675,0.0046790207716859555
167676,0.000506265377031437
167677,0.0003169703730459716
167678,0.003222044879178562
167679,0.0018552148786597376
167680,0.9840850376178186
167681,0.0002661234631560812
167682,0.001883231954076965
167683,0.0005548628669301435
167684,0.000815869007194385
167685,0.0010197145440152754
167686,0.0005819659140319435
167687,0.0006954522022137189
167688,0.000511639729356394
167689,0.00024230463292926978
167690,0.0013285663921212697
167691,0.0025094013778323085
167692,0.4225244088239123
167693,0.0030988239562879773
167694,0.004466502127067872
167695,0.000606842531539003
167696,0.0002493342704770142
167697,0.003105856479327626
167698,0.006649930258443108
167699,0.736620537128113
167700,0.0032396794484249717
167701,0.00058457676128796
167702,0.995741456033488
167703,0.00043534521710467334
167704,0.00041995192965334796
167705,0.01257977010380423
167706,0.00027189959995058637
167707,0.00067893602304518
167708,0.003689718776973248
167709,0.0005895915760558739
167710,0.009292807616506926
167711,0.0005295614366397869
167712,0.0029668759319260917
167713,0.0004382242607194158
167714,0.0025943711472292625
167715,0.0015571562621095594
167716,0.002193377527243406
167717,0.04560474865463868
167718,0.27310376310919193
167719,0.0005580626469190462
167720,0.000260429290122459
167721,0.0006294163121878086
167722,0.9903859161062513
167723,0.015294719430001073
167724,0.00019145368176429135
167725,0.0007638923830429015
167726,0.9880239896586823
167727,0.0016067330149077501
167728,0.013951421702683691
167729,0.00024040205752713013
167730,0.004502700602670669
167731,0.0002345673033643573
167732,0.00045903022780695356
167733,0.0007366329585211776
167734,0.00039946483792949525
167735,0.00025276480460735074
167736,0.0002376180849708456
167737,0.0620811703761922
167738,0.00019278841178597752
167739,0.0005416815053591054
167740,0.0011437521249158002
167741,0.00096700393069794
167742,0.9873135929492545
167743,0.0001575927987190954
167744,0.00249638853581501
167745,0.0010907032148676859
167746,0.00202123088261708
167747,0.0002482272227060423
167748,0.009216453221678137
167749,0.0005512974533905734
167750,0.9836371752903796
167751,0.0007588561971863744
167752,0.0006051641225707929
167753,0.000502674783630666
167754,0.0007183305777535429
167755,0.0004692749688253568
167756,0.0007890302322718784
167757,0.00024281698447826052
167758,0.009439486843985873
167759,0.007661896766175006
167760,0.005290922717001495
167761,0.0007128797144634468
167762,0.0005439950129755928
167763,0.0005248646671236749
167764,0.0008552317065073723
167765,0.008549210667988052
167766,0.03418343334768859
167767,0.9806653925535384
167768,0.0034422567294161597
167769,0.00024494512721557845
167770,0.0003214817682140142
167771,0.001067035947180979
167772,0.0009827597149796186
167773,0.009718527470327773
167774,0.007704622148087231
167775,0.1140989356418453
167776,0.0012166208510613324
167777,0.0009137605421916468
167778,0.00043519052033329534
167779,0.00019858169055710412
167780,0.0022296332510424585
167781,0.00033646662905793487
167782,0.00107619757288818
167783,0.0003023959569550028
167784,0.0006726307746764971
167785,0.00033039410641670875
167786,0.00039453793663398113
167787,0.0012368994576366773
167788,0.000460528553825479
167789,0.0063154965837216035
167790,0.09374153704810699
167791,0.0031239278503756678
167792,0.0010636946912220698
167793,0.000278995149493143
167794,0.0008633262529131796
167795,0.000256836912260211
167796,0.002259117858379172
167797,0.09325287613435405
167798,0.0003567911326475012
167799,0.0007400501682795138
167800,0.0014829453411137454
167801,0.000407439149809294
167802,0.0018867278095585321
167803,0.044352620198530264
167804,0.0005910730361839361
167805,0.0005654768645865125
167806,0.7007634358135708
167807,0.9757321072904123
167808,0.0007057393466903123
167809,0.0016486025761665447
167810,0.9860866367716385
167811,0.00034646824489712304
167812,0.02542334908809251
167813,0.0009690129366815236
167814,0.996250692963629
167815,0.00032687839655290527
167816,0.005900385209377165
167817,0.018777263898993257
167818,0.0005853954651411413
167819,0.0013222784144093162
167820,0.0002029124704160176
167821,0.0005358618932251005
167822,0.9939768805705729
167823,0.0012830014721350856
167824,0.0005888338791296126
167825,0.0007233592256615501
167826,0.981251967056179
167827,0.8273903201432266
167828,0.000599020171937053
167829,0.007849452483460867
167830,0.00028333087035316447
167831,0.0004892726759522417
167832,0.00030267555917646807
167833,0.0006536406962032538
167834,0.0016523556323599108
167835,0.00031095839972448416
167836,0.000724969472166592
167837,0.9930288856285244
167838,0.0024408925282938198
167839,0.005312798381760191
167840,0.000500349265521008
167841,0.000557409103044349
167842,0.00934462142390059
167843,0.0415620117498997
167844,0.0023079268488393383
167845,0.03536114719412948
167846,0.002427092180290203
167847,0.9891591869881392
167848,0.0006301101804047192
167849,0.0017558954395789947
167850,0.002372802009677964
167851,0.0007259722373752299
167852,0.00027211061147366163
167853,0.0012284617757329127
167854,0.0005967915355175481
167855,0.0004989892860851969
167856,0.00028825076324984206
167857,0.000251173110980019
167858,0.004158508124115031
167859,0.0007030978980903786
167860,0.0009470146354517517
167861,0.0010968180017351663
167862,0.01589310403148972
167863,0.0003411125156202458
167864,0.00017034987466541915
167865,0.000320806662636681
167866,0.0005535215279854725
167867,0.0002681597672391886
167868,0.00022727053848921823
167869,0.0005929802263395722
167870,0.995169927628028
167871,0.001432719456176141
167872,0.0003131957031169125
167873,0.013294729991852921
167874,0.007047646220381779
167875,0.9782204699481974
167876,0.000868114792050081
167877,0.00018150249432878735
167878,0.0018336494509002105
167879,0.0005037243669546853
167880,0.00028158194321245783
167881,0.011875544257084054
167882,0.022642519276744405
167883,0.00019867779351392557
167884,0.9893250761965263
167885,0.015079022094463643
167886,0.00035257243011115085
167887,0.00603183889782509
167888,0.0018638858263904168
167889,0.004297529987556998
167890,0.0007460398371895788
167891,0.07138919096728763
167892,0.00028622334894668074
167893,0.006605685526012797
167894,0.0012714452137728436
167895,0.00193423532748819
167896,0.00041057951961008017
167897,0.9902101727946774
167898,0.020744564469491605
167899,0.0028148052035111156
167900,0.000334146990467327
167901,0.006487838343686724
167902,0.0266032859450639
167903,0.01509890572278753
167904,0.002697043629684193
167905,0.00439858890462985
167906,0.00986157482781782
167907,0.0005509700898102983
167908,0.0001080836812291547
167909,0.08744296429272919
167910,0.005400585045328802
167911,0.08130126931385762
167912,0.0004890664051104531
167913,0.0005035359996792345
167914,0.9889162083262275
167915,0.015832117211208006
167916,0.006449378090262032
167917,0.000817922753877174
167918,0.0017138710081150456
167919,0.03506149031286196
167920,0.0002023419835160302
167921,0.023198711458435932
167922,0.0013633379176324273
167923,0.0002683531455472759
167924,0.00028325397001608234
167925,0.0007301355283792037
167926,0.005538437749043374
167927,0.000904739034951669
167928,0.0005418783728279552
167929,0.9867731165854773
167930,0.0025100863373326058
167931,0.0011557398140036022
167932,0.00027095773095366224
167933,0.00034263531872338155
167934,0.0006823961004619136
167935,0.004339976906275274
167936,0.0055571145222856
167937,0.03496852334512861
167938,0.001810453619361127
167939,0.003147408360544651
167940,0.0015150880126482567
167941,0.00025187519435508675
167942,0.00043130237147480507
167943,0.0022022054925263856
167944,0.00015014279093985053
167945,0.00059958044898783
167946,0.004373639599530333
167947,0.0009062544388635951
167948,0.007231200827297134
167949,0.00021093782443595008
167950,0.001332524672307104
167951,0.0002843965568653325
167952,0.0007919986172594361
167953,0.8086402242678088
167954,0.000258599189725017
167955,0.0035829644041506085
167956,0.006539399136179582
167957,0.9606628533758451
167958,0.028963733267703025
167959,0.0001475910603934402
167960,0.00022878524745602256
167961,0.05283966348709258
167962,0.000738233186143198
167963,0.00016197648666415175
167964,0.0008804705378068716
167965,0.01760345128910358
167966,0.000887139450533487
167967,0.001669431062502623
167968,0.00030069448862770986
167969,0.0005469456523531288
167970,0.0004020611247366765
167971,0.0013770602646655315
167972,0.00029713197782310337
167973,0.000442608620424409
167974,0.0006011742592422955
167975,0.0027599759330470767
167976,0.000577341305731816
167977,0.0013727389228323896
167978,0.0017188275843464044
167979,0.00021931803459502073
167980,0.00026826312442776104
167981,0.00028148418795043996
167982,0.00022078701270668622
167983,0.00027531859046317226
167984,0.007301396392435926
167985,0.0003554590797005356
167986,0.002768180594663065
167987,0.0018139530246829808
167988,0.9927559753149467
167989,0.0026324873038881423
167990,0.0003717165085214545
167991,0.0009108538116009191
167992,0.0002053059149329463
167993,0.0005321411513374693
167994,0.0013781884774801724
167995,0.005632835572364165
167996,0.000414891115096607
167997,0.03938598800906019
167998,0.00015517736831977338
167999,0.0001247790271629542
168000,0.0003690878996910162
168001,0.0003559250116859232
168002,0.01021212439497543
168003,0.9922892091563178
168004,0.00017457848031632683
168005,0.10806202972985776
168006,0.00023329994404721157
168007,0.10158655476489382
168008,0.00026218624215222565
168009,0.015361267588819729
168010,0.0006871647160602376
168011,0.0006810522924605609
168012,0.9960160716729121
168013,0.004154235042502213
168014,0.0006876640659406858
168015,0.009571253369002754
168016,0.9976373310566976
168017,0.0007952601308232432
168018,0.0002943218805479449
168019,0.00039058918130213747
168020,0.0026621600390941856
168021,0.032413938005861336
168022,0.015653464257173417
168023,0.00083303392694202
168024,0.00136834359418441
168025,0.00039520101970433037
168026,0.000321898011325293
168027,0.0006621996351520752
168028,0.04416275706436793
168029,0.00038973193407355465
168030,0.00020951088324839014
168031,0.0012474953835488662
168032,0.00031655434516017126
168033,0.01323054348043546
168034,0.007118684742495291
168035,0.0003154609441108742
168036,0.003118732888281619
168037,0.00024469908855077676
168038,0.9855298029855019
168039,0.07339756279466855
168040,0.00035656138013149635
168041,0.0008397969631658928
168042,0.0011756475505403168
168043,0.0002908760195267005
168044,0.006445663613686194
168045,0.023788716858187085
168046,0.07985994539392748
168047,0.000416648884227696
168048,0.03180484713345353
168049,0.991842550349557
168050,0.026258315339440935
168051,0.00042763208096211337
168052,0.0004911576191861904
168053,0.002718694295050577
168054,0.0014869595442912901
168055,0.00025279009799991485
168056,0.0002819687740002356
168057,0.0010717683706298483
168058,0.011242051601510409
168059,0.00023019717594876995
168060,0.00040285857816855066
168061,0.039763765661536526
168062,0.00026666643516873523
168063,0.0004994716172687072
168064,0.00040725566045884184
168065,0.02570291732787538
168066,0.9961956758093923
168067,0.0018036621315485276
168068,0.9889757043820678
168069,0.008283331141342254
168070,0.008720883881278153
168071,0.992762017285868
168072,0.0002709718922384754
168073,0.00032599557952207647
168074,0.0005323892470910235
168075,0.00593453263802505
168076,0.00030571390085308694
168077,0.9861819973463678
168078,0.0002765940560219674
168079,0.002108653810408348
168080,0.008254492114488398
168081,0.0004299850184388771
168082,0.006162728261704589
168083,0.002047722218779472
168084,0.0008044718006881786
168085,0.8144112169083146
168086,0.00034648148142879
168087,0.10693715302421802
168088,0.0010403506539675568
168089,0.0002916664832966925
168090,0.015415773056707471
168091,0.0015293951317820157
168092,0.0004583657384014988
168093,0.9860247367861663
168094,0.0015535633555976008
168095,0.00026212699299324384
168096,0.000840693351864894
168097,0.00018549533255398564
168098,0.0011209220726157204
168099,0.0001734942310472447
168100,0.0009077064923438107
168101,0.9882985924475702
168102,0.9910790634793802
168103,0.000813632436077797
168104,0.023629630172864246
168105,0.0026264861913807116
168106,0.0004749210853321502
168107,0.00038910425295529075
168108,0.00020079370143780213
168109,0.0002551605951661311
168110,0.004239143753867568
168111,0.00043936167011447155
168112,0.0006000346800563909
168113,0.001000623876050353
168114,0.0005021478800187419
168115,0.00028545035466973686
168116,0.0007805050047722241
168117,0.0016971099234630224
168118,0.0007447489692187447
168119,0.00033531332807535633
168120,0.0078016596072951385
168121,0.0007196104662977984
168122,0.00371791390034474
168123,0.015762485200614962
168124,0.0024051725003810484
168125,0.0013301273771048883
168126,0.0042686174344361985
168127,0.0011866040665810922
168128,0.05103610045077412
168129,0.004781573287527447
168130,0.00041005600397540237
168131,0.0009341716506092968
168132,0.0029323677154057736
168133,0.00025792191951714633
168134,0.006964460277051544
168135,0.002639496595791244
168136,0.0034960997008049092
168137,0.00026893606930926476
168138,0.026687689488962472
168139,0.0013963018815289884
168140,0.008517994055246662
168141,0.016945671743055668
168142,0.0003996578567892843
168143,0.0481582978687
168144,0.018700144744060662
168145,0.043699351234544444
168146,0.0015126388568442036
168147,0.0003625371097304526
168148,0.0007301496698641489
168149,0.000663948101066419
168150,0.00042943530442092503
168151,0.0012703157591212005
168152,0.07902029523130867
168153,0.0003148879706217708
168154,0.001682678494158328
168155,0.00019370645706438266
168156,0.00033265101730832757
168157,0.0005833868337637744
168158,0.0011688989343673557
168159,0.0090378359719846
168160,0.0007460299769431421
168161,0.0012217361433296198
168162,0.023821145870194772
168163,0.00039832011593259335
168164,0.00022500862913064156
168165,0.00019156075718701677
168166,0.7895062384281857
168167,0.0023457832579445188
168168,0.043454547695459124
168169,0.0002987692918308014
168170,0.0004275299180822305
168171,0.0005044772604646094
168172,0.0010104296421508446
168173,0.005119189792597423
168174,0.0063055194043682315
168175,0.00038914507490420515
168176,0.6965900656699084
168177,0.0012654118541312216
168178,0.0016440167233013425
168179,0.0002113917910631628
168180,0.005517276011057612
168181,0.0007662135132536272
168182,0.000279739303909757
168183,0.00038167751654333493
168184,0.0006355804488148812
168185,0.00030039091300354493
168186,0.002651613268354594
168187,0.001069158482081144
168188,0.9934206524345625
168189,0.0015618669273355624
168190,0.020707503296495722
168191,0.2842186672565092
168192,0.0011274628237688458
168193,0.0005912754660003664
168194,0.0034074145070018356
168195,0.00015389373909782103
168196,0.005334196760884052
168197,0.260932346287646
168198,0.0016117520292222296
168199,0.0009027204403662704
168200,0.021209447914477826
168201,0.0006811092780767317
168202,0.0006840121004568516
168203,0.00023815611683660344
168204,0.0009471024135144868
168205,0.10267532124959866
168206,0.006897952427036037
168207,0.0005455474387776213
168208,0.0040707821034437295
168209,0.001188793943251749
168210,0.000531314867781015
168211,0.9841180063526874
168212,0.0005500753206841929
168213,0.00045581443855732833
168214,0.00039987942984295687
168215,0.0003243243141906014
168216,0.0007324241645912345
168217,0.01083819025788766
168218,0.00038100661540477014
168219,0.9859769514574315
168220,0.0014538749776552755
168221,0.0007549327764150019
168222,0.0008404446113782002
168223,0.0015355846984903862
168224,0.013724460406865127
168225,0.0012874298445624789
168226,0.0008079541904917687
168227,0.0035283927055462573
168228,0.003038239223615523
168229,0.019234655519116184
168230,0.0010697883346754836
168231,0.00034195742020473005
168232,0.0013904568771928923
168233,0.00960734591025073
168234,0.9899318410698432
168235,0.0032945823488981798
168236,0.0003286898247771014
168237,0.0007250193081838256
168238,0.00016305225609861943
168239,0.0017374396283740033
168240,0.00029062100406894464
168241,0.00020174812807789987
168242,0.0035605441572350047
168243,0.0004117302242864978
168244,0.0003347869209266191
168245,0.0002503757238623456
168246,0.004804709829174194
168247,0.0003189981063625656
168248,0.0008063569845547446
168249,0.0027460280574300045
168250,0.00031109994053370426
168251,0.0003023134849573448
168252,0.03342342827579232
168253,0.00011485379529520268
168254,0.0004730523685550004
168255,0.0002352329185112804
168256,0.03440602842248406
168257,0.005031395270246617
168258,0.0003432995863484462
168259,0.0007014906077127323
168260,0.002875674529449421
168261,0.006509883316281859
168262,0.0014957250945625792
168263,0.0006305803485478471
168264,0.0008383197976689539
168265,0.006049722379497727
168266,0.003714635587780475
168267,0.013075576903710919
168268,0.019399110132628284
168269,0.0029035578098772514
168270,0.00018375924733902985
168271,0.0017678599937345928
168272,0.9834949186345602
168273,0.0006353412685973685
168274,0.000840123361544372
168275,0.0006640669937973897
168276,0.0011662542493857645
168277,0.0005900880930946605
168278,0.0037932599876367525
168279,0.008315590249895715
168280,0.9917649075455613
168281,0.058994677766554
168282,0.01054400612624442
168283,0.008383057767115594
168284,0.011656940044334155
168285,0.003955788109353906
168286,0.0058004197575795636
168287,0.0036671453503505018
168288,0.00014098865185413018
168289,0.009782061219325329
168290,0.0005087832103383267
168291,0.0001806945353028074
168292,0.0020072273862940327
168293,0.009945076800207201
168294,0.0017943200929538602
168295,0.0004735808821002263
168296,0.0003037078041151338
168297,0.0009002646802177823
168298,0.0001797435453302977
168299,0.0001953430160298362
168300,0.00045997999056022977
168301,0.001262021703183002
168302,0.01047497021999477
168303,0.00027214477996274466
168304,0.004697142456477887
168305,0.00021559727384131412
168306,0.00035138253504275047
168307,0.009477601076502558
168308,0.9433824895796115
168309,0.015870749100518992
168310,0.00023948528512482016
168311,0.00016538936830393506
168312,0.0008698601959429994
168313,0.0002260304305153861
168314,0.9915968434741183
168315,0.001489215935981979
168316,0.0073460881464117
168317,0.010759242129110636
168318,0.0005575565920539577
168319,0.0007790291708142077
168320,0.000701007130661885
168321,0.000692269369214073
168322,0.004547234488460466
168323,0.017693645842849746
168324,0.06032322365852789
168325,0.008795257293999253
168326,0.02799346073865006
168327,0.00022761950679722049
168328,0.9954537701134655
168329,0.00031104397958895097
168330,0.0008954251720479887
168331,0.2054096316629433
168332,0.002241548022311767
168333,0.0015661502877532467
168334,0.04121290119069398
168335,0.020003207980349123
168336,0.0021361836681012695
168337,0.0024030320471454245
168338,0.0015513583622022203
168339,0.08708226564812341
168340,0.0067488897203427725
168341,0.00041469594417166373
168342,0.0030246453684940416
168343,0.02079303292632073
168344,0.00043671715515102683
168345,0.00467723285892126
168346,0.0034968771372228865
168347,0.00019031346733191292
168348,0.0008574447115368094
168349,0.0007203587054656248
168350,0.041331124233026595
168351,0.00037549363112257447
168352,0.0016039251137933957
168353,0.9048784729741222
168354,0.012933999260396236
168355,0.0006573348183899888
168356,0.00037141313360362406
168357,0.0015171978362127786
168358,0.0006491584590650476
168359,0.0005425792990142222
168360,0.006758721712747335
168361,0.0006445029151438597
168362,0.0011992684512155342
168363,0.0005189246234602884
168364,0.0004836941574011416
168365,0.007231353628648722
168366,0.0025226749939822627
168367,0.009792495295873182
168368,0.9226707113551087
168369,0.000826559246450347
168370,0.0001878987908959858
168371,0.00031316431764518966
168372,0.0016310896067856344
168373,0.000807666709943053
168374,0.9950436199743912
168375,0.0005699249626659357
168376,0.3648309522057382
168377,0.001803847021180117
168378,0.003796367501820706
168379,0.0005924603243665894
168380,0.0008762597475338406
168381,0.0017070516585352368
168382,0.9869480146505812
168383,0.0006739322017188173
168384,0.00046609997219176
168385,0.017453694479073696
168386,0.034902927108999005
168387,0.0003578213657559874
168388,0.0022121817194643728
168389,0.00025190955934276474
168390,0.0005189542276051315
168391,0.0004230858701011851
168392,0.00544397092069469
168393,0.99063086305043
168394,0.0023032805280246028
168395,0.018473446778340463
168396,0.0001410469430835537
168397,0.0017761377119110554
168398,0.0002802789422778781
168399,0.012327323681787511
168400,0.9952865330764229
168401,0.000496552742079008
168402,0.00047844816247591166
168403,0.0003434616911421825
168404,0.00207574083748252
168405,0.002915381386927283
168406,0.003705578034848857
168407,0.00019614167562359908
168408,0.00683230158934385
168409,0.001141348581072268
168410,0.0006691186364622317
168411,0.0020380470103246963
168412,0.9944467221240929
168413,0.00026730651646989645
168414,0.0004267493966146552
168415,0.0002455193024019608
168416,0.9825784065400713
168417,0.007913404159437617
168418,0.0001855647694553915
168419,0.0002104107326217261
168420,0.009182688009339524
168421,0.0003410423884016486
168422,0.0005391206786780613
168423,0.010731932758324611
168424,0.9968939341749525
168425,0.9876332552523072
168426,0.00028738756844613647
168427,0.0012267743076652602
168428,0.00040863097064636954
168429,0.009599736195620717
168430,0.007112344158003401
168431,0.03514082857642007
168432,0.0736129735028428
168433,0.001229543990730731
168434,0.00026293437015686955
168435,0.9909053635734849
168436,0.0005097923314801445
168437,0.005827047506109861
168438,0.9925004857004323
168439,0.0027955956394397847
168440,0.00041764686071689026
168441,0.10959726921396996
168442,0.0007274654063377826
168443,0.0004588619070614141
168444,0.0008908737994793764
168445,0.00017363966978460612
168446,0.00022963604311142146
168447,0.0002228213208639154
168448,0.00019219146518978603
168449,0.9897354501688826
168450,0.008489258371542857
168451,0.0032098628286818297
168452,0.002932501743553096
168453,0.0009438689535941642
168454,0.00047372236725992374
168455,0.00034609247328506657
168456,0.0002508338265995518
168457,0.0007135767040428612
168458,0.988448259170083
168459,0.004966906317279422
168460,0.9822376668917837
168461,0.00034061303054164693
168462,0.0008084049151874768
168463,0.008709637832896888
168464,0.0004897203457060776
168465,0.0009814392986270506
168466,0.0002775573731164803
168467,0.0005129894874943844
168468,0.030378514880969414
168469,0.0006352149102662757
168470,0.0014244936444734397
168471,0.003203451065550058
168472,0.0015871309836505661
168473,0.0004892709588653945
168474,0.00035311611936713944
168475,0.0007007301377400006
168476,0.02492232452776133
168477,0.00149378397252044
168478,0.9695015758945746
168479,0.00019549358139518856
168480,0.9888627790292551
168481,0.0006443732933448939
168482,0.0003872850403422972
168483,0.0009297686500936508
168484,0.9251648044277085
168485,0.0002692841148211315
168486,0.013440290675430719
168487,0.00023083074363857277
168488,0.00024484186213504953
168489,0.00022020440803895432
168490,0.0003985895341370068
168491,0.003037719987243408
168492,0.0030829803282156976
168493,0.004139766062679882
168494,0.005559325265667959
168495,0.00964830276413456
168496,0.0007233819234518297
168497,0.013627975712826543
168498,0.00021684743187501464
168499,0.00013092916076343095
168500,0.0031910518408228483
168501,0.0005720255234827054
168502,0.9904854485187529
168503,0.0015184709149962813
168504,0.0003780882877903513
168505,0.00430575014470144
168506,0.0004791011144682329
168507,0.000543789141078271
168508,0.003821906233649038
168509,0.0006952498637857197
168510,0.12720549554285562
168511,0.0005451638997543308
168512,0.0015713408251840897
168513,0.006101444902928847
168514,0.0001392117691771228
168515,0.008211612811080569
168516,0.00024058423197574654
168517,0.0010285374014619712
168518,0.0006383122634045946
168519,0.0012897064922843002
168520,0.024918186522657523
168521,0.0028687634563443268
168522,0.005097765860130329
168523,0.001190845670288353
168524,0.005121618512805712
168525,0.0003951344043324478
168526,0.000529709170382516
168527,0.00043269251781628023
168528,0.8194831114380705
168529,0.9963003009890692
168530,0.0004946328664360006
168531,0.04313133665207489
168532,0.0013750420787281047
168533,0.0004102673782755507
168534,0.001172009765508209
168535,0.003634375972767192
168536,0.024570743802268744
168537,0.0007518145836416325
168538,0.00027694415238937726
168539,0.0013038685582397308
168540,0.008273758962906217
168541,0.0011372610404922618
168542,0.00022302181129402489
168543,0.0008526259765896854
168544,0.00031775999680467264
168545,0.0004733553903823997
168546,0.002328206076294884
168547,0.0009995633729062631
168548,0.00045970727363044725
168549,0.000833217704348356
168550,0.03397132592460995
168551,0.003274711666042381
168552,0.0004427407222918106
168553,0.002864135107265057
168554,0.0012024048554259766
168555,0.9922572899334872
168556,0.000274816835730139
168557,0.00023527097124355372
168558,0.0003645523980300589
168559,0.000406398400653708
168560,0.0022086164965041035
168561,0.0013582936353018012
168562,0.0010452489129869652
168563,0.0009119593815142646
168564,0.0004803368683688396
168565,0.9926347369941186
168566,0.00027207949427111264
168567,0.000930647719010071
168568,0.00038198308315808656
168569,0.052094579784243665
168570,0.0006752740191535648
168571,0.0002764540130075129
168572,0.004829619665928713
168573,0.0026186740856488527
168574,0.0018521017518811893
168575,0.0012943423628693194
168576,0.019067397077415015
168577,0.004356988130351438
168578,0.0017112857588053555
168579,0.0012300071222911362
168580,0.9935852932035006
168581,0.02774663154110664
168582,0.008956114780538328
168583,0.0008413116585113525
168584,0.0017225965784945449
168585,0.9875615380694627
168586,0.000616534020341862
168587,0.9867224322169847
168588,0.0002195255819283372
168589,0.008497846013505275
168590,0.04242429535357658
168591,0.0005778358086880522
168592,0.0010524406774157402
168593,0.0013413200267846984
168594,0.0009245627496944542
168595,0.003311383753585643
168596,0.00024318908100054844
168597,0.00027459447153121297
168598,0.005013567201389593
168599,0.0006840895527232207
168600,0.22637051354926063
168601,0.0011168375822944844
168602,0.006571826841376663
168603,0.000980736214715986
168604,0.0002309718498925094
168605,0.002028086512064364
168606,0.00015541958228801984
168607,0.0022321980266676203
168608,0.00026694028288864856
168609,0.013877689679081446
168610,0.001674274021218278
168611,0.015185034457929758
168612,0.003014452985299362
168613,0.020237352774135808
168614,0.00029900116479665816
168615,0.022978237509172536
168616,0.0003209883805782248
168617,0.000367126209176841
168618,0.004528040197127842
168619,0.03851751208163822
168620,0.0011986616155293182
168621,0.0006468511110017538
168622,0.8423471075511842
168623,0.4530534537077493
168624,0.0003609907404435418
168625,0.001045457333491313
168626,0.006547088003779884
168627,0.00043411173285776616
168628,0.0003696655874200703
168629,0.0006647324241457808
168630,0.991678971226259
168631,0.011530856587742581
168632,0.0007136735900716145
168633,0.00513950257183899
168634,0.000218353177956704
168635,0.0010149350788403117
168636,0.0008870421154188163
168637,0.0004063836369431974
168638,0.0011807636306862808
168639,0.00038489440850789975
168640,0.08003175194747297
168641,0.004118013963737084
168642,0.00025208220005394963
168643,0.00016823789980313007
168644,0.006966519301363342
168645,0.002022012078158275
168646,0.0005003297671738736
168647,0.0015779512811999682
168648,0.0022950938262072933
168649,0.0013538887145206312
168650,0.0003151478064833805
168651,0.012507529396588474
168652,0.0648877303329468
168653,0.151956193757888
168654,0.00015194174577071184
168655,0.00037684732271509237
168656,0.0006316811105967722
168657,0.0002945068903514038
168658,0.9967002557938379
168659,0.0002343052630378346
168660,0.0014276517643160866
168661,0.0007138846894879872
168662,0.0003349814908642052
168663,0.0021357452722515413
168664,0.000337425648058686
168665,0.0007099705818420663
168666,0.0011656581763159865
168667,0.0017538096497003496
168668,0.00016596262848874048
168669,0.0002546113870338952
168670,0.0017973072207346354
168671,0.019781303994797106
168672,0.0009106217075300835
168673,0.0004255983026345645
168674,0.0003695866463660289
168675,0.04683848619675311
168676,0.9968965715211273
168677,0.9932761008806127
168678,0.005269054699496964
168679,0.0005856389146566428
168680,0.0005504847576703054
168681,0.00026111276351748093
168682,0.0002888813276395983
168683,0.993103886452428
168684,0.0010077477224257438
168685,0.00044603898096743814
168686,0.1776545497495629
168687,0.001680175137469588
168688,0.00034060077222489035
168689,0.0030607088197787367
168690,0.006531688814572003
168691,0.01729682981155098
168692,0.0012635051275024449
168693,0.004549408231862857
168694,0.0026220116397788294
168695,0.0005214218273709736
168696,0.0001838535137587399
168697,0.00543921665262846
168698,0.000661188537227169
168699,0.0008188976142948644
168700,0.0002432061715421231
168701,0.0028959492457861927
168702,0.0006268868619343965
168703,0.0002083545261034495
168704,0.001395888928151383
168705,0.0006531944173597375
168706,0.9901577946069461
168707,0.0005744540996231656
168708,0.80790918912476
168709,0.9947644123781789
168710,0.0004395693813999159
168711,0.007262823612202883
168712,0.0005254454579434302
168713,0.055503397651163314
168714,0.0001422881653263401
168715,0.00044296990895518074
168716,0.9864406125506398
168717,0.9848130199881704
168718,0.003423248786252158
168719,0.7460089203083492
168720,0.0011731832528439048
168721,0.0009763644498011217
168722,0.0015201130497361358
168723,0.0005829900203544466
168724,0.0015641716187119639
168725,0.0020602708516675944
168726,0.0008161868775127528
168727,0.00028512746658274383
168728,0.01269220826595832
168729,0.0004736622260116421
168730,0.00014769857191644016
168731,0.00013796493039672973
168732,0.006017782512657636
168733,0.0012451914157264716
168734,0.005338920246938057
168735,0.09229193889832471
168736,0.0005862009966153404
168737,0.003271658061642342
168738,0.0004029057812174325
168739,0.000627659066450982
168740,0.0010257306228801163
168741,0.0001824292166943514
168742,0.00018981058675192816
168743,0.0002761007341416773
168744,0.2322505822061093
168745,0.0010122451292324977
168746,0.016973576681585556
168747,0.008356275011926172
168748,0.004094725882543306
168749,0.000321127241796503
168750,0.9796945305667647
168751,0.0004426205267097914
168752,0.05691814885984435
168753,0.0005812549837100032
168754,0.0008282999601491644
168755,0.3170386948152232
168756,0.0006682531156956039
168757,0.00016777012855874937
168758,0.00032267858934399945
168759,0.0005883273641477208
168760,0.0038776356784410286
168761,0.014456047598337046
168762,0.0004821992464155172
168763,0.0018695653979013437
168764,0.0007824840983903391
168765,0.0007997774091982166
168766,0.0025010809829308176
168767,0.0017072887424460076
168768,0.9830582251179265
168769,0.0003301356984462631
168770,0.0003175497895068529
168771,0.0011026504126788374
168772,0.9906420257944973
168773,0.1134053590743343
168774,0.0005427165924858531
168775,0.00024172292539433474
168776,0.002884465794186485
168777,0.0011322134680405442
168778,0.000220989933132773
168779,0.0005429720260126951
168780,0.025175066202897223
168781,0.005722284063323006
168782,0.0029333933381955465
168783,0.0051284539038150235
168784,0.35242208947284476
168785,0.0013042623324744892
168786,0.006048539843071829
168787,0.0003953971459788997
168788,0.0002517927552983411
168789,0.00031870585083904355
168790,0.17484933544533865
168791,0.009739035207182603
168792,0.00028294009488093473
168793,0.002629082741364756
168794,0.045941735237209826
168795,0.0013982158717671964
168796,0.001676341056516978
168797,0.0016285713285114538
168798,0.0009540310878664299
168799,0.0007159623196831993
168800,0.9924641660800131
168801,0.0004777770027797373
168802,0.9776702063492692
168803,0.001221209530052767
168804,0.0002771845680144324
168805,0.0012526638160875886
168806,0.0001322070591148306
168807,0.00924373815738008
168808,0.9940455033606423
168809,0.0017536271565235283
168810,0.9590276135807209
168811,0.003615589151673466
168812,0.00031153253837140713
168813,0.989473317966168
168814,0.001434782804725761
168815,0.00017311531281398505
168816,0.00036606905846058767
168817,0.0010437008135213447
168818,0.0005449700280480244
168819,0.0006890345244790313
168820,0.00021433179880764056
168821,0.1983047863909454
168822,0.0011181494960045035
168823,0.00018699541191288484
168824,0.0005112302285707616
168825,0.0485589114350735
168826,0.00034531915643258164
168827,0.00018809755834696542
168828,0.0013994967184747793
168829,0.0003423536414752729
168830,0.00024235504958799808
168831,0.00034563052371988667
168832,0.028906881304809885
168833,0.011129356938590554
168834,0.0019189541519199476
168835,0.0010505986338695255
168836,0.001799038787537998
168837,0.0007647404095325155
168838,0.0035633985227880908
168839,0.0010809375852227346
168840,0.08275228877948376
168841,0.001855714895948457
168842,0.012772853934067465
168843,0.0006075634966907897
168844,0.0007654643058834808
168845,0.08415774964946598
168846,0.19702154926615387
168847,0.0017772874427826309
168848,0.0027375707483747805
168849,0.0014727682220811089
168850,0.0019231388915332316
168851,0.00019150530958637476
168852,0.001736921731371121
168853,0.0019157975630190282
168854,0.0005931804614458015
168855,0.0011762602558122847
168856,0.01111966121341438
168857,0.0002979990680315211
168858,0.00013423389632173102
168859,0.00020744176021794854
168860,0.006706683183968763
168861,0.05127589719871218
168862,0.16518528362286042
168863,0.00022464819105655424
168864,0.0005267251055220342
168865,0.00012252750770809067
168866,0.03234256002679996
168867,0.9885481104216406
168868,0.0007000974684375098
168869,0.9888963300116508
168870,0.0012194121823123365
168871,0.9913836403164104
168872,0.3340960331474482
168873,0.0020786903188675467
168874,0.0003215214739958729
168875,0.006258276850463488
168876,0.022625350572538554
168877,0.0035574378832521065
168878,0.0005034840462899694
168879,0.013412154103929432
168880,0.0021670509494595494
168881,0.001471261676393599
168882,0.0010971846297010359
168883,0.00025708846627986264
168884,0.014484534873765026
168885,0.02965081506393136
168886,0.0005734581425815667
168887,0.000731831798547299
168888,0.033501988406194214
168889,0.0006292501741313466
168890,0.004893406766916893
168891,0.00191849805435299
168892,0.0024761510669461134
168893,0.051221647513690585
168894,0.00108162545034006
168895,0.27298947195960477
168896,0.000588745362478811
168897,0.0003218647251752759
168898,0.00018168744553305946
168899,0.02453756639626424
168900,0.006954680649694961
168901,0.6453087928632601
168902,0.00272246071571331
168903,0.0005841708542773244
168904,0.0006037895866659733
168905,0.3810553813648125
168906,0.0008282063134859842
168907,0.00047225250812269246
168908,0.004194264171118139
168909,0.00466014971860704
168910,0.0011112915251092618
168911,0.46108577389422833
168912,0.0017036042451091273
168913,0.002409793404529731
168914,0.0018232173525416606
168915,0.003947256235537021
168916,0.00022103684766339754
168917,0.008166712840939068
168918,0.9859584482532245
168919,0.0038332438038793048
168920,0.0007738033894444014
168921,0.9859693572252038
168922,0.003704077584063865
168923,0.0010544092510932615
168924,0.0028894430157575205
168925,0.000250664543206417
168926,0.046038146714927744
168927,0.0003199628423988067
168928,0.0005812315877621126
168929,0.0009376101211698828
168930,0.000953529210784055
168931,0.006983053361425194
168932,0.0005227306397289886
168933,0.00044776641277381155
168934,0.006963969279661687
168935,0.006014310749702061
168936,0.0005048419226845979
168937,0.00031471388810604047
168938,0.0007983540352198164
168939,0.0003537253708016256
168940,0.0022408085778038334
168941,0.0004442927652661776
168942,0.009131019826417345
168943,0.0017997774544248168
168944,0.006090743789051273
168945,0.023543504480444608
168946,0.9881531126425006
168947,0.0006145366066423465
168948,0.0011865679012926483
168949,0.00017807823529436293
168950,0.0019809678287570597
168951,0.0017609658789350662
168952,0.0005721658213139388
168953,0.18060728522556369
168954,0.00017585509557233806
168955,0.0007774482285669897
168956,0.00042831344915277855
168957,0.9451552039493334
168958,0.0009838010417843488
168959,0.003456135755504951
168960,0.00456137361586355
168961,0.00023342894904189926
168962,0.0041235475986464015
168963,0.0020104105461964676
168964,0.00018888606040410244
168965,0.0005602637422502556
168966,0.0018311618779841912
168967,0.004486860900382422
168968,0.00019581079117814387
168969,0.0023758928555832506
168970,0.0007918009825775466
168971,0.004669783539553411
168972,0.00035597416832881595
168973,0.00026376083694847866
168974,0.001129235448347394
168975,0.0005394419657152107
168976,0.04989105711609065
168977,0.008380971872439332
168978,0.030342600480376358
168979,0.0002255886289049183
168980,0.007031328162905286
168981,0.00040026745793581426
168982,0.0006251806438557745
168983,0.0006136250509776563
168984,0.0006340085142397911
168985,0.002713915671055197
168986,0.0015055136148826656
168987,0.0005106149910944994
168988,0.0006955491796060984
168989,0.00037298184720167306
168990,0.02295966092482394
168991,0.9953402699967505
168992,0.0003925573459442364
168993,0.00011727326498367274
168994,0.0002971275774876668
168995,0.0031190161805960018
168996,0.01198306531091028
168997,0.023525030315234587
168998,0.008561882521750148
168999,0.005198835686924351
169000,0.0004529400883922179
169001,0.00044548495386723396
169002,0.0003322132295660765
169003,0.0014902929445943563
169004,0.9947238682528046
169005,0.5695516183915745
169006,0.051812650270747766
169007,0.00024194094608039166
169008,0.0019251103578185234
169009,0.001665455915816685
169010,0.8505031318389045
169011,0.0005333596457893482
169012,0.004083649807060278
169013,0.00044782392897258963
169014,0.0430777726151281
169015,0.00024285201435105767
169016,0.001553599746176134
169017,0.9941688028328269
169018,0.00034248720202474523
169019,0.0010012516894104884
169020,0.2559685413702292
169021,0.0068497082081907966
169022,0.9290236908418608
169023,0.0058009585565492235
169024,0.0013062532328659382
169025,0.0004501129642911965
169026,0.0008948048867693384
169027,0.9883337689728754
169028,0.00414402171374276
169029,0.0053978174658032285
169030,0.9948790563036903
169031,0.000668048144649536
169032,0.0007395474477183742
169033,0.0006817999219569825
169034,0.0005937180712041682
169035,0.995976141964784
169036,0.9941551115549422
169037,0.0001467409524448889
169038,0.11290219828659172
169039,0.00025786303696748777
169040,0.00014756335776356814
169041,0.0004695137484125279
169042,0.0023602958022265513
169043,0.0031684985532470407
169044,0.09839509028132785
169045,0.0007418381443223833
169046,0.004833723434898292
169047,0.015515655243678839
169048,0.0006946212813168472
169049,0.00045306707341465785
169050,0.9834310046664194
169051,0.00363906939962325
169052,0.10093728763553156
169053,0.0016411465347690797
169054,0.0008164728115039883
169055,0.009222267516049374
169056,0.000443030565284071
169057,0.003094071581131878
169058,0.7918326308484113
169059,0.0008673147191787907
169060,0.0022988412415809426
169061,0.026415805213079326
169062,0.010829992526445302
169063,0.0003440488715871929
169064,0.00014869378177294104
169065,0.000326751604119474
169066,0.0032592231756253627
169067,0.0007968853994850986
169068,0.009759043000011413
169069,0.00038723585379348875
169070,0.002456861272283039
169071,0.00019885977419676568
169072,0.005470063290371766
169073,0.05559109837023353
169074,0.7416938614514272
169075,0.00042925995075144755
169076,0.0010380326749171711
169077,0.42585453035298676
169078,0.0026879113355901168
169079,0.000530247878152166
169080,0.00028736907867757617
169081,0.984707459644948
169082,0.0017648290718500484
169083,0.0018050415086111515
169084,0.00019002391067572872
169085,0.0005316913804041141
169086,0.00024323004806053476
169087,0.9953536546905715
169088,0.0011945969921023753
169089,0.9919370613220271
169090,0.0017244266285758602
169091,0.40352454149107264
169092,0.9941891032900121
169093,0.0003999169518791157
169094,0.0019028387483980456
169095,0.0006886557437451466
169096,0.987982105606048
169097,0.0009865187826634256
169098,0.007993707218411335
169099,0.00039321923775665696
169100,0.00042704108109281765
169101,0.0018964061824690486
169102,0.0006173391877441792
169103,0.012983124460346754
169104,0.0033227921687136145
169105,0.0019348797631885512
169106,0.0015642439132755586
169107,0.0009265145157953507
169108,0.00042441862829612403
169109,0.00048401209339875675
169110,0.9879895367958317
169111,0.00023214841162839172
169112,0.0237989971939644
169113,0.00047872899108343287
169114,0.004674369141814045
169115,0.00013124394517385492
169116,0.00034364514089125874
169117,0.0003021603012910288
169118,0.14906355278272085
169119,0.0016253358983265983
169120,0.0003445370456229279
169121,0.0008678802647762862
169122,0.004158810281976733
169123,0.985966236845652
169124,0.0020259584283300386
169125,0.001028542885673815
169126,0.006681503246687567
169127,0.9854815535392928
169128,0.0003207603954038831
169129,0.0013313258735736327
169130,0.00047688157150942677
169131,0.05501950501258901
169132,0.057744483920745986
169133,0.0003315682097080229
169134,0.016230546463806665
169135,0.00516486260176851
169136,0.0005496697564584396
169137,0.00040160898409489685
169138,0.003496916020805399
169139,0.0004122141972548245
169140,0.0016025034655643678
169141,0.9900993518498685
169142,0.010925209769658236
169143,0.00013209358263493564
169144,0.0031453096092125665
169145,0.0004721518974214718
169146,0.0005260876657392814
169147,0.000191679405938782
169148,0.00013523430420948174
169149,0.001515495098162457
169150,0.0003302422626602876
169151,0.0007520866157122125
169152,0.002429825695705089
169153,0.000519069572467935
169154,0.004426280386684878
169155,0.00610562292679562
169156,0.001642535509554132
169157,0.9692765432307647
169158,0.0002852645552137038
169159,0.0010424163481436268
169160,0.00047912575970533977
169161,0.4739318359329674
169162,0.015569652384090889
169163,0.0017918390773067822
169164,0.0011464015973123528
169165,0.0015941495793453317
169166,0.001011868353333401
169167,0.0002711658843702241
169168,0.0001996240566811294
169169,0.0017724118332416794
169170,0.0005115856709250523
169171,0.0009616347390098002
169172,0.988453681929961
169173,0.0016413938117711164
169174,0.000429606645021947
169175,0.0003524607125157738
169176,0.0004897902681321347
169177,0.0010739184652476081
169178,0.0014403169582969284
169179,0.0008391798578078938
169180,0.00035455480461017887
169181,0.0004374797948636974
169182,0.0010139408735991228
169183,0.2159391229469256
169184,0.0009431071520488736
169185,0.0002370342457066584
169186,0.0019678337076714553
169187,0.0029475113065421544
169188,0.001154821600098213
169189,0.006823070209825066
169190,0.8748954011067985
169191,0.003153489137574809
169192,0.0010549349107189087
169193,0.00018957714550701447
169194,0.0006106434020578602
169195,0.001437586920263215
169196,0.0003358511883938909
169197,0.8334985158762828
169198,0.0008495573254769513
169199,0.0003950303287810705
169200,0.0003109597840033052
169201,0.9896325728576528
169202,0.001809137960114272
169203,0.0015966243166258116
169204,0.0005371328058498743
169205,0.03100533602695097
169206,0.0004982160326692464
169207,0.0008111378108222784
169208,0.0036891443873475335
169209,0.004208020980664842
169210,0.0004068094484919112
169211,0.00033399314073368684
169212,0.9958360339084658
169213,0.0007256134301457731
169214,0.0005718386903152007
169215,0.0012954719631256037
169216,0.01591806349571682
169217,0.0004894487639100247
169218,0.008117848623686912
169219,0.0005452840961439375
169220,0.0004217313335206046
169221,0.005146880306582279
169222,0.00020803888744491626
169223,0.00027976958926194336
169224,0.004231715591368993
169225,0.001170639401426234
169226,0.0016914563815037815
169227,0.005535069475250906
169228,0.00025062007205308996
169229,0.000997062441090717
169230,0.00025941211804902595
169231,0.0005420943344485191
169232,0.011971578610821841
169233,0.0010294701665803966
169234,0.0011589205208772811
169235,0.3961524996555368
169236,0.0008882635646442258
169237,0.0022382649580489303
169238,0.0022314961656458025
169239,0.0370132340590336
169240,0.0005029628287108269
169241,0.02947481456690738
169242,0.000496106679917911
169243,0.001936442788111254
169244,0.9633486666203052
169245,0.9890547620374338
169246,0.000361525968195393
169247,0.0005933842409932318
169248,0.0005101477971627422
169249,0.007790796295041382
169250,0.006386901933839659
169251,0.010895357707271517
169252,0.006234277180576438
169253,0.0031123835309578747
169254,0.0010755729980816585
169255,0.00524753855392359
169256,0.001481440151319975
169257,0.00031037563188052923
169258,0.001582301065586253
169259,0.002876236518959985
169260,0.005175575972855194
169261,0.0010498975769724782
169262,0.03347899478398983
169263,0.013876195455389845
169264,0.03753920339083344
169265,0.013572861482277538
169266,0.0002801749086231687
169267,0.10190871823464104
169268,0.0019216787639807886
169269,0.00023212953684676656
169270,0.3651321019367344
169271,0.9860661807279592
169272,0.9962194776411516
169273,0.00960401951854201
169274,0.0010407520459097287
169275,0.0011684645467182004
169276,0.0410494363064463
169277,0.001040061151809779
169278,0.0004897851574719386
169279,0.0005320626012673957
169280,0.9941383659277581
169281,0.061913933649880994
169282,0.0005009038140904403
169283,0.0025909959102281264
169284,0.04439430014079826
169285,0.0006519930927525704
169286,0.000633648524047484
169287,0.001110872206459036
169288,0.0035621611832755418
169289,0.0002772664875294067
169290,0.00353700143169277
169291,0.0006067482008690814
169292,0.030040176721833744
169293,0.001072182944423832
169294,0.008230002189158519
169295,0.017379251430183363
169296,0.01365139164438905
169297,0.03399069098643675
169298,0.3108101750087011
169299,0.0005044755819324993
169300,0.0008968873639491834
169301,0.000731938286260775
169302,0.007192786783969259
169303,0.012710591407282298
169304,0.0004537782963854989
169305,0.00028523260107231986
169306,0.0007117589083590794
169307,0.9942724638334225
169308,0.00019697934868086954
169309,0.004852670115467727
169310,0.00012171461606911794
169311,0.0002225903539289202
169312,0.00025695935439507293
169313,0.0049335265565983956
169314,0.0018410866904621122
169315,0.0002852156579574679
169316,0.0004334603408155068
169317,0.7860631592465342
169318,0.0003167174976868517
169319,0.0007265897574341173
169320,0.0057297590727836325
169321,0.00031055498352715083
169322,0.0008802002128068683
169323,0.006772028316604162
169324,0.003459850340780711
169325,0.013877483181861203
169326,0.0011341379331679224
169327,0.00043659979726702207
169328,0.0006225069189019947
169329,0.00039710743784757607
169330,0.0019731787927658117
169331,0.0021107542614996577
169332,0.00021449748429449553
169333,0.0018563457940379286
169334,0.00040511863827126727
169335,0.0005613483379377719
169336,0.03871381219479491
169337,0.0007080571027672667
169338,0.0003773908696624745
169339,0.00032358396086235215
169340,0.05310224795665639
169341,0.0027607345099062907
169342,0.0004712893452891796
169343,0.8894805933244576
169344,0.02798741187341105
169345,0.000369797247068503
169346,0.00018235756983291142
169347,0.0005590291465198628
169348,0.0005887859575635785
169349,0.0009348301814362232
169350,0.0003927379545231896
169351,0.0015047039761539632
169352,0.0006521257390742786
169353,0.0008461538317599018
169354,0.9951740884129995
169355,0.024284808722692883
169356,0.0001474006918692413
169357,0.023718723617526364
169358,0.001552777348615224
169359,0.0009256402463939942
169360,0.004521352954641128
169361,0.0006187816247421171
169362,0.0007854572185404949
169363,0.005080380822790176
169364,0.008156379811370972
169365,0.000315967025762562
169366,0.0003049177590323301
169367,0.0010536952920407773
169368,0.00021166788642543936
169369,0.006211154231503527
169370,0.00011360253364333447
169371,0.9911549329957916
169372,0.48458015432791013
169373,0.002518902609276075
169374,0.0001571368858179166
169375,0.035615977306303996
169376,0.0003078545156410271
169377,0.0016904379405776526
169378,0.002277752767137131
169379,0.0013168367959002737
169380,0.002656999936076081
169381,0.000330646410526961
169382,0.005115479955815361
169383,0.00020110342811808574
169384,0.0008399424961252495
169385,0.0008672765146620605
169386,0.000288071386402489
169387,0.004281403348850486
169388,0.00023755246239781037
169389,0.0012583280660605105
169390,0.00650973338411021
169391,0.00024124403132494738
169392,0.0006307823491056616
169393,0.011087473994108994
169394,0.9924249551634314
169395,0.0057150063581228655
169396,0.6305942541855831
169397,0.00137999633485866
169398,0.0026348349268972356
169399,0.02838057312874794
169400,0.010614680085170698
169401,0.034183839331660776
169402,0.0003290452739285475
169403,0.012055984184890548
169404,0.00029041567856204404
169405,0.039823740542839395
169406,0.0010043140839036966
169407,0.0034528666725844063
169408,0.9851377195857695
169409,0.00047978725899860405
169410,0.00023764549913602275
169411,0.0016140970373016597
169412,0.006456839315925327
169413,0.9500492517401857
169414,0.0010202550797771366
169415,0.24705572173149595
169416,0.9906054113849185
169417,0.005097293122510119
169418,0.9850984784370758
169419,0.00038377733405283793
169420,0.0002692276707284399
169421,0.002233186306575864
169422,0.0007175746963506239
169423,0.0008780672790542455
169424,0.019575129672524116
169425,0.0015622654486011007
169426,0.00033679374572103115
169427,0.0003428487356382246
169428,0.009731435087511014
169429,0.9753051331757472
169430,0.0008538035080143831
169431,0.0005242998545801798
169432,0.9878313297916345
169433,0.0005493018358511362
169434,0.0010375026939333002
169435,0.0016227767750991745
169436,0.0014403645192146062
169437,0.0008986279369780033
169438,0.0021478596474782796
169439,0.9898812697918641
169440,0.00064467921486609
169441,0.0011450390807509286
169442,8.4174407840872e-05
169443,0.007500269221700581
169444,0.0003785259130716734
169445,0.005978203171202064
169446,0.00288942515612816
169447,0.001196741334301203
169448,0.03434893001711739
169449,0.003302565082240805
169450,0.0006876926214937194
169451,0.0037970635978943467
169452,0.03634552174947427
169453,0.000452057759636471
169454,0.0003259035892976771
169455,0.035809871309948456
169456,0.0005237559259465298
169457,0.9867636336151243
169458,0.0002903576829919692
169459,0.27769428530386425
169460,0.00021297310874809184
169461,0.009171428827155428
169462,0.0007709085651831315
169463,0.00044113250765304623
169464,0.00030669730392333684
169465,0.003926925844747655
169466,0.0002944385457042632
169467,0.9561474353490448
169468,0.00597022231150301
169469,0.00035422875727441765
169470,0.00867414363036606
169471,0.000577587746637519
169472,0.0084852874349477
169473,0.001274783744797389
169474,0.0002450610591123215
169475,0.00023682114630498607
169476,0.0446260476464288
169477,0.1257255087543036
169478,0.0006850955058736189
169479,0.00032356260196925965
169480,0.008863740400979056
169481,0.005192271310653865
169482,0.9791511906218061
169483,0.00044550143063754993
169484,0.018223860203006186
169485,0.00033695013266170603
169486,0.0014202988383597692
169487,0.0013073304780544077
169488,0.05864636433200465
169489,0.0004537630832821975
169490,0.00017435838871561915
169491,0.00044375967882101313
169492,0.0004367583264273758
169493,0.03488905184358127
169494,0.00806548657125044
169495,0.00039341784017817434
169496,0.0006845978525942021
169497,0.005307956520273541
169498,0.00024036339773860673
169499,0.004278142088254196
169500,0.0002188174092624731
169501,0.0006672015600002309
169502,0.026123749225153203
169503,0.0003543994403717526
169504,0.08839189195883962
169505,0.00013175188453605366
169506,0.0029138558140497164
169507,0.001184361841480825
169508,0.00043244243255134755
169509,0.9934360511666663
169510,0.8406871024393571
169511,0.019243651257338384
169512,0.004432801186097284
169513,0.17136444954499977
169514,0.9928678611824194
169515,0.007845185256036079
169516,0.00028845368673326757
169517,0.008091433229612633
169518,0.0009934865798662729
169519,0.001443158501945542
169520,0.986874344039327
169521,0.0002954394579412196
169522,0.00033054712356697034
169523,0.0002430962662542682
169524,0.0003408888742510066
169525,0.0004962607997772472
169526,0.00018766394870219674
169527,0.0030929747853469646
169528,0.0016447847886526025
169529,0.014321025888258428
169530,0.014271456822640789
169531,0.0004460999474106265
169532,0.0016265370792870406
169533,0.02102304832204947
169534,0.9936496500074381
169535,0.00033660483028983483
169536,0.02448793752689141
169537,0.0007602703070731905
169538,0.08253742643697257
169539,0.9940358358127176
169540,0.0010174201747386808
169541,0.0004164998443060752
169542,0.0017792739721919652
169543,0.0007751514486176247
169544,0.0013339587875659503
169545,0.0005772337385688628
169546,0.00039570676306795535
169547,0.03951187235297996
169548,0.008047562364366217
169549,0.0012102297663789952
169550,0.0003405417550285328
169551,0.00037323424327166785
169552,0.0015690070966190431
169553,0.001964955995591914
169554,0.0010699794781153626
169555,0.03192036214985291
169556,0.0009302889141273081
169557,0.9806559888920982
169558,0.00028534420736090014
169559,0.00040703731967244657
169560,0.004933064824488779
169561,0.000623877866936447
169562,0.0001375508478277144
169563,0.0002591114600544127
169564,0.0009536211413216773
169565,0.0005120664193450898
169566,0.00030528893328114314
169567,0.00036187384024754106
169568,0.00033397205524892846
169569,0.9955416679327953
169570,0.0013808333740057412
169571,0.004655473747430059
169572,0.007444482161393522
169573,0.0006320994558865865
169574,0.0005409406745894471
169575,0.0020420472366597655
169576,0.0002084243665305819
169577,0.00035795707250539795
169578,0.0018387698702057543
169579,0.008086984877235671
169580,0.00018184984032642342
169581,0.005321800128478906
169582,0.00013895004308351662
169583,0.006300164531629971
169584,0.000294112145734524
169585,0.03904362994531253
169586,0.0023840178794116516
169587,0.0002194497750400479
169588,0.0010612964909911052
169589,0.00014585329938911047
169590,0.008409241579820715
169591,0.0022247040033410654
169592,0.007376203342507106
169593,0.0017487813496689022
169594,0.0005656362025117941
169595,0.9979881780857566
169596,0.00018052764910652335
169597,0.017017974648238024
169598,0.0009303830581384239
169599,0.0036796237781668694
169600,0.14091961475152404
169601,0.0003374972771813078
169602,0.0001439053827679624
169603,0.00013281116248931913
169604,0.0006533308661507677
169605,0.00025144854909392954
169606,0.00018193976546784167
169607,0.06024003611333772
169608,0.0007218837085674947
169609,0.0007687008390646683
169610,0.0010356436686834252
169611,0.0004322149806810411
169612,0.0012979631323122244
169613,0.0013922344390296273
169614,0.0020068703800583594
169615,0.010869001148038668
169616,0.0008365329646505387
169617,0.00019124610049279934
169618,0.0002800083746793295
169619,0.9746328985029501
169620,0.0005908187244160152
169621,0.9869276459853538
169622,0.0003060172639453189
169623,0.0016702796003288045
169624,0.0003954490589175251
169625,0.025840257390075963
169626,0.02770701807991896
169627,0.00039690375262890846
169628,0.0009407526391741889
169629,0.0037987360970636462
169630,0.0013637944677639955
169631,0.0076294718353567175
169632,0.9902258169208482
169633,0.0005515982165778816
169634,0.00406554757279764
169635,0.0003035146094403646
169636,0.011971027490926866
169637,0.015620987951988378
169638,0.010938670610750642
169639,0.9914104253095921
169640,0.0004996616518303402
169641,0.00028270040326446006
169642,0.028359579585881492
169643,0.0002557633906515155
169644,0.000503237437600347
169645,0.0002994028983797161
169646,0.0005664419833588319
169647,0.001984876518122145
169648,0.02488056417648805
169649,0.0004859761397746874
169650,0.000417003435580617
169651,0.008230080233434613
169652,0.00032085070274211414
169653,0.0017062042717745122
169654,0.027283343292312644
169655,0.00031527227372383224
169656,0.08990088712628747
169657,0.0004926475550529019
169658,0.006641866084847389
169659,0.001525240813872189
169660,0.9917687995404237
169661,0.008452848196955744
169662,0.0017959855239835262
169663,0.00021047623576863085
169664,0.0005412547999577451
169665,0.0007246431191141725
169666,0.005171847325543836
169667,0.001754389847905264
169668,0.0004035054198397767
169669,0.0003086641487540267
169670,0.0004391083677326488
169671,0.0021591281777868275
169672,0.007767251202284283
169673,0.001624101809573841
169674,0.005940140413918938
169675,0.00035056855349674393
169676,0.913632345014277
169677,0.0008015988020736867
169678,0.0003813241310140231
169679,0.00022622669145641613
169680,0.001389066741509614
169681,0.0008514647965281777
169682,0.0005592372619658756
169683,0.0007822729549636499
169684,0.0002278496350959316
169685,0.000526778492442599
169686,0.0005155374606482629
169687,0.0028672454235847684
169688,0.000507013069459756
169689,0.0002960865849449639
169690,0.00031581542742088926
169691,0.00028872648265767517
169692,0.00039509731238728137
169693,0.0021857725041324245
169694,0.0004999479116234542
169695,0.0002588881278507442
169696,0.11677530212382793
169697,0.00027936587818734186
169698,0.001190785273333709
169699,0.001108652203657807
169700,0.0018384411085742498
169701,0.0006526803890969815
169702,0.012667756168005083
169703,0.0018498904672446968
169704,0.003022201802620646
169705,0.0035145839727059452
169706,0.0005988910700431491
169707,0.00034013052791072003
169708,0.1995437891626542
169709,0.0001352987648772819
169710,0.00024407520678416784
169711,0.008793806852684464
169712,0.01845955888950276
169713,0.00044006238709660153
169714,0.07718549011852986
169715,0.0010880140552956702
169716,0.0001998426039956276
169717,0.0046486550419905775
169718,0.057353966362436094
169719,0.0004451047114802578
169720,0.0010705141024677119
169721,0.00046290481677610816
169722,0.0003044802776773359
169723,0.00022722596705324606
169724,0.000500315142991293
169725,0.006385909715749739
169726,0.00115719475616382
169727,0.0010165015898055956
169728,0.9895560825372232
169729,0.0002444601690381328
169730,0.0023697818173590243
169731,0.9912215786463254
169732,0.9760631125657832
169733,0.007888509887454495
169734,0.0002674921817653767
169735,0.00043275296299200955
169736,0.0008005933927476908
169737,0.9910475553218547
169738,0.001541056699358555
169739,0.08235155194952506
169740,0.00036682374816848426
169741,0.00896612097648858
169742,0.014585611518878376
169743,0.00011860350623006411
169744,0.002218270908168647
169745,0.0008135197095923694
169746,0.005372757808036395
169747,0.0007418011422944623
169748,0.00024268200413675315
169749,0.004535228930969754
169750,0.0002968938354561337
169751,0.0007087382252970653
169752,0.004263641796874104
169753,0.03610437774992952
169754,0.06718610150444662
169755,0.0017437018874156564
169756,0.0010138335759112037
169757,0.0005710065432847256
169758,0.0018223511553498116
169759,0.004922749405521493
169760,0.0005449302897370421
169761,0.00036095175277303974
169762,0.0002722282673287724
169763,0.00046348735925114565
169764,0.9753126443315645
169765,0.953153976532085
169766,0.0003405865537103203
169767,0.06156432481786222
169768,0.011429501297704122
169769,0.00016621791833338397
169770,0.0008814752655499286
169771,0.008493239984310364
169772,0.9925802190155616
169773,0.0009557912646818124
169774,0.001900264768392864
169775,0.0010680769776491984
169776,0.9945199011824309
169777,0.0017939450653127187
169778,0.007821868288849211
169779,0.00047851516893636717
169780,0.0004453634218725434
169781,0.005652377216920017
169782,0.0002803824551640685
169783,0.00025867301762088913
169784,0.0002187802977521508
169785,0.0006849431818575845
169786,0.0005624652651871663
169787,0.0006992214976305995
169788,0.0020649713558845637
169789,0.00912755414820217
169790,0.0013008065213070694
169791,0.002801276516510877
169792,0.0002696765060707561
169793,0.0009000967091959583
169794,0.0018178955579650354
169795,0.0005624032182704532
169796,0.004133647657080083
169797,0.002891069415779693
169798,0.0567188748262953
169799,0.00020995307158860093
169800,0.0015907784970476094
169801,0.0057908755114048855
169802,0.00030807596133003976
169803,0.0014379080902025563
169804,0.006992473369441405
169805,0.0028077204941338884
169806,0.0027627786151471242
169807,0.0002957508837683519
169808,0.18803139726408574
169809,0.001223535978868398
169810,0.004436351426837132
169811,0.00034179329865272143
169812,0.00014090088307172632
169813,0.0029561045133036363
169814,0.006519772990260921
169815,0.0006587668165197985
169816,0.0005260215176880302
169817,0.0002301287080454011
169818,0.00022161779189170698
169819,0.0010190141216793217
169820,0.0012793299233597377
169821,0.0004810229311351981
169822,0.0009110555679878703
169823,0.00038113934476704316
169824,0.0033296781862235517
169825,0.00029993041427314797
169826,0.00027831719871559366
169827,0.0007581298189978031
169828,0.9891381672382639
169829,0.00039364408581340116
169830,0.005601165295801299
169831,0.014394366756644168
169832,0.0023260597555397463
169833,0.0013727927344499408
169834,0.0003792625001759383
169835,0.015032865609368153
169836,0.0002333862468139922
169837,0.0008949407428156309
169838,0.0008898167001282098
169839,0.0005020118394082713
169840,0.0010481320165380782
169841,0.0005204367674598011
169842,0.0016303136952837975
169843,0.00100253073005428
169844,0.0015371050811252857
169845,0.00037539782861875637
169846,0.00027895384264946206
169847,0.0002533509585301223
169848,0.007792182322492079
169849,0.000616893589773167
169850,0.00022823472766060612
169851,0.0007464135728525702
169852,0.00040595681130055984
169853,0.23581499686132548
169854,0.9961253335376271
169855,0.0017815577672620107
169856,0.00023428947881793552
169857,0.016519764356716017
169858,0.0007623408186390151
169859,0.00044501295371729345
169860,0.47001905434953456
169861,0.011762609610146196
169862,0.00040063094993561944
169863,0.9949057462118266
169864,0.0058577125196341605
169865,0.00022559162647987847
169866,0.0009315619575393184
169867,0.00016892470306689033
169868,0.0007138440728009775
169869,0.009903007050644619
169870,0.0011266141235880228
169871,0.0067469711007410935
169872,0.007387591179638525
169873,0.0009588680775264696
169874,0.0002890846875471241
169875,0.0003648619813166999
169876,0.0012427137775404002
169877,0.006776636661308548
169878,0.0016061992931644278
169879,0.540473287672873
169880,0.0004826321899484618
169881,0.0033828969504430153
169882,0.000306440793235992
169883,0.018614073629550008
169884,0.004604012426507497
169885,0.0034779248916111992
169886,0.00044704439485319334
169887,0.003021613351067016
169888,0.0066487636819604215
169889,0.0002235936461807283
169890,0.00552391882907425
169891,0.00042650369000421854
169892,0.0007756386175090392
169893,0.004447831669505855
169894,0.0004975121608121598
169895,0.00041229587418156516
169896,0.0010648539268057564
169897,0.00021857335891113793
169898,0.9884316730042956
169899,0.00025594758812228776
169900,0.0002814772366483501
169901,0.0014824935731811554
169902,0.0003025784813499884
169903,0.0007486949966124474
169904,0.0013304245463589405
169905,0.00489241136204727
169906,0.012878211617274019
169907,0.05148410651596617
169908,0.032312330899576795
169909,0.07231230393340449
169910,0.00024954680433993565
169911,0.0081491554860989
169912,0.8519822041228211
169913,0.4109767558917313
169914,0.00038040101981120573
169915,0.0009724263442278001
169916,0.00029540567134313744
169917,0.0021158892297800658
169918,0.00022562706752816345
169919,0.0007653803894590928
169920,0.0011981362171969616
169921,0.0009481848662518116
169922,0.002785663794072013
169923,0.0013569716368478086
169924,0.996949197570632
169925,0.006220721929393645
169926,0.0014578223930502674
169927,0.003443762791107452
169928,0.018167607278626024
169929,0.913486312361195
169930,0.9859557538974312
169931,0.007040020872459434
169932,0.00044308682672929275
169933,0.001458520276197313
169934,0.005409322293853114
169935,0.0002886564470380513
169936,0.002555900852178939
169937,0.02475547613296872
169938,0.002025231976743884
169939,0.00022500932350494308
169940,0.00018030840064823332
169941,0.0010485647526329875
169942,0.06131521566691983
169943,0.011131569425604712
169944,0.003708754725241995
169945,0.00024020992076249998
169946,0.0033779579551912204
169947,0.0054721826336911646
169948,0.0002644211285166455
169949,0.00022882820565811913
169950,0.0003918186567193255
169951,0.9193602009780086
169952,0.0002962213757806678
169953,0.0007182193364843112
169954,0.0002547862523455608
169955,0.002328442442438771
169956,0.004382349051693527
169957,0.0006747537868991574
169958,0.9435691277744145
169959,0.9951493795448988
169960,0.0010609471349064513
169961,0.03946738266557982
169962,0.0004432957642009722
169963,0.00042959140909608123
169964,0.00187031688695946
169965,0.028102154673019235
169966,0.0013890339898076703
169967,0.004402015965512521
169968,0.997679730785195
169969,0.00499760385718402
169970,0.001583761442127327
169971,0.004999517967251294
169972,0.008924683317769307
169973,0.00044229202349975124
169974,0.0014434331567813063
169975,0.007773146714221694
169976,0.8305011481024192
169977,0.0003668213890955094
169978,0.0009725934217809861
169979,0.009971757375174906
169980,0.9783497979172067
169981,0.0008898230172848434
169982,0.022636751746687826
169983,0.00058439747825729
169984,0.0005656085642693645
169985,0.001449184921830735
169986,0.003356975944344339
169987,0.0006430716301298584
169988,0.0004768098269362458
169989,0.00042591419069641244
169990,0.003058311111688236
169991,0.0002595822252038654
169992,0.0042147579981799506
169993,0.00038247130732403347
169994,0.0014422611903771954
169995,0.002515204251092488
169996,0.006713093114122648
169997,0.06749488721245074
169998,0.004265849177616612
169999,0.0016021082360177022
170000,0.9887843161135094
170001,0.0011547590023755858
170002,0.0003946002199997152
170003,0.07205349337932385
170004,0.0007498604533405047
170005,0.01026552783280506
170006,0.020478524943002983
170007,0.00027916940479365016
170008,0.0003860121183493792
170009,0.9908037195091425
170010,0.0011638645891741033
170011,0.000339754728413556
170012,0.00013700304369547805
170013,0.0005552939630821939
170014,0.0014590789685668857
170015,0.07598906038943683
170016,0.0023946063541370236
170017,0.008818838600336576
170018,0.9883968282937449
170019,0.0003078553926664947
170020,0.014186572352471958
170021,0.9794558029960877
170022,0.005851840828318306
170023,0.01001386063904154
170024,0.0002938028043408584
170025,0.001308701789614928
170026,0.006691317825855678
170027,0.0009026580257923961
170028,0.00048353745385154806
170029,0.9823206697000524
170030,0.9920390991997676
170031,0.00041863838805193795
170032,0.00029742111578705217
170033,0.0007470534843868758
170034,0.00021488047815736738
170035,0.27577804177830756
170036,0.00030710944593561094
170037,0.0013799159482599903
170038,0.002627024646462328
170039,0.0048982273944014375
170040,0.0006177228227964142
170041,0.00036228752899962615
170042,0.001523188351697703
170043,0.01114385040942645
170044,0.0002807230712277467
170045,0.0010304263186804658
170046,0.0006693613732449827
170047,0.99109301776621
170048,0.004160043111342565
170049,0.060117674713617064
170050,0.0004321986636587897
170051,0.00019912775400997217
170052,0.018737458493829864
170053,0.0006947990729043581
170054,0.003002815888928746
170055,0.014492550124504339
170056,0.007227962513963911
170057,0.2727495387573801
170058,0.006064383180875471
170059,0.0003495091114440657
170060,0.012242854749769197
170061,0.0008948966217515084
170062,0.00838345443871362
170063,0.0007093811918907788
170064,0.0750911683692942
170065,0.9689302131285348
170066,0.0024781842155991267
170067,0.0004843275661590478
170068,0.0019702817294527135
170069,0.0004536335682154777
170070,0.013471780300825725
170071,0.00037424016699143204
170072,0.0003483887854108404
170073,0.008863817922783776
170074,0.034094080434239775
170075,0.008546356696918927
170076,0.0012713730696098829
170077,0.0006101636550149124
170078,0.0009742139376448758
170079,0.00041631383227426277
170080,0.0004084840511408801
170081,0.002013574232910112
170082,0.00024315520644596503
170083,0.02281502029997339
170084,0.89595899683469
170085,0.9803092095148941
170086,0.000993566970845498
170087,0.009761202805251988
170088,0.00017154216423226083
170089,0.05028604007351144
170090,0.000321551906196213
170091,0.00025793427157214815
170092,0.0002353239963883213
170093,0.0007678037828486983
170094,0.14304603893205822
170095,0.0006298390719584462
170096,0.0006176501088106558
170097,0.0004620180813297431
170098,0.0005909762137284061
170099,0.0007924912039829216
170100,0.00022428464459617393
170101,0.0010890778284928617
170102,0.0009381360443433004
170103,0.00021406615453831997
170104,0.0006161019968029514
170105,0.0008425711396072563
170106,0.00035742165041586957
170107,0.000759390594363087
170108,0.015932995737170164
170109,0.044298901327742196
170110,0.0002049868648550069
170111,0.0005968199514326716
170112,0.0007901559434253766
170113,0.0005298957681197926
170114,0.0004306724362132932
170115,0.0009379378020108096
170116,0.0013039521213005212
170117,0.9406672353516708
170118,0.015781864282667153
170119,0.989022045796392
170120,0.0019174033181375222
170121,0.040499391861425274
170122,0.00022512723589213388
170123,0.0003283330294566788
170124,0.00030888190719140956
170125,0.16034221713570074
170126,0.0008134821631403847
170127,0.0015439531870172385
170128,0.0009627606125219216
170129,0.0006055542032261411
170130,0.0026951422293290707
170131,0.0023589366124115935
170132,0.0007792019411816852
170133,0.00019572683036134405
170134,0.0015043044949704695
170135,0.00044621667915766515
170136,0.0009042847383356702
170137,0.005401188567889745
170138,0.003109411661043248
170139,0.0013377369633529263
170140,0.00695408724473275
170141,0.03586510796999656
170142,0.9880942673800102
170143,0.004838692614686024
170144,0.0006605142923246756
170145,0.056273201068774585
170146,0.005113187939619966
170147,0.0013560596286507018
170148,0.00011800199699755022
170149,0.0036715028431945286
170150,0.9968217914775357
170151,0.043416606427845214
170152,0.001985857709946741
170153,0.9907927656256132
170154,0.00014345776719852473
170155,0.055992154252911486
170156,0.0004999157725231882
170157,0.0008155984645994403
170158,0.0007197759824242722
170159,0.0002429105151857697
170160,0.0011110210093004552
170161,0.00030475294889140283
170162,0.0005601971421470098
170163,0.0017983421559542622
170164,0.00043763292767568386
170165,0.00041579564295484285
170166,0.00030782742882540156
170167,0.0020213380436406836
170168,0.0002628150732325177
170169,0.08112839396895326
170170,0.003543178566129833
170171,0.03003701195288149
170172,0.008219549005916137
170173,0.02654763133663291
170174,0.0010495478581078505
170175,0.0013642068284759736
170176,0.030520226124644036
170177,0.00024539899431440503
170178,0.0015579163948145152
170179,0.9881755107201364
170180,0.0005925568299773926
170181,0.22343480882406616
170182,0.0005227567591472702
170183,0.19103913658249222
170184,0.0066183596314206995
170185,0.10095465565829817
170186,0.0017806107770317263
170187,0.0002454372272989668
170188,0.9935837309777433
170189,0.0009947388401863198
170190,0.00021703965716408306
170191,0.0012574242079133244
170192,0.9883340745250895
170193,0.0002326337511937435
170194,0.0006038246716389936
170195,0.007603711633390406
170196,0.0020223705357255125
170197,0.019440047262792793
170198,0.0031260490993899135
170199,0.00025512843555482113
170200,0.00014677435633065475
170201,0.0002400975533626696
170202,0.0014973795332027691
170203,0.0009636176627281966
170204,0.0007018851896391148
170205,0.00027358294774553816
170206,0.01568082027785036
170207,0.0651211912197988
170208,0.013470894179033065
170209,0.01250069732536061
170210,0.0002606020198247271
170211,0.10747267141228939
170212,0.966328087524906
170213,0.00844760794311016
170214,0.000971265680743531
170215,0.000632862461692882
170216,0.0015563656647133298
170217,0.004732613596195777
170218,0.00017115126091071263
170219,0.9925211805286397
170220,0.9902512025487454
170221,0.0005574822406820399
170222,0.0015707058576734626
170223,0.41042414163416857
170224,0.006456810153469591
170225,0.007413487557107799
170226,0.0004961717933086836
170227,0.0011346715098694772
170228,0.00011127415506902299
170229,0.005727825508445201
170230,0.0007452782950020269
170231,0.9851573176491665
170232,0.0006661127058461773
170233,0.0020208482333345626
170234,0.0012954413058574835
170235,0.0003468543842957149
170236,0.0007746768964362974
170237,0.001945169275959361
170238,0.00028100610917288475
170239,0.0019511384808089476
170240,0.007628974388318431
170241,0.00028622643690331484
170242,0.0040882414392868814
170243,0.0024585158930928636
170244,0.0038987371428454883
170245,0.0028380458701936944
170246,0.0059082600512244425
170247,0.0001400151466442654
170248,0.00017047251441463628
170249,0.00043539506529965456
170250,0.000882871779358042
170251,0.9686484071847454
170252,0.0005315744709976392
170253,0.0009537798889462105
170254,0.0009615413274993107
170255,0.00837936980672295
170256,0.0010487544746734115
170257,0.0012698332572901167
170258,0.00025393959481165735
170259,0.0010428129755133005
170260,0.0006718796730714639
170261,0.00042051415838785874
170262,0.04176384944328272
170263,0.07517108769911866
170264,0.00035474559091979384
170265,0.00045780503506210224
170266,0.0018102192226884172
170267,0.0005649112419048687
170268,0.0018420767477287004
170269,0.05495605354954925
170270,0.983321594424354
170271,0.00028982775747766614
170272,0.04062738028215608
170273,0.9823734487015955
170274,0.00029047389616892474
170275,0.05613898179187662
170276,0.00014526316351559573
170277,0.019836434179433492
170278,0.9880366978092637
170279,0.9652523583742201
170280,0.00032992081535652463
170281,0.004061226513987061
170282,0.03909150064554851
170283,0.0018574586214300459
170284,0.010378655896001874
170285,0.007230202820741998
170286,0.0002395198905750761
170287,0.00012523528877724866
170288,0.000606135145317448
170289,0.0007464640453323993
170290,0.000533277070525881
170291,0.001452976530027819
170292,0.001983418408538971
170293,0.0004416248187497221
170294,0.00019716511419833055
170295,0.0022043876150726637
170296,0.9921645741987581
170297,0.00022896013942771945
170298,0.000496460566602965
170299,0.00048028158880314143
170300,0.006329893032818608
170301,0.009139494980162963
170302,0.0010581554847249517
170303,0.0009033455944182346
170304,0.00021992989411028738
170305,0.0013231334364733776
170306,0.0011697270544871823
170307,0.002216529065185678
170308,0.0004623367264593163
170309,0.6604878494781784
170310,0.00031565269188753206
170311,0.00217893599368693
170312,0.010926950466951628
170313,0.0007963970161479465
170314,0.00030248905013428753
170315,0.00020157572841214845
170316,0.006236326115406747
170317,0.04515796353238866
170318,0.0016016708763913255
170319,0.001517449302432106
170320,0.00018511499468625082
170321,0.0006521494355069538
170322,0.001891755524087416
170323,0.0002672086428021195
170324,0.036543590874091994
170325,0.0020349852179970544
170326,0.001276810055661933
170327,0.0008386515165732533
170328,0.28881657665517213
170329,0.014214614955200131
170330,0.00122424040024081
170331,0.9942191551064876
170332,0.0006046005224440344
170333,0.9914738143545645
170334,0.00036777182738222586
170335,0.00028993324512287933
170336,0.0002489641815713644
170337,0.990612354987024
170338,0.0018348296173480315
170339,0.008555534232173874
170340,0.0009198769577641454
170341,0.00036712076900323893
170342,0.0008812094414721023
170343,0.6421768557018774
170344,0.005486085582572835
170345,0.2503527054201556
170346,0.00034466541574183876
170347,0.007105413131730494
170348,0.0010397008349983872
170349,0.0001855436401539142
170350,0.00050538781058719
170351,0.00017478538316408236
170352,0.0002867642704292555
170353,0.005847965339154533
170354,0.004344882109548641
170355,0.0001785985046005158
170356,0.0014634988883642586
170357,0.00046628358297931365
170358,0.9869301940955185
170359,0.00021224234791333464
170360,0.0006525014199173624
170361,0.0006002002493223999
170362,0.0005190732211805913
170363,0.9920091475687024
170364,0.9921078284348183
170365,0.0014020393805049924
170366,0.001644593518970756
170367,0.00036280816515475326
170368,0.0006459897163907332
170369,0.002601862377859719
170370,0.8092757469467718
170371,0.9948962704441363
170372,0.00020545531905738715
170373,0.0002782993731071182
170374,0.0005102748899975328
170375,0.0008985705358861854
170376,0.0003349006588915294
170377,0.001099254244482344
170378,0.0005759486889506208
170379,0.0031690955836184273
170380,0.0014945084721843215
170381,0.00489244526382369
170382,0.012474964500824845
170383,0.0052771997808098384
170384,0.00022982274631277788
170385,0.0006029513053665614
170386,0.002340113770597782
170387,0.0033409301621392454
170388,0.00030906245343625467
170389,0.010682872962786761
170390,0.0009845841885984545
170391,0.0009292622638469186
170392,0.00027434053673439963
170393,0.000520459877667916
170394,0.00024656991859512757
170395,0.008120159613618552
170396,0.01205055830464177
170397,0.001834734317069371
170398,0.00015361776550631067
170399,0.00029625378854565294
170400,0.0006737178666856089
170401,0.00630085139549922
170402,0.08534198077546148
170403,0.0020038604482502547
170404,0.0020274805781989075
170405,0.0004978406871517882
170406,0.0013874043179894942
170407,0.02824905417983617
170408,0.023145152590316177
170409,0.0025753042899737543
170410,0.0002905119429299251
170411,0.005176609336657803
170412,0.026428414223529033
170413,0.00026001827153854186
170414,0.03228354464931992
170415,0.01161772275183601
170416,0.000335563508138935
170417,0.4175773551301057
170418,0.9780420738300036
170419,0.0002642362791887533
170420,0.00034327485281166
170421,0.002334100524211855
170422,0.00035935565179616457
170423,0.0002791655694781607
170424,0.001467703254525801
170425,0.0014416993415520207
170426,0.00022157027694351598
170427,0.0033247367639058422
170428,0.11426631701786015
170429,0.003667292005841704
170430,0.00033641020202381644
170431,0.0004756518316539548
170432,0.0001626058602001341
170433,0.03809808999097229
170434,0.9546537485480693
170435,0.0803384081570951
170436,0.0009656663747258254
170437,0.0002826872611765977
170438,0.00024313249952294548
170439,0.0003190105371980756
170440,0.016096433581923315
170441,0.004746822865209736
170442,0.003580252585365597
170443,0.9822594039078397
170444,0.0015525594383819898
170445,0.9944992904557801
170446,0.0028507982459315137
170447,0.0003993816950906164
170448,0.0004024656811337191
170449,0.0012791959357381442
170450,0.0007730810847319396
170451,0.0004981663620693827
170452,0.0019576752316309825
170453,0.0007380075259843176
170454,0.9962593944065717
170455,0.0003763111701272652
170456,0.01108724800854142
170457,0.9820977896338299
170458,0.00026639244294173516
170459,0.295053591967222
170460,0.00018228023335906688
170461,0.0003076437694626678
170462,0.00034747784465306023
170463,0.0004612502227747319
170464,0.0004710849327664589
170465,0.014505543088758772
170466,0.0006199558843144301
170467,0.0016876829413776638
170468,0.0012830439190334177
170469,0.48258359473056783
170470,0.009205298133568315
170471,0.0015070066758138907
170472,0.0009042109420218802
170473,0.0006819937974350675
170474,0.01061380337824481
170475,0.025963107164489064
170476,0.00037004975483172263
170477,0.013384167398020825
170478,0.0501398447684274
170479,0.024029441956067127
170480,0.006980040875525697
170481,0.00609101975514438
170482,0.0003325654566373246
170483,0.0002609018708548466
170484,0.004610462789874452
170485,0.0010793852022004898
170486,0.0006518857991199016
170487,0.0016377269234254593
170488,0.008611618024627203
170489,0.001429180623806374
170490,0.01225715434980694
170491,0.00020826681576257612
170492,0.00030340905407591295
170493,0.0006981295596362716
170494,0.001346715528417192
170495,0.0005361355923292984
170496,0.001203597495534482
170497,0.9957701148600285
170498,0.002452068350512507
170499,0.0009534683417880483
170500,0.0009185026548094455
170501,0.004168400140374956
170502,0.00021956540909619026
170503,0.0005129008760835656
170504,0.02865596686052226
170505,0.0027127664942235255
170506,0.00032041923602676303
170507,0.0007674188712820592
170508,0.003075829526714153
170509,0.0007329073491198409
170510,0.0021396598254703973
170511,0.008310391718263456
170512,0.9898827837462758
170513,0.9461988926726345
170514,0.0007085036833291978
170515,0.012917226337853261
170516,0.0020757998606999923
170517,0.00030134374411468337
170518,0.990088889844867
170519,0.002197539176308612
170520,0.00046703696293246705
170521,0.0002726450898667733
170522,0.0003813451461370538
170523,0.0005306998791775666
170524,0.00859439553029615
170525,0.02315861218693884
170526,0.0047241775922002
170527,0.0002534222403577685
170528,0.0003527254401248618
170529,0.00035119543275227325
170530,0.00926175700007608
170531,0.0007671105668743349
170532,0.0004246051738548581
170533,0.004504600224444457
170534,0.0012269983335177219
170535,0.9875681244539787
170536,0.9827249241332185
170537,0.00032818388361308473
170538,0.0005136738366282173
170539,0.00036710088255830647
170540,0.001147665198680369
170541,0.9807007468773385
170542,0.9889088949615004
170543,0.00037247162691586723
170544,0.0005595715572259732
170545,0.6652064243532191
170546,0.0010188888761772734
170547,0.006354529963272536
170548,0.001085258646132317
170549,0.0016869552383809458
170550,0.9936988716679619
170551,0.0007516466993144135
170552,0.000155816796345035
170553,0.012997348872533478
170554,0.0010947792190127222
170555,0.00016685654506139272
170556,0.0021749867583441555
170557,0.0004913692544240238
170558,0.017283586466532563
170559,0.0002533760615506554
170560,0.00033420452000437094
170561,0.00019965753999212749
170562,0.01898405043126893
170563,0.005993940492497526
170564,0.00014265259335818428
170565,0.0009417725820780352
170566,0.00752873620403286
170567,0.014864611774191629
170568,0.00025306184797285937
170569,0.0008387602285528029
170570,0.017237588658052434
170571,0.0007593770586183297
170572,0.017081533184342048
170573,0.00039808424863488806
170574,0.01783488707958712
170575,0.9826608189174326
170576,0.005229330393437389
170577,0.0004987040044128039
170578,0.001333257297520966
170579,0.00015407225169673864
170580,0.009253301164096844
170581,0.00012199282848376763
170582,0.0009883999714253692
170583,0.0007536025459700318
170584,0.0005146857316586513
170585,0.001364980045651695
170586,0.0008455424457622502
170587,0.0004173685447306533
170588,0.0005775098912282952
170589,0.017383717630346796
170590,0.0018171412882031573
170591,0.0033187386661354787
170592,0.0003157960040595294
170593,0.0023845569295540634
170594,0.0034053412570525807
170595,0.0017405172722536658
170596,0.005106313365658432
170597,0.9459664671999082
170598,0.000251700174098931
170599,0.0016725265966709788
170600,0.0013207074198500015
170601,0.004673781806188297
170602,0.0002449485479983365
170603,0.0011422530318041626
170604,0.0005081150446487353
170605,0.4095563157321988
170606,0.011208031551611966
170607,0.9966705332629887
170608,0.0009563492210331432
170609,0.00022867815968921344
170610,0.19622002370402197
170611,0.0004547749805297793
170612,0.006953935392936731
170613,0.0006530175776808891
170614,0.0056464706635967876
170615,0.011296018629828795
170616,0.0005573107659635514
170617,0.0009233290768403257
170618,0.01143192377921323
170619,0.0016853629112483066
170620,0.22489581723883206
170621,0.006892796493580733
170622,0.9905580922318745
170623,0.013521526561980702
170624,0.009016509861726932
170625,0.001256322430681009
170626,0.004597783657305606
170627,0.00015739209429710852
170628,0.00031394308736450833
170629,0.0020026323601954475
170630,0.002198966623980426
170631,0.0007573172644692215
170632,0.003030976756974709
170633,0.04344672319465711
170634,0.0021145340553059572
170635,0.0003623952848758029
170636,0.000596350405994939
170637,0.13017717944760515
170638,0.0005129911256261283
170639,0.002123464314926026
170640,0.003422269964078269
170641,0.012573182875090893
170642,0.0021185038050201646
170643,0.0006317156949064905
170644,0.00026228671996845907
170645,0.9934076656281512
170646,0.0028881402729602186
170647,0.001652751626963422
170648,0.00020249598496554572
170649,0.013807395269420625
170650,0.002306948727497327
170651,0.0013160689939064093
170652,0.9934689533307053
170653,0.005732935924499645
170654,0.012741895544253158
170655,0.008402539691865192
170656,0.000360296763001009
170657,0.00021244815183171892
170658,0.007395978481794815
170659,0.0007811957243524835
170660,0.0021076798268638954
170661,0.000701787794728991
170662,0.0011042180608270022
170663,0.054475212377465214
170664,0.000604068489262783
170665,0.0006481108431281035
170666,0.0022436089164988293
170667,0.009284568625292363
170668,0.032814717737701095
170669,0.0009905001481701123
170670,0.0003451805461876573
170671,0.0008332203710268579
170672,0.0011266459410117513
170673,0.00021643606115390854
170674,0.0001952748207567747
170675,0.014885871494700243
170676,0.006590015268538651
170677,0.0029463456001784273
170678,0.00028719804402801513
170679,0.0006263538787928416
170680,0.0013710887001933125
170681,0.0028538270289044858
170682,0.00048620879474300564
170683,0.9952552039210794
170684,0.0026893610995074456
170685,0.03288198910523704
170686,0.9964479943582552
170687,0.025975091729737176
170688,0.00032104182569488897
170689,0.001541056077018778
170690,0.0033564079410053032
170691,0.00037625487480598933
170692,0.000661133641126875
170693,0.0005813902342505186
170694,0.0049238557816305845
170695,0.002655308772123472
170696,0.0011038476939677542
170697,0.0006973248663661089
170698,0.0007593787946987449
170699,0.0022955463844584636
170700,0.00018045479740979055
170701,0.0016426299138274142
170702,0.0001177352720382584
170703,0.0006102015131032245
170704,0.0042660457632388345
170705,0.0006785832150704078
170706,0.22956507430365594
170707,0.0010712893631524972
170708,0.0007870733879833904
170709,0.0003803129484121495
170710,0.0006405685950086451
170711,0.0006306513597907743
170712,0.0007894575437637679
170713,0.008441993462262222
170714,0.002174805666003187
170715,0.0049153718757806
170716,0.00036143985785389596
170717,0.019933934563465126
170718,0.9821818281001202
170719,0.00041814370865327056
170720,0.0003444616193179317
170721,0.033871535974938645
170722,0.0005329071471529823
170723,0.0019336801429126157
170724,0.005911181287370131
170725,0.0038144151543566835
170726,0.0003087956041394713
170727,0.00954868026035061
170728,0.9917308720363842
170729,0.0005886628941629562
170730,0.0005691589636166946
170731,0.0002630403645916836
170732,0.0005693866564192813
170733,0.0011880919474765096
170734,0.001267028332797248
170735,0.0004380546771056812
170736,0.9433603119205556
170737,0.0008919801436401728
170738,0.0010915330482804103
170739,0.0025607929873619935
170740,0.0023708672868938893
170741,0.0006391586731340499
170742,0.004940551735855426
170743,0.0002037104246221758
170744,0.00084486950587357
170745,0.0020540598206937872
170746,0.0003055902159263348
170747,0.9853861666202808
170748,0.014912735190678877
170749,0.000444507765373039
170750,0.0011850727184613888
170751,0.0002589360223948658
170752,0.0014172535261432354
170753,0.25963437878878465
170754,0.00024691458870832215
170755,0.0004748252966364424
170756,0.001996855107081908
170757,0.0080459079829265
170758,0.022463456484890225
170759,0.9973535337387517
170760,0.0005134379905823597
170761,0.0017632120993560858
170762,0.9893923334629655
170763,0.013039437724088429
170764,0.0008414134204000238
170765,0.0006045026559804615
170766,0.008083672084107561
170767,0.0056731843684442165
170768,0.0003174570159856099
170769,0.0004496983069498548
170770,0.004351857188995876
170771,0.0015843536812689964
170772,0.0005987341658368867
170773,0.005911071879503545
170774,0.9950107640450188
170775,0.02450669424489049
170776,0.10014443240222845
170777,0.0026096841269627573
170778,0.9931445042337849
170779,0.053856686221216366
170780,0.001353595329986062
170781,0.01360798599689145
170782,0.0156758959959066
170783,0.0004420736950757333
170784,0.017106791419436353
170785,0.0007958243966674175
170786,0.001194825422095726
170787,0.00027173400778409394
170788,0.00928703504168566
170789,0.0011994441793997663
170790,0.01903693992834214
170791,0.0005356341893101335
170792,0.0077698978678817756
170793,0.0005343369033536088
170794,0.0023375051484183155
170795,0.0014611315817131968
170796,0.9927380086189395
170797,0.001063473428942973
170798,0.00038547940487154025
170799,0.03933879124298199
170800,0.005842908973370447
170801,0.00030876322253743475
170802,0.0006030978321918949
170803,0.0018090519246524962
170804,0.0013567394703395694
170805,0.009040360175562515
170806,0.0023730034414867224
170807,0.004981677460813994
170808,0.0007920763486476189
170809,0.005988286954909315
170810,0.986018776469244
170811,0.001374211236699195
170812,0.0006349779805580461
170813,0.00023526314053925259
170814,0.0005932891086064952
170815,0.005510257835043757
170816,0.002683880620562824
170817,0.00017216143008097612
170818,0.8865002154300877
170819,0.0001913113262487908
170820,0.0005295477465548083
170821,0.0002001159859498875
170822,0.0002746388453507684
170823,0.003102865939602613
170824,0.00016581268550390903
170825,0.0021446370004453257
170826,0.0007422173696297443
170827,0.16665440424940364
170828,0.0004564263529031381
170829,0.014687898995564922
170830,0.001402301439083888
170831,0.0017735803694001507
170832,0.006390724090321641
170833,0.00016901357284356274
170834,0.0007276366057797187
170835,0.01404136373403733
170836,0.00025274279981444067
170837,0.0028782747811815215
170838,0.0019414996743625105
170839,0.0003395730319492461
170840,0.0007312172972526779
170841,0.023884572039224342
170842,0.002341113563916607
170843,0.0007892849730465275
170844,0.0017680535551810523
170845,0.0007397628274236002
170846,0.0013879994236558834
170847,0.001352021781770669
170848,0.00013843685578456355
170849,0.0002412494918362068
170850,0.0005573772767848947
170851,0.00024224586719261043
170852,0.7163705770248872
170853,0.0004070417223836768
170854,0.26116421207685886
170855,0.012151436346846614
170856,0.00020338615059594254
170857,0.047828778518806334
170858,0.002394267985965797
170859,0.003873126632089414
170860,0.0009213441466580896
170861,0.007284702149501875
170862,0.0016829196752989766
170863,0.008685834489436366
170864,0.0006348765504240753
170865,0.00031594165718979816
170866,0.000623648528754658
170867,0.007881904374288895
170868,0.00037116661242094304
170869,0.005796565622885878
170870,0.005322173335359427
170871,0.00022483405264721966
170872,0.00024321528341498662
170873,0.0002646582729878534
170874,0.0009695175537487575
170875,0.002670561648332406
170876,0.00842010075682553
170877,0.002772430889729607
170878,0.0005551071888620719
170879,0.0011059148047102621
170880,0.000306318395279789
170881,0.0005153428662094957
170882,0.0006988849283787447
170883,0.00041615825802954545
170884,0.6213203392526
170885,0.0015930153031355832
170886,0.0005202182105234588
170887,0.0005646933900482015
170888,0.14078053023754503
170889,0.017384132954969427
170890,0.0004481769009706586
170891,0.00276604600513006
170892,0.0006736062668160487
170893,0.976412019174551
170894,0.008703711402246173
170895,0.033159600314015804
170896,0.018403553036122008
170897,0.9622348332498482
170898,0.00041723627704539246
170899,0.00030438732794718903
170900,0.0006115972995950088
170901,0.0018148615682559632
170902,0.0003357316174364537
170903,0.015887133262921415
170904,0.002002728302216599
170905,0.0003415692130849138
170906,0.0007737983291576291
170907,0.0007431198763963125
170908,0.0063159415160957575
170909,0.001484422483146441
170910,0.0002075396416690369
170911,0.8751161189336459
170912,0.0002879189397872324
170913,0.00025083681165677857
170914,0.0011420023391736592
170915,0.0008265749066900695
170916,0.0001460940121325635
170917,0.0008380210907748249
170918,0.9890882036319432
170919,0.0311562865068141
170920,0.0010680501751917056
170921,0.008483690739933832
170922,0.0005582850727033816
170923,0.0002286445433878732
170924,0.00036019514071159006
170925,0.00035290325456490535
170926,0.0007768184348806577
170927,0.0839448044459685
170928,0.0036042829309708125
170929,0.014588512032681921
170930,0.00033122041334498407
170931,0.006270398137928279
170932,0.0005541939519057366
170933,0.9134943913386983
170934,0.0005602071659729782
170935,0.001134985968613793
170936,0.003653075829927251
170937,0.9845119587009888
170938,0.0036580617521648567
170939,0.0001619858479563975
170940,0.0001649864580731173
170941,0.00027684328758199335
170942,0.05322837937254812
170943,0.0014404586756075403
170944,0.9833833392534544
170945,0.0001442053584369497
170946,8.84132717975889e-05
170947,0.004210952509490866
170948,0.02362320141813173
170949,0.00037820360685439505
170950,0.00024016921337230635
170951,0.0011141525899274814
170952,0.0005615764511244274
170953,0.0005521579019111963
170954,0.002204492518892782
170955,0.004552472544236981
170956,0.0007278723694455212
170957,0.0011192988977642912
170958,0.0011742193892648363
170959,0.9887139945306591
170960,0.0005072760761015433
170961,0.00030057381898499505
170962,0.0015154899102540133
170963,0.9949644480984629
170964,0.0004755344856951556
170965,0.0005872558318476657
170966,0.0024103706489564136
170967,0.0003969897259613228
170968,0.0038584682069181474
170969,0.0016164294544000445
170970,0.0027490811058890857
170971,0.00039962630782657574
170972,0.00017085709185163614
170973,0.0033284288150995027
170974,0.024050070737106542
170975,0.0003408596607356557
170976,0.9783374721951544
170977,0.0001996779071553881
170978,0.0011678455302509183
170979,0.018709904776456142
170980,0.000619725460412028
170981,0.00044257686565937597
170982,0.0008925157758191196
170983,0.0038125919893695205
170984,0.0006860441678677383
170985,0.00015104869763607793
170986,0.0009265536792736244
170987,0.001212238387514381
170988,0.0004572486955370216
170989,0.038423719877142874
170990,0.9813089072641599
170991,0.9806169924123255
170992,0.0001530040666017341
170993,0.014020321764231899
170994,0.034916685243539435
170995,0.0006134392543582442
170996,0.0017168027800452076
170997,0.00040340490643099905
170998,0.00841965974226453
170999,0.009466056790671447
171000,0.0004536664360132064
171001,0.0026405926812589444
171002,0.0010202540043651256
171003,0.0002939909328583559
171004,0.0011014567394696045
171005,0.0007426318922012376
171006,0.9916143697505732
171007,0.00022132586072800853
171008,0.0002668266387940849
171009,0.0003212395936898769
171010,0.0001622769487642832
171011,0.0016133213224315138
171012,0.0004269274840418315
171013,0.9882567825425579
171014,0.8171621450877287
171015,0.0004311647939883051
171016,0.000496778067504618
171017,0.0024490189921114553
171018,0.010655703559561998
171019,0.0021366215646439887
171020,0.0006523896983456084
171021,0.0019242077289098704
171022,0.00020045928336501632
171023,0.982232733918185
171024,0.0020816382626845224
171025,0.00032975134945981117
171026,0.0005355269531624015
171027,0.0010208249188899971
171028,0.00024183801556211334
171029,0.00040475996228170905
171030,0.029676766970497644
171031,0.0013011719145902918
171032,0.045538633104899445
171033,0.00787260508705378
171034,0.0040320210544245024
171035,0.008082326458310527
171036,0.0005827613127444702
171037,0.006708246277741978
171038,0.985282531968278
171039,0.021464072810454198
171040,0.0014360637743680888
171041,0.0029268053225252172
171042,0.0007240534504450464
171043,0.00022228412142752488
171044,0.006482569159276318
171045,0.0013632751934761341
171046,0.000956625041156708
171047,0.9915397591704767
171048,0.9924456320094
171049,0.011711735315822754
171050,0.00017712825021172076
171051,0.0034494253923736573
171052,0.000579090459448233
171053,0.0006924899885947841
171054,0.0009590721409086488
171055,0.9894181761997121
171056,0.0003717100875354878
171057,0.001265058300890501
171058,0.00016786845697275727
171059,0.07104252221539356
171060,0.000364111672693291
171061,0.00042653998815164593
171062,0.45247098670064306
171063,0.0004065970518413205
171064,0.005649496674501679
171065,0.00039871858140126936
171066,0.0008971174954810669
171067,0.0002061282084160625
171068,0.0014273576518667494
171069,0.000953857070457233
171070,0.13669922106172466
171071,0.0027546419362848057
171072,0.0002265140273764714
171073,0.00025103284091267244
171074,0.0005206627433692699
171075,0.0005139742610525961
171076,0.007897541697189777
171077,0.0017686210736041832
171078,0.07052916656152217
171079,0.04742198760339225
171080,0.0005501356522563598
171081,0.03476870129822878
171082,0.015110093603632318
171083,0.000685356363537004
171084,0.0005334374063641067
171085,0.05338529641340229
171086,0.00022874580545975126
171087,0.842800244598606
171088,0.0031672688950916336
171089,0.022847087004061323
171090,0.0005722933353647846
171091,0.00020247589513465347
171092,0.9788956876407408
171093,0.005640808312790097
171094,0.01326331395288826
171095,0.0005688750872954411
171096,0.0009990438548796044
171097,0.0049047453259363286
171098,0.0006193759255241642
171099,0.012433139006283407
171100,0.0002070136725998532
171101,0.005382416573640442
171102,0.0004145118681556376
171103,0.00027917542470872787
171104,0.0004576544897339788
171105,0.0003564784352350514
171106,0.0012741692146718908
171107,0.00037581429100821094
171108,0.006961531997325609
171109,0.00034060473551971566
171110,0.00019321282349926634
171111,0.000303583560199006
171112,0.0009640584545470844
171113,0.1470783149967418
171114,0.0012441369355695995
171115,0.9732517266989094
171116,0.02847622834476598
171117,0.007066358447534184
171118,0.9952381100401434
171119,0.0005619562559438188
171120,0.00024935824865364724
171121,0.00020266971759351837
171122,0.0009488406923658647
171123,0.007219276797781268
171124,0.000464712477447028
171125,0.0171288901458147
171126,0.00019543621789105769
171127,0.002831007159195098
171128,0.9910601943705746
171129,0.018671874467229246
171130,0.0004815652634271697
171131,0.0006022818381858893
171132,0.00044067919703267964
171133,0.04228173540704246
171134,0.004974926855432657
171135,0.02451975553999867
171136,0.00022406443140025894
171137,0.0003623779010658751
171138,0.0009389539801977865
171139,0.0012154229472222697
171140,0.018775470797031426
171141,0.2308711766554277
171142,0.0009722743776214944
171143,0.0007494586750464193
171144,0.09772463401311196
171145,0.012755930581869789
171146,0.003596955162128539
171147,0.0010324068365590074
171148,0.7085417469538325
171149,0.0007967890777977406
171150,0.017797242715989002
171151,0.002856767667930057
171152,0.0010644641697800138
171153,0.0006124448322686193
171154,0.0025191722398297794
171155,0.011298008754458586
171156,0.001080217685718576
171157,0.9939672930790238
171158,0.0008820563739637229
171159,0.0024069622252798793
171160,0.0014262359206438054
171161,0.0018946367694663837
171162,0.026699451072252977
171163,0.05244334456841861
171164,0.9876782042786848
171165,0.0009433020006640999
171166,0.00027370070498378986
171167,0.0005822598258229668
171168,0.00033512498696261413
171169,0.0016450968320678252
171170,0.00040412999117527053
171171,0.0004392305781717182
171172,0.00018751031970326318
171173,0.014734642686922747
171174,0.0005113495560192316
171175,0.001211751952392026
171176,0.00025603720830604226
171177,0.0019485509474594558
171178,0.004445756295606894
171179,0.0013691906856223334
171180,0.04023611261171146
171181,0.5282161386359406
171182,0.0005040231360323978
171183,0.9900652380427166
171184,0.0005260329472264458
171185,0.004857921716869948
171186,0.034361202395532864
171187,0.0013883242827431486
171188,0.0004303259317891399
171189,0.0002984577085334983
171190,0.08402088242504907
171191,0.0009106709188512049
171192,0.0003327984397330672
171193,0.0004552648794464054
171194,0.0003930633497978589
171195,0.006597570274658263
171196,0.0007335423943174495
171197,0.00035707535306508313
171198,0.0004460304242906764
171199,0.0004573207982697073
171200,0.0022711631471087576
171201,0.007114686941405461
171202,0.0006537179735095624
171203,0.0021026972230543763
171204,0.0003354044538940798
171205,0.00048050829744420733
171206,0.0011035424144985736
171207,0.0013421663742056178
171208,0.0002651683458386891
171209,0.011237909377107466
171210,0.00023637219144909534
171211,0.030937464827838802
171212,0.0007562805124310035
171213,0.9925854502433924
171214,0.0004381753283736539
171215,0.0002186599030128294
171216,0.0008826954868080425
171217,0.000345082630870883
171218,0.001032819029197948
171219,0.0013433920657875081
171220,0.0003667509531842775
171221,0.00021408004297439266
171222,0.0003549503556814476
171223,0.001852070358327141
171224,0.0003209924602110116
171225,0.0017168348710631248
171226,0.0013312056680694615
171227,0.0473915239581354
171228,0.012935326140096575
171229,0.0004937540889735978
171230,0.000211025251270591
171231,0.00025086097868664875
171232,0.12646938600280055
171233,0.990301131699927
171234,0.00027364177093425044
171235,0.003981304056886074
171236,0.0004740663187797072
171237,0.00028361617947604686
171238,0.0010556148230757513
171239,0.0008263474546569811
171240,0.00036716566306143315
171241,0.00022510127720596913
171242,0.0003674819359350355
171243,0.0006186212454386153
171244,0.0006977283640296548
171245,0.0013420031767447437
171246,0.008232920001084788
171247,0.0016963542383610832
171248,0.00038824419216473686
171249,0.005672708268835489
171250,0.0020960737146294224
171251,0.05807334014788178
171252,0.0007944266011448925
171253,0.16726431679554002
171254,0.0025247196370402425
171255,0.0008661383334264164
171256,0.00016731397184272724
171257,0.0009386775222601452
171258,0.8131589911839555
171259,0.0037970018918834017
171260,0.0007853225185167602
171261,0.000572980894151527
171262,0.001516396428054966
171263,0.00033705957847884795
171264,0.000846656798134889
171265,0.00026179738811914736
171266,0.00019432087580659987
171267,0.018431300229113056
171268,0.0008844489925283792
171269,0.0005497828248605152
171270,0.004070309663052248
171271,0.00889651182000073
171272,0.9698196470925959
171273,0.00023792386131847338
171274,0.01429691677250511
171275,0.0001538539855326316
171276,0.0008774689241643408
171277,0.005085536631123572
171278,0.0004403966976943378
171279,0.02186283469043284
171280,0.000354495909273791
171281,0.002758203374395171
171282,0.9848763208823159
171283,0.00043574811669443197
171284,0.0006695203207793822
171285,0.9785809356322297
171286,0.002677852218419733
171287,0.9921198331931351
171288,0.000369577554346207
171289,0.0006137175708689127
171290,0.0025927662612528573
171291,0.9907503723890252
171292,0.0018701837267169194
171293,0.00044144028455575204
171294,0.02637598025643454
171295,0.0011286439817358598
171296,0.0013290532421273565
171297,0.00037391777509085096
171298,0.0004905528717170415
171299,0.0012411962165352337
171300,0.005094826740037951
171301,0.9950103540455926
171302,0.0013383222460802058
171303,0.0010358248661260726
171304,0.973402796647389
171305,0.0004478621624637423
171306,0.0002475905146114966
171307,0.008005690045908986
171308,0.0016951136243911077
171309,0.002805509138141358
171310,0.0006633158577584103
171311,0.0038157917343740887
171312,0.0002555296270466598
171313,0.0008130937696967085
171314,0.00035126924573648083
171315,0.0006104128636422487
171316,0.07337918344413902
171317,0.0002171391187048318
171318,0.0017639813457817925
171319,0.0009294331793181271
171320,0.05928475547538143
171321,0.0007772464388377949
171322,0.0004205890146167529
171323,0.4496081916742628
171324,0.0026962025123431843
171325,0.00033679493574277164
171326,0.0033269511105969247
171327,0.00036532559510591675
171328,0.0003896026358295722
171329,0.0007549433115668496
171330,0.0003595385101779687
171331,0.007551064100275973
171332,0.4207903455937704
171333,0.00021072663750522954
171334,0.00038533615107420356
171335,0.000533634111375761
171336,0.0006983915786820572
171337,0.9754177929064107
171338,0.0004969230501345375
171339,0.0003155464821520289
171340,0.0032603200449276863
171341,0.01361346692797795
171342,0.00032094092277044494
171343,0.007847458321841397
171344,0.0001134020035689929
171345,0.0018537802987349933
171346,0.00039495075104210804
171347,0.029121003456310284
171348,0.0007735344584042266
171349,0.004411515985313376
171350,0.003261201510097128
171351,0.001478870380953488
171352,0.0004162322502641578
171353,0.9864505472358086
171354,0.0004901547039565987
171355,0.0007273173808527202
171356,0.997458504882957
171357,0.0009052289382194045
171358,0.0003060748494157278
171359,0.00033861858517637654
171360,0.0005015715005974034
171361,0.9752632553260827
171362,0.005596774633131472
171363,0.00022632823206971444
171364,0.0014983156226767136
171365,0.008761624718550852
171366,0.0020175331847802616
171367,0.0001871378572522074
171368,0.0004778918923741437
171369,0.023859881379438536
171370,0.0003442842775871155
171371,0.0024765459769837774
171372,0.0002729627064164903
171373,0.00027703148053047583
171374,0.00041383951394101143
171375,0.0002422596869384047
171376,0.5078577878564412
171377,0.0028778873988512615
171378,0.000716791740787281
171379,0.0015918313883529823
171380,0.012478380734767675
171381,0.0003418433041977079
171382,0.000672424460550379
171383,0.00045902901081399685
171384,0.9910727593127933
171385,0.0003579225177944117
171386,0.0011961825188236432
171387,0.0008081158848761317
171388,0.0006581095891240277
171389,0.9951833771466183
171390,0.0007172330476574902
171391,0.005806895434609031
171392,0.004332386790588872
171393,0.00044448927844032045
171394,0.9817891874398575
171395,0.0032250785110339002
171396,0.054023784009161774
171397,0.004606483891922809
171398,0.006926633959201879
171399,0.003248820276330838
171400,0.0012383237506648041
171401,0.0010416607284371776
171402,0.0019117402465048364
171403,0.008977940899422474
171404,0.0011204650241024865
171405,0.9933251231972009
171406,0.01649948018993701
171407,0.0006991017102441464
171408,0.00041097473041635423
171409,0.0025125552535671513
171410,0.008878505864349502
171411,0.0006036500706599739
171412,0.0003140651230662223
171413,0.002813559966155136
171414,0.0008107178349343426
171415,0.00013971571618006504
171416,0.0003642143270484836
171417,0.008696645246091273
171418,0.000784151843180125
171419,0.014049504469725449
171420,0.00024135507326476004
171421,0.0022639654629278945
171422,0.001585231080079496
171423,0.000904242031293734
171424,0.007946013438783832
171425,0.0035070633475012426
171426,0.000566101048136318
171427,0.008370899949309625
171428,0.9906507338930162
171429,0.0010085681061040457
171430,0.9784645839603157
171431,0.9381239585484589
171432,0.0013589985185988032
171433,0.00015063227783806
171434,0.001200727360620059
171435,0.9883358835114218
171436,0.989519659820291
171437,0.005655859213249939
171438,0.003281508128226728
171439,0.9782832173809625
171440,0.0010269166643454108
171441,0.00348370382752634
171442,0.0002586379282434027
171443,0.9910398547829232
171444,0.0025261149253890673
171445,0.012488886901443745
171446,0.0007313034340396371
171447,0.0005323849454981369
171448,0.00015450233314692367
171449,0.007357442323295707
171450,0.0033628223160996934
171451,0.0011732888805741175
171452,0.0010817718625664814
171453,0.005913953501958453
171454,0.0028050797236545168
171455,0.0005115605094633813
171456,0.009793128763635254
171457,0.034777733141638456
171458,0.000880320801868954
171459,0.913907396121896
171460,0.10789771915141957
171461,0.9951998063119406
171462,0.00022580716612166326
171463,0.03841314336560998
171464,0.001956381246334656
171465,0.012930277979593436
171466,0.000327934051068431
171467,0.0016252008413522305
171468,0.003926233151473452
171469,0.00043976192653167044
171470,0.9350199808848365
171471,0.0005787491060763743
171472,0.0011188029326289148
171473,0.0031192096551667927
171474,0.0003657632177667955
171475,0.005190220713559609
171476,0.9965263687141516
171477,0.00021239479984943858
171478,0.003913938885534167
171479,0.0008858950406730599
171480,0.0016557326349642383
171481,0.0008040186209517323
171482,0.005435307399453801
171483,0.0032184597088507445
171484,0.4698263435897418
171485,0.9914354250986689
171486,0.014324102823382364
171487,0.006377513186285656
171488,0.0006648868830912523
171489,0.00048272910917507143
171490,0.0022832778036715913
171491,0.0007469853850430643
171492,0.0011938698988090807
171493,0.9829759071819537
171494,0.0007629367752923837
171495,0.012203147689663256
171496,0.03429717127378225
171497,0.00023769834479966235
171498,0.04399850306703381
171499,0.0043125215461679795
171500,0.0013020200221364009
171501,0.0003581947755045363
171502,0.0003961750446320215
171503,0.0027751381911590403
171504,0.0003942493733615605
171505,0.0007677258951093463
171506,0.0003157955050141157
171507,0.0006827860846155254
171508,0.00046718042297250867
171509,0.00037715511700290384
171510,0.03622001399813565
171511,0.00046151295487548323
171512,0.11811808304322681
171513,0.005296788923473328
171514,0.003128106120986471
171515,0.015733863705604468
171516,0.0009065393819561943
171517,0.001296346161764413
171518,0.0008055198989449022
171519,0.011004288324785295
171520,0.00022564416984629076
171521,0.00031049980099520766
171522,0.03013184116009494
171523,0.9949240650981709
171524,0.013076040730913977
171525,0.0005506803539336026
171526,0.00037338654770590826
171527,0.00028543674008803667
171528,0.0009699427077986045
171529,0.0006415968104108542
171530,0.00024095730250199183
171531,0.0002801397897072134
171532,0.004668089961054212
171533,0.000617775638764262
171534,0.0013549320143763928
171535,0.001001349602861776
171536,0.9032777064538449
171537,0.0003932498455659875
171538,0.0032536222203177175
171539,0.0032749243529534787
171540,0.011106088665969
171541,0.00022634097097509596
171542,0.00042938083134415697
171543,0.008267497707074103
171544,0.0005641994282444456
171545,0.9906457471630059
171546,0.40118846000060204
171547,0.0005673186579603531
171548,0.0008196263959677251
171549,0.9921493698308919
171550,0.0014994399332694955
171551,0.0020268282705124927
171552,0.00035748196248132423
171553,0.006298435370713538
171554,0.04129341421668794
171555,0.00019267620651396158
171556,0.0019278008966160138
171557,0.008467267082025687
171558,0.0030044172727437773
171559,0.11521781040971835
171560,0.00042877771816017665
171561,0.016460011104550722
171562,0.0037743823613716823
171563,0.0009709910650779947
171564,0.05408436958306067
171565,0.0002533135895675535
171566,0.00029332518490759335
171567,0.0192078968740735
171568,0.009745169645895042
171569,0.004011322279956681
171570,0.0008344882761250548
171571,0.00236843101538511
171572,0.0006114002656619997
171573,0.0005558425049294253
171574,0.9917260087704203
171575,0.001107876707160969
171576,0.00807093288603452
171577,0.0014522983000399604
171578,0.004498582636429071
171579,0.0018504281779492878
171580,0.9926480653901151
171581,0.0003836459089829757
171582,0.0004287937743907438
171583,0.0009522902350410905
171584,0.0011995495193344368
171585,0.0015429075227003139
171586,0.0007673833702077885
171587,0.0004300924443728142
171588,0.00027073412867990404
171589,0.0003380331010729147
171590,0.0006190893281977003
171591,0.0002196851738863597
171592,0.00048217653563757093
171593,0.0012633137609511563
171594,0.0007526813617484578
171595,0.0050540976143364285
171596,0.0002976005414924868
171597,0.0006765288446114774
171598,0.05252369197403138
171599,0.0005512984509710162
171600,0.0007958438876652798
171601,0.0007724509637810323
171602,0.0006257955899108169
171603,0.9928376011198892
171604,0.0006033854544877899
171605,0.00888724831335628
171606,0.00017277157558217754
171607,0.033481076017619904
171608,0.007574210991142306
171609,0.005396556037387466
171610,0.0014557436474635214
171611,0.001900813898128182
171612,0.0012148683795108123
171613,0.0005787615496474594
171614,0.0003693059702750389
171615,0.0003227246523185082
171616,0.00281584256161477
171617,0.991422425447559
171618,0.003886342671332384
171619,0.0010594771773336118
171620,9.525979473878622e-05
171621,0.01154344206400286
171622,0.00032229665688557617
171623,0.39232933304580037
171624,0.8920516790556985
171625,0.0006148966178763515
171626,0.15888058259805446
171627,0.0002476707237938937
171628,0.000359206544461837
171629,0.002092047666080472
171630,0.0013428649571125145
171631,0.014296658033845897
171632,0.0250473302255796
171633,0.03149714436555082
171634,0.0010950243698301702
171635,0.0011894176145615999
171636,0.00048108757311577727
171637,0.0018253499437879098
171638,0.05732555842651412
171639,0.0036384987859471776
171640,0.007930289987133998
171641,0.0016177623029684331
171642,0.0009497648022574749
171643,0.025726516038694105
171644,0.003555976732175296
171645,0.05722959317407559
171646,0.00035165132977752747
171647,0.0008345875065669072
171648,0.0002698616927391792
171649,0.0031995818999513955
171650,0.00013122972750788568
171651,0.09695041328303682
171652,0.009438247118937447
171653,0.0006582161435377227
171654,0.0009190500174462388
171655,0.0005838104268410757
171656,0.00026990700312901707
171657,0.0005850309386407699
171658,0.1163077709687787
171659,0.0006610306536598877
171660,0.9699854841349644
171661,0.0002984823655108205
171662,0.007417485969701712
171663,0.00032217981318625566
171664,0.0017100506496034078
171665,0.01754388612940163
171666,0.00022871052138719597
171667,0.002716143324029174
171668,0.9887520505754507
171669,0.0007310520845221476
171670,0.03701896492747271
171671,0.0005759850657014743
171672,0.0385583893059412
171673,0.001140456999675838
171674,0.9770229152201724
171675,0.005640104184303743
171676,0.014968180586454919
171677,0.0371337097764937
171678,0.012704239318108249
171679,0.0010721535255736791
171680,0.000213593728669406
171681,0.0008513783287665931
171682,0.0010279968522337892
171683,0.973941450964034
171684,0.09186315260025726
171685,0.9977229830809209
171686,0.24687677600055552
171687,0.000368129536076664
171688,0.006586541722502942
171689,0.00075725419641156
171690,0.0009053544732663748
171691,0.000482387420098752
171692,0.0002657219470198149
171693,0.008861239848028085
171694,0.00035959796123144787
171695,0.014534213267799714
171696,0.0002102146859039164
171697,0.006995533128633797
171698,0.00028470136666704644
171699,0.0018134891267125436
171700,0.0003371151452491725
171701,0.0013790916283805941
171702,0.00021437652257023248
171703,0.00038088090825926185
171704,0.00048269764694691203
171705,0.002056810250888447
171706,0.01037699987335685
171707,0.0013277799734350635
171708,0.8385421897899759
171709,0.000586779456507044
171710,0.0003563137155689044
171711,0.007467400072313757
171712,0.00012566366852654793
171713,0.0008176040878606803
171714,0.9953074265544513
171715,0.9844899788846267
171716,0.23835866074566822
171717,0.00046859490447762503
171718,0.0008530893814952012
171719,0.0002613802146731319
171720,0.0016045437718475277
171721,0.0034475076072775874
171722,0.0004485412893560232
171723,0.993962956957659
171724,0.7661240257826376
171725,0.0005648493587866928
171726,0.00015014389599915705
171727,0.0006089484439477667
171728,0.004247480319153137
171729,0.0002342324733222063
171730,0.0014151688973360198
171731,0.00073884749241693
171732,0.005846032511190909
171733,0.0004644454997749126
171734,0.0005750691171371415
171735,0.002142834344800561
171736,0.057890531006617
171737,0.00029832146319868887
171738,0.00044290864649018327
171739,0.0010136556423755896
171740,0.9883437436681991
171741,0.24284636634387555
171742,0.0003547066313925512
171743,0.027620099376301294
171744,0.00021669840944978536
171745,0.0001524662269477446
171746,0.0011977661841924194
171747,0.04147513475095227
171748,0.0002403622520591274
171749,0.007964353852929885
171750,0.0007954441072761269
171751,0.0005708394230743924
171752,0.0026190114154334278
171753,0.00016377662750682035
171754,0.0014868191911779588
171755,0.00022553607069270189
171756,0.00032167131879384786
171757,0.9949335604675993
171758,0.0007689640602970748
171759,0.007350900362086881
171760,0.0007154401587595658
171761,0.0006107305875926701
171762,0.00813995136724232
171763,0.007203443550964654
171764,0.12785311679421935
171765,0.00032501099325078325
171766,0.002002406464783846
171767,0.010453878859495879
171768,0.00042780156372886785
171769,0.00043798656507755866
171770,0.00038071259920612337
171771,0.0012596216875483115
171772,0.0011472349313638873
171773,0.966879621370948
171774,0.0005219303233720918
171775,0.00028697848915925397
171776,0.015529483434266647
171777,0.8286349477700585
171778,0.0009121226820877142
171779,0.0012546349791783768
171780,0.00032797906235992706
171781,0.0003782824584307427
171782,0.000160884918937165
171783,0.000986570157935598
171784,0.9832350093002535
171785,0.0003554682067217202
171786,0.000766378794528292
171787,0.0002630731620826277
171788,0.001267678081325919
171789,0.5009744894566602
171790,0.0004930170139476036
171791,0.0001611312622412602
171792,0.0017460934490456997
171793,0.013939563626983247
171794,0.005509739900548824
171795,0.9839396428515635
171796,0.0022088724346641733
171797,0.0009291567948378081
171798,0.00026677715296618914
171799,0.00023624928151383954
171800,0.0043989187512897465
171801,0.0001898484699144824
171802,0.00031799763896207334
171803,0.00022005614519014715
171804,0.0002567431399337529
171805,0.0019112654174075682
171806,0.9873082319991888
171807,0.002937532019516689
171808,0.00042654479449095024
171809,0.0003189174853694494
171810,0.4535223567305771
171811,0.0008775493245458263
171812,0.0043222872736192915
171813,0.8565869372424135
171814,0.0010766945947996147
171815,0.0004314706093561285
171816,0.0014920871041639357
171817,0.00040287578486308183
171818,0.000539468607036511
171819,0.00022550109119126731
171820,0.9943472670329019
171821,0.00023693112027811205
171822,0.0013138622452234293
171823,0.000270850373323909
171824,0.018035276898854407
171825,0.0015394956832496722
171826,0.00016124557379893953
171827,0.002313467978036715
171828,0.0026586077934614115
171829,0.0005507852297166276
171830,0.0016551046296727709
171831,0.0005758439152077304
171832,0.0006757083238685916
171833,0.9956950286911374
171834,0.0006297319929672723
171835,0.0014358392999577335
171836,0.000497164187809916
171837,0.00020468946871024968
171838,0.0027614064847601865
171839,0.00019104786723818382
171840,0.9951415270530957
171841,0.0004417747726598887
171842,0.00014945684927001622
171843,0.0007940215242970674
171844,0.9963783624437079
171845,0.0002930557445522551
171846,0.3620205755126247
171847,0.0006068565709007734
171848,0.0037309130623050055
171849,0.00927019249564063
171850,0.0005832597828275096
171851,0.000316687344993417
171852,0.000160593862967619
171853,0.9895621473646089
171854,0.985940086223288
171855,0.0002539056400709531
171856,0.00031354657782468566
171857,0.7853961833147646
171858,0.0005478108301918959
171859,0.001270095223737555
171860,0.00048253210782940484
171861,0.0008261598902346853
171862,0.28562426875096475
171863,0.006411219436738042
171864,0.9817115058384883
171865,0.001190716372711448
171866,0.0004462210365573601
171867,0.0007922581581942842
171868,0.000291371301002265
171869,0.0026348962387431753
171870,0.0019484503151408544
171871,0.0007292270496204259
171872,0.0004810776797300167
171873,0.00059180904939525
171874,0.0028987242872954527
171875,0.005002513230781911
171876,0.0003117320003727945
171877,0.0002688605622412706
171878,0.00044632456334349973
171879,0.01857213096539296
171880,0.00025834180373554826
171881,0.0003010059517448651
171882,0.0024766118012680273
171883,0.00022100778369870373
171884,0.00046262660529739093
171885,0.0006951043969989145
171886,0.0017590298226756718
171887,0.0003441415113383817
171888,0.00024558516417391214
171889,0.00016759796756104185
171890,0.035948430932171684
171891,0.00027611366676185436
171892,0.0001855416096201897
171893,0.0010572897412491659
171894,0.0002341182979942282
171895,0.0006532650831703067
171896,0.0014375682740499858
171897,0.015967793795634337
171898,0.9909731265545517
171899,0.00039024373190352723
171900,0.00019548303242535758
171901,0.00016243099608294256
171902,0.010991291486038975
171903,0.00023296319185728436
171904,0.0005722794716050271
171905,0.001188647360912036
171906,0.00019246867949434355
171907,0.013381987559501858
171908,0.0016197808655643462
171909,0.9932708525432218
171910,0.0003256694404938829
171911,0.0002971495901484523
171912,0.00015582983176221988
171913,0.0006700723423920415
171914,0.0002974389793035693
171915,0.003265234024080593
171916,0.0017420894625846035
171917,0.001681141444861303
171918,0.0017048613626373084
171919,0.00029472928657438914
171920,0.0029926249618143223
171921,0.00045967046913273713
171922,0.001145735320229013
171923,0.10477202009082479
171924,0.034122674886949846
171925,0.00035470830642578353
171926,0.0013373339674673137
171927,0.002691922058757313
171928,0.004975337441009393
171929,0.04812607225992919
171930,0.001345816896758279
171931,0.0696517028195992
171932,0.0010812659975415564
171933,0.550153427664554
171934,0.0038624514744599343
171935,0.0012308029805984631
171936,0.0007447682732249777
171937,0.017483913767927402
171938,9.319247329962634e-05
171939,0.0003825377911105172
171940,0.00046125095383318167
171941,0.0016759657530219935
171942,0.9592973844047565
171943,0.017195909388652595
171944,0.0033862304383854374
171945,0.00018627381109826547
171946,0.003144448997724163
171947,0.00043642659256928494
171948,0.0012866981161260389
171949,0.1523908432683529
171950,0.0006234793354673765
171951,0.0002967589993960967
171952,0.0008889263262726495
171953,0.9805903748461356
171954,0.0018346922973667714
171955,0.0011976391516797676
171956,0.029235910942821356
171957,0.002287902355494212
171958,0.0031568156318247395
171959,0.005491853726049388
171960,0.9959686285035141
171961,0.009252378351077208
171962,0.0012407353520209232
171963,0.00021308685296902074
171964,0.00033718980315207734
171965,0.3912153198137507
171966,0.00039340516860514443
171967,0.7810816082225474
171968,0.00043615188208143276
171969,0.0023029118662654556
171970,0.0046222959501130536
171971,0.0006288222607913333
171972,0.0003951830384538061
171973,0.9937430144226688
171974,0.0006704460278101042
171975,0.030686582521394216
171976,0.000919402462179133
171977,0.019677868239517272
171978,0.0018329468319040925
171979,0.9953106172959756
171980,0.001267081375691196
171981,0.0003761738333486168
171982,0.0014309168499960308
171983,0.005316227813281871
171984,0.0006984276139444518
171985,0.0003780791161275566
171986,0.0002463903370991368
171987,0.00040816994533482474
171988,0.0009200643582575755
171989,0.002068920498318529
171990,0.0013276110053757058
171991,0.00027621673183057316
171992,0.0006551772766727578
171993,0.00033619875348533533
171994,0.7865053047116891
171995,0.0003198852353121836
171996,0.7743180923950328
171997,0.0001627831370403552
171998,0.003290055237946559
171999,0.2579686561588587
172000,0.0002442064334804513
172001,0.007953075012767983
172002,0.000189150053863962
172003,0.8224711860073094
172004,0.026309565101501335
172005,0.006977500554541835
172006,0.0011755822241975426
172007,0.0003523276537598631
172008,0.0007505289617033084
172009,0.001377827812917033
172010,0.9836149541064229
172011,0.0006635980730170222
172012,0.0005874840251098957
172013,0.001200588530793994
172014,0.0015806388727975104
172015,0.007126651408224284
172016,0.0004354780814222623
172017,0.0007189642283027079
172018,0.013796863509350818
172019,0.018575347626725643
172020,0.0006326282707460663
172021,0.0008033846465276534
172022,0.17650958581762108
172023,0.0010494149091866117
172024,0.0004092230093441895
172025,0.00020592614567999942
172026,0.0002632097276088453
172027,0.00017432965873090782
172028,0.9870277287748098
172029,0.8932597442491859
172030,0.09628510343230334
172031,0.0002627525546774795
172032,0.0012175068544835507
172033,0.10707224960245192
172034,0.0002774955607765104
172035,0.002625268511621939
172036,0.0015827932029061724
172037,0.013014736947174251
172038,0.00234906142833617
172039,0.0001881379104409277
172040,0.008263341864853911
172041,0.006825614316328769
172042,0.0007035268803734609
172043,0.0005430584100237944
172044,0.22997740602875671
172045,0.0002840217142263801
172046,0.010167264958935386
172047,0.000417439005962407
172048,0.012831376365272259
172049,0.004395901411400539
172050,0.0014979900940028132
172051,0.005515979312603254
172052,0.0023362741283492723
172053,0.002438324525382366
172054,0.0057341237398753405
172055,0.00013245503374368863
172056,0.00018511892493183434
172057,0.0004033830663665475
172058,0.0006020347764655418
172059,0.00015430346818323033
172060,0.0008574671003219404
172061,0.9913640891785723
172062,0.003468086188255745
172063,0.024445252009397244
172064,0.0008214756835393949
172065,0.9939183575274095
172066,0.004292787121341978
172067,0.9165459823224018
172068,0.0003333315613244353
172069,0.0003705790734312026
172070,0.0008091774387846384
172071,0.001484374947525749
172072,0.0020090937639527114
172073,0.0014459808841940746
172074,0.0003738737164483518
172075,0.9858475668795122
172076,0.0014483675577971892
172077,0.00281836373872626
172078,0.0004701168790510013
172079,0.0006366371653502209
172080,0.09523018954174714
172081,0.006066879042331679
172082,0.9793244394582159
172083,0.008023204555544849
172084,0.0009757120941452595
172085,0.0006555198403376209
172086,0.0011485609203664554
172087,0.0007845646949115441
172088,0.0019046169028551164
172089,0.00043801155014128185
172090,0.0010485005691914671
172091,0.0004264407118589836
172092,0.004607363987904285
172093,0.0006667663806843863
172094,0.0006439185917297416
172095,0.0017149858927075835
172096,0.002044003227207034
172097,0.005524428644676001
172098,0.006551756908866272
172099,0.0007702931503741361
172100,0.008858328494972388
172101,0.3759326817859112
172102,0.00015312174443280597
172103,0.001396599682632954
172104,0.001581588022909486
172105,0.0010645841144686838
172106,0.027592921069983636
172107,0.014316079973443387
172108,0.001849729621637044
172109,0.0006514539511157558
172110,0.0009473150862890558
172111,0.0004877316124510164
172112,0.0014814334885466121
172113,0.0006893062945854849
172114,0.006789454212423455
172115,0.0008119933619247292
172116,0.001461654291776214
172117,0.0006917030114040815
172118,0.0010480208696766232
172119,0.0013236000496270107
172120,0.0005227017128603437
172121,0.009435871484510274
172122,0.9835289146669195
172123,0.0014274752305204238
172124,0.0004436405111189452
172125,0.0008602634970299146
172126,0.9859937752433063
172127,0.001964369047653069
172128,0.0007640395634024969
172129,0.003577043843805248
172130,0.00743347789770313
172131,0.003964154476513165
172132,0.34417613964248744
172133,0.0006692760498527659
172134,0.0008301052135237534
172135,0.0010082802209919039
172136,0.00020746345487774524
172137,0.0025549228218078993
172138,0.9964314470426281
172139,0.0007257208810802875
172140,0.0006162061808562282
172141,0.00030142623350957966
172142,0.0006719964343641418
172143,0.0022397868081729475
172144,0.023371124392920425
172145,0.0005781926094146339
172146,0.00039238035865814426
172147,0.12655567967258086
172148,0.00031345169990200676
172149,0.00035059268472199253
172150,0.0008915480042869627
172151,0.001876582769758754
172152,0.9867313747608973
172153,0.09542447964729384
172154,0.0006374742903682583
172155,0.001386568174317163
172156,0.0008140052264980151
172157,0.003118803974720656
172158,0.001520194433182255
172159,0.04559941035251787
172160,0.0007181966306299198
172161,0.0060004266575104485
172162,0.016435903642087135
172163,0.013424304679661256
172164,0.0001736648597794865
172165,0.06604663058923757
172166,0.003221506527376949
172167,0.9289322983875997
172168,0.0002775803170253607
172169,0.0003195026497230605
172170,0.0018431706676777264
172171,0.0011589547540971866
172172,0.9931686477794073
172173,0.00017087738198371717
172174,0.006363623550856845
172175,0.011202295225973371
172176,0.03424819706483299
172177,0.0007365638937145097
172178,0.00031216437910700607
172179,0.0005084296781472903
172180,0.0009477375989783066
172181,0.01707695797240471
172182,0.000988970089712295
172183,0.07667475364559517
172184,0.0002701857470889328
172185,0.0005867745338015487
172186,0.002507630798516811
172187,0.00036158609985762554
172188,0.0012409164634030172
172189,0.0002983169530918437
172190,0.0007436770701872606
172191,0.0007266753871816536
172192,0.000975403252998779
172193,0.0006626613046525659
172194,0.00031494636391590775
172195,0.061494845573175035
172196,0.9902164692031663
172197,0.00031703235689334866
172198,0.00044081921904868995
172199,0.001191916459718635
172200,0.0047945650724491905
172201,0.0003118365322107731
172202,0.0002888451934051429
172203,0.0004578350867070975
172204,0.0007080404625026256
172205,0.00027223164605899477
172206,0.000212776024361784
172207,0.005778775377461337
172208,0.0003604815452769417
172209,0.0005730234397729077
172210,0.00017554159626467447
172211,0.00020330791913865975
172212,0.0021268419246563515
172213,0.012431014904463456
172214,0.0029710162381536543
172215,0.0013655981381313449
172216,0.0009187580487532237
172217,0.0002152266436976561
172218,0.1102760871405022
172219,0.00130527353521008
172220,0.00017534785314041114
172221,0.0003767884695339573
172222,0.0003237594825619633
172223,0.0009029565466556734
172224,0.003958396743103045
172225,0.0004400300011273523
172226,0.005612530944428301
172227,0.984994661748817
172228,0.00025723546786143056
172229,0.009814673740683394
172230,0.027158010626266892
172231,0.0002560209655020164
172232,0.9935440030470003
172233,0.001991540991805241
172234,0.00015088406833481255
172235,0.004256653968728543
172236,0.9846342605017913
172237,0.0009953740331946834
172238,0.0003740617650837396
172239,0.014428012508865714
172240,0.003213604350014416
172241,0.7078726080140547
172242,0.025448173301887284
172243,0.00030560269763600596
172244,0.012978299994443714
172245,0.003284456033104838
172246,0.00027349484460098235
172247,0.9367697600199191
172248,0.008863484710023312
172249,0.986042998475868
172250,0.001577266167908016
172251,0.0032397235067616464
172252,0.007979146109958575
172253,0.027703816215876236
172254,0.002242954551554677
172255,0.9945749495211369
172256,0.00020186066214721328
172257,0.0008490036910146836
172258,0.0013910068261022998
172259,0.0009657132315406602
172260,0.0011963962391402568
172261,0.0006037809819787092
172262,0.000639174285625243
172263,0.0007477633963513524
172264,0.0009252298717016045
172265,0.0002133838629785206
172266,0.0003188138135231911
172267,0.05271780689938272
172268,0.996223469070153
172269,0.0011599469803340464
172270,0.0030362530592525703
172271,0.00033016644526377036
172272,0.00014427555716266057
172273,0.00545224895177017
172274,0.11291780560886272
172275,0.0005202120923531475
172276,0.003349646103110888
172277,0.00020377540249690598
172278,0.0004136122619746108
172279,0.0003331040745090128
172280,0.00023880513317441762
172281,0.0001337415629529313
172282,0.0013874513545876887
172283,0.002668176078417816
172284,0.0004034782430707376
172285,0.0030364207633347914
172286,0.004106723628511267
172287,0.0004484658996453984
172288,0.9969284723255102
172289,0.006701849688529898
172290,0.013875436661292762
172291,0.0038639809591517705
172292,0.000788850065019558
172293,0.0004964510982899814
172294,0.0022815705107828836
172295,0.0025610436684003904
172296,0.0009872100930593299
172297,0.008324301105368928
172298,0.00036169613317329347
172299,0.0002876650889280766
172300,0.08806695145774912
172301,0.008314140060662974
172302,0.014260703246043817
172303,0.030164767074318432
172304,0.02829332202916546
172305,0.000540391058771762
172306,0.0007694616933034877
172307,0.00026641356070794943
172308,0.00022516874205985032
172309,0.001969357507997315
172310,0.00018992134053320438
172311,0.0003210149873246037
172312,0.01581371664165594
172313,0.07461910782669258
172314,0.009906151173333428
172315,0.0005449225027964818
172316,0.00035836323210193045
172317,0.0010293497109806857
172318,0.9845187933522314
172319,0.00016681544186679108
172320,0.00136454743192413
172321,0.0002826269315270448
172322,0.001591857515890032
172323,0.8725952045128859
172324,0.8474674007291535
172325,0.9838851321738482
172326,0.022142201436510845
172327,0.07413116440298281
172328,0.0010471011474703594
172329,0.988563462024359
172330,0.9936271898445891
172331,0.00793647483745647
172332,0.0002851826036018688
172333,0.0003750647747360901
172334,0.070813729070271
172335,0.0006947191611044695
172336,0.00023831103402043892
172337,0.0009775196210963465
172338,0.0005516055601922361
172339,0.0007693644006542931
172340,0.0006854896554447153
172341,0.0017300999247101246
172342,0.00022450115160992592
172343,0.0003284097003311915
172344,0.9895251422061414
172345,0.011249774112489517
172346,0.0007580027966131343
172347,0.005816374496267664
172348,0.0001929807132296701
172349,0.0006274221566324065
172350,0.0010629972582443799
172351,0.00026506179128647843
172352,0.9394635612145639
172353,0.003558993792725637
172354,0.0011159863496397117
172355,0.0010505260103537886
172356,0.029546941448723205
172357,0.0044424666621854575
172358,0.0006395218729623731
172359,0.0007790416118774574
172360,0.0003239333528089042
172361,0.9926284506301274
172362,0.0002205841259290158
172363,0.0037229090712951785
172364,0.979964931398926
172365,0.0024082445040668633
172366,0.9882356402065848
172367,0.0009297591567223202
172368,0.0025258806506005187
172369,0.22562771053398492
172370,0.06812872562509019
172371,0.0002136950456234789
172372,0.9901946843683564
172373,0.0007277624335499577
172374,0.00036991415966240395
172375,0.010806345385102745
172376,0.001860392044727443
172377,0.0005243173676210904
172378,0.0008962546114094513
172379,0.00045684629700944813
172380,0.002238428258931659
172381,0.010385361676362401
172382,0.00028212177632492533
172383,0.00034074356409747426
172384,0.008430927608820315
172385,0.0025950745670479734
172386,0.004408268881287713
172387,0.0004052592865811848
172388,0.0003401326726950538
172389,0.9950118002742641
172390,0.004090207355853572
172391,0.000258006060892177
172392,0.0003111414424224756
172393,0.00073731145165571
172394,0.009645965745736002
172395,0.00021774764362116425
172396,0.0012685560146661313
172397,0.0006257130552544119
172398,0.00034522134336024165
172399,0.0010861963787598158
172400,0.9868732446009858
172401,0.0009863453923663367
172402,0.00026802159017209475
172403,0.0010889391313268957
172404,0.12001368264178817
172405,0.0009069576133315797
172406,0.0001629132918360002
172407,0.004889250071364922
172408,0.0006591184787306583
172409,0.0003652174451163147
172410,0.014574818937679129
172411,0.00023810388702084586
172412,0.0009191544298706157
172413,0.013854307332556217
172414,0.0014092123259809538
172415,0.0019063373106295947
172416,0.9920762649266768
172417,0.9923041782962726
172418,0.8271650393417237
172419,0.9876077035221985
172420,0.014221834627714206
172421,0.001191129202961389
172422,0.00019708158055419108
172423,0.0002341131979762473
172424,0.015392098918310258
172425,0.002105088165029678
172426,0.9935172498233731
172427,0.005328270168350308
172428,0.0011867762184975042
172429,0.0002564850441614197
172430,0.00026133821409101267
172431,0.0012963866082408887
172432,0.9874676905885348
172433,0.0006334480355901276
172434,0.009122018614227173
172435,0.0012347747606386492
172436,0.0027175829900220774
172437,0.00022186771300043815
172438,0.001085414327654228
172439,0.0011328339644120576
172440,0.0003847283852628735
172441,0.0003793755923573116
172442,0.0073876991710748715
172443,0.0004861268566176841
172444,0.00028795100742385
172445,0.00015761019733896437
172446,0.00036175784826792887
172447,0.9946502318524134
172448,0.0022276715322213994
172449,0.0015633590613927703
172450,0.0009060427454283622
172451,0.0005579580446145314
172452,0.008175042548516398
172453,0.0045714641430551085
172454,0.0011329061861956892
172455,0.006648187330036177
172456,0.0031892906886355574
172457,0.09560193834386084
172458,0.0007070770843213231
172459,0.0006160833232898306
172460,0.0007907504158618811
172461,0.002713547820532009
172462,0.002319119186573501
172463,0.15091465512755506
172464,0.0018397922898811371
172465,0.0005868125353882183
172466,0.11005175628715556
172467,0.0005822705692971176
172468,0.009268547928163057
172469,0.000701540710253017
172470,0.0013239069719064916
172471,0.005188185259403063
172472,0.00018707724009010433
172473,0.0004865173295087888
172474,0.0006773927686312077
172475,0.010428422272504904
172476,0.0003033340103177388
172477,0.007361853538438928
172478,0.0015571104513682837
172479,0.00018226094961518307
172480,0.00034030046711124446
172481,0.00040150625489871773
172482,0.00021569689359945873
172483,0.02354731941513557
172484,0.00030221254977119634
172485,0.028856708818058352
172486,0.00034421135154678287
172487,0.00125157199499916
172488,0.0003907595502012164
172489,0.000284032716404743
172490,0.0018701530380217503
172491,0.003101259467514817
172492,0.946994606349711
172493,0.00041393811990624675
172494,0.0007776477776267863
172495,0.0001786470748639195
172496,0.0016266404439582805
172497,0.00021908990588992032
172498,0.0022145880443112465
172499,0.0541396365867453
172500,0.0005941313073851203
172501,0.017263032211401182
172502,0.0010738051312022866
172503,0.00029141178098714176
172504,0.000556115689129764
172505,0.0002730689025441718
172506,0.0004015047702064136
172507,0.0004852268427219628
172508,0.007460911300558629
172509,0.9926776372177802
172510,0.004068659127195034
172511,0.007717400978710196
172512,0.00034144189090662544
172513,0.00035106069327188585
172514,0.0007333999667441398
172515,0.0016006778771477468
172516,0.9947763913313249
172517,0.008899043715257668
172518,0.0006902762962734427
172519,0.0068964408994676525
172520,0.0006406191709232283
172521,0.0029416476114948052
172522,0.000509226317657221
172523,0.0017278183547503156
172524,0.002375461564287483
172525,0.00017579512655001598
172526,0.00024426544634290417
172527,0.0008322075967722567
172528,0.0016635459774791087
172529,0.000468470354103593
172530,0.0006853581304828337
172531,0.0021035020791171145
172532,0.0002244363491690709
172533,0.002197340626180321
172534,0.0001609359116082474
172535,0.0002889633397846786
172536,0.0007100782972836546
172537,0.9810074169437228
172538,0.008474584903131285
172539,0.006359803747033467
172540,0.04299883099849723
172541,0.0002810421899201478
172542,0.015311957839145244
172543,0.0005917586699829923
172544,0.002588214469634661
172545,0.0008764098597389825
172546,0.00013644669899194693
172547,0.005216499042077613
172548,0.0004231935731243307
172549,0.0007767006450654936
172550,0.9951490085506249
172551,0.0005019744748599755
172552,0.14500057123445273
172553,0.0019333258703838122
172554,0.0023029955262533963
172555,0.012753870770716455
172556,0.0013070932880953985
172557,0.0007605107550640147
172558,0.00023934096153117637
172559,0.00036989266329207044
172560,0.008616420982657807
172561,0.0009245338250562962
172562,0.0004881431011479759
172563,0.001742734705886342
172564,0.023275756199778976
172565,0.11087243242869597
172566,0.0005682753033575025
172567,0.006603166518132601
172568,0.00019218513531119852
172569,0.011126569390738182
172570,0.000928575827004283
172571,0.002690806048792871
172572,0.0012832106735878863
172573,0.002158589646042961
172574,0.0038578086435971035
172575,0.0005176858887489849
172576,0.00019827345417578138
172577,0.9933405602971761
172578,0.00031861300394926396
172579,0.03345791058777534
172580,0.0005400508958525269
172581,0.00036386882804148856
172582,0.18815465586045774
172583,0.9947433472718513
172584,0.0006305722393386373
172585,0.00040316350970212215
172586,0.0010751757188081875
172587,0.0013572047985218286
172588,0.0013951015329992645
172589,0.0009167889132884336
172590,0.0025472802822380566
172591,0.11335208983421119
172592,0.20485854788100802
172593,0.0003352183177882573
172594,0.9942663981869176
172595,0.020870856209508154
172596,0.0006205473794514786
172597,0.0023197589829198266
172598,0.0001728161830867806
172599,0.00015477551541152534
172600,0.0013162591701177404
172601,0.0004797012170131083
172602,0.0005210195960976097
172603,0.009646417822773099
172604,0.0012811555453639404
172605,0.000493029624836598
172606,0.00022413893779479524
172607,0.000536447041885754
172608,0.9747924522814989
172609,0.0002351444746335589
172610,0.14818076957932377
172611,0.0017307594073790978
172612,0.0033522206819080773
172613,0.9965801297984593
172614,0.005233676487788867
172615,0.0002056040405939225
172616,0.001232289326847164
172617,0.0020578029854062055
172618,0.0007615298173928485
172619,0.00037189701605825926
172620,0.0021234625862819986
172621,0.0003854610197877039
172622,0.0010316092217195936
172623,0.0020066656475977726
172624,0.17197219357163482
172625,0.656797916744763
172626,0.0016530111826148575
172627,0.00023613626406309508
172628,0.00014083982536055697
172629,0.05065089106115282
172630,0.0064903303058892
172631,0.013254864582410378
172632,0.005682830390749921
172633,0.001769500086596646
172634,0.1354816471188665
172635,0.027656969290303656
172636,0.002876588298071837
172637,0.0003372582537275684
172638,0.0008602849992419213
172639,0.00936100596586264
172640,0.0003126514654983535
172641,0.0002726186808880612
172642,0.0011341980423103476
172643,0.0031998345888610987
172644,0.002971764143773772
172645,0.001026249714194943
172646,0.0005700367278161616
172647,0.000216367539826836
172648,0.005959007157875234
172649,0.05997244590137219
172650,0.0006934166092716443
172651,0.0002644792847067169
172652,0.0005883965374678873
172653,0.0011476544896338995
172654,0.0003168813560176859
172655,0.1052805410488521
172656,0.000697451112888131
172657,0.000613361271881092
172658,0.991826320109915
172659,0.0002484241626754295
172660,0.006723274455742027
172661,0.0022486467218891947
172662,0.9717890483123446
172663,0.00017039506487677726
172664,0.017903621789309404
172665,0.0006591288175528663
172666,0.0033140256844550815
172667,0.0007598728036774025
172668,0.0012955376478853162
172669,0.00031520200435001665
172670,0.0073672632380537145
172671,0.0006668191416279091
172672,0.000946667433437402
172673,0.0019502185070118486
172674,0.004531458623861082
172675,0.00036001488294025327
172676,0.0024821127750995864
172677,0.0014209967319508054
172678,0.005201171314199497
172679,0.0006765877969693765
172680,0.0003071110744178093
172681,0.000333444062249363
172682,0.0005145894475424338
172683,0.008116692857280406
172684,0.001587068383723151
172685,0.0010739857558403128
172686,0.0005353225218609967
172687,0.9955073508101934
172688,0.0010830795204207011
172689,0.00035983146908136454
172690,0.9946217241024004
172691,0.017036388138752807
172692,0.9947443963667785
172693,0.0004482534936024074
172694,0.0001174617824145384
172695,0.06552258614549575
172696,0.36046154279081777
172697,0.5628433528628692
172698,0.0007391617925773917
172699,0.0019074400900862514
172700,0.00046249639736425306
172701,0.000125517361909862
172702,0.051066986950517645
172703,0.00027093999382448054
172704,0.995027567712153
172705,0.0007175261387646593
172706,0.0005182559541055195
172707,0.0003100153874400023
172708,0.0003958063685448411
172709,0.0008965042060585819
172710,0.0011135487220409065
172711,0.0019937863839865665
172712,0.00035438554619583105
172713,0.003181516785579676
172714,0.00032558814536208405
172715,0.0012369530013439062
172716,0.9547833819800455
172717,0.0004356633190577124
172718,0.0007134861382099304
172719,0.005609569014559809
172720,0.000371733600884783
172721,0.0015788822204350658
172722,0.0004348278361031766
172723,0.00021917551571973886
172724,0.000706552934662624
172725,0.19566280577281564
172726,0.00046291534179385873
172727,0.011418593163587674
172728,0.04978977894739338
172729,0.0004090860564530207
172730,0.00014968812494413352
172731,0.0008426757224429432
172732,0.018493901275031484
172733,0.01497918985248264
172734,0.001519685552774753
172735,0.002530994330716916
172736,0.0006264626414877896
172737,0.0018403023274492644
172738,0.0002353160186605047
172739,0.0744158553164168
172740,0.0005132922228814914
172741,0.0002041276756017722
172742,0.020487683453484406
172743,0.0019716016038715933
172744,0.0017322548917892459
172745,0.007164451025437542
172746,0.00043903502824690444
172747,0.00023106668620922742
172748,0.0006803691251352058
172749,0.0018450920198365903
172750,0.0003140176779458949
172751,0.005113381596814082
172752,0.00036392816283523945
172753,0.004605657117617169
172754,0.025599443406238955
172755,0.0016304745589661204
172756,0.0005301281829325087
172757,0.000852539889573351
172758,0.0002989776888559446
172759,0.0006986434021563177
172760,0.00024062108898851377
172761,0.0014329829245962554
172762,0.0012782186633954603
172763,0.009178250439035607
172764,0.00046512984698041587
172765,0.0007700974522353356
172766,0.8044471041468778
172767,0.0002774467468418117
172768,0.0036344124659798416
172769,0.002347321643166458
172770,0.00043721461294420375
172771,0.00034475344938562084
172772,0.00027223774714261583
172773,0.00025154702789354297
172774,0.0005752983310627163
172775,0.35362939725222564
172776,0.7834734888363073
172777,0.0003337848645899982
172778,0.00031139671348616845
172779,0.0002921620798481151
172780,0.0009024780383330591
172781,0.03330955110368571
172782,0.0004051837880591032
172783,0.000557586077912361
172784,0.008368418137009077
172785,0.0011226641879548277
172786,0.0013478663761909598
172787,0.010013739387499795
172788,0.0008392629805559065
172789,0.005460485559344667
172790,0.010077048480420086
172791,0.044500434359791265
172792,0.9885719216860676
172793,0.0006698237846591261
172794,0.00033127204544019866
172795,0.0003904850188389439
172796,0.9945221655899956
172797,0.01958024622068412
172798,0.0005913247083968134
172799,0.016762081393448314
172800,0.0002190666891705611
172801,0.00039308553700381603
172802,0.00022170429087984338
172803,0.9827713579220277
172804,0.006768241656447448
172805,0.0001403599514693396
172806,0.012502535071116755
172807,0.001949399066248974
172808,0.9875447503440876
172809,0.0009359856437652189
172810,0.0755731177414047
172811,0.012591684513767033
172812,0.9846416382180511
172813,0.001532245251372845
172814,0.0006542961392797175
172815,0.9738342570633881
172816,0.0011636098096879895
172817,0.0007950035750473248
172818,0.0005115336698785143
172819,0.00043915595570141074
172820,0.0011306709152494078
172821,0.9768637989496289
172822,0.0017153520321001865
172823,0.4684442503212259
172824,0.9792860518940424
172825,0.0004175101036509017
172826,0.0008097124886114504
172827,0.021305917372642882
172828,0.002700771623070359
172829,0.0003134450044811019
172830,0.0044462493380323645
172831,0.01443337445471832
172832,0.0007698622597545541
172833,0.00027154578380668914
172834,0.004797957870735792
172835,0.00030905382627238065
172836,0.0014325937495699738
172837,0.0011756836197717435
172838,0.0075699136686834265
172839,0.00035532583933466327
172840,0.08217067584465447
172841,0.008422040659132476
172842,0.00044878823640343837
172843,0.00048400078160220787
172844,0.018052318166523324
172845,0.0012912088009956264
172846,0.0002832623884247387
172847,0.0008901769565040224
172848,0.0006743636392611152
172849,0.0011097422090720337
172850,0.00023114208622875918
172851,0.8298745669693256
172852,0.09137629010213336
172853,0.01347322839598048
172854,0.016901559545672167
172855,0.0001809765077626605
172856,0.00024669140716118075
172857,0.014222286066288895
172858,0.0021491917599506015
172859,0.006147265145400696
172860,0.003628045772977324
172861,0.015238460588673891
172862,0.0005788428457365426
172863,0.00037029317973873583
172864,0.00012184372386131912
172865,0.00021955349561792598
172866,0.008221150005390608
172867,0.0017894352411735451
172868,0.08203257946445172
172869,0.0013822946622362678
172870,0.0027228220089437994
172871,0.002676908296547349
172872,0.025130835703148082
172873,0.0003286883743483633
172874,0.9939267508028656
172875,0.00018594586881652518
172876,0.00038718436170709434
172877,0.00014301681415194488
172878,0.00772819840140286
172879,0.3389547113121458
172880,0.00020455622431414443
172881,0.0036948460062217535
172882,0.0007178369771111133
172883,0.00048647815610147955
172884,0.00041915210659596356
172885,0.0006410285860665898
172886,0.0034378208147330916
172887,0.0002915718332896909
172888,0.0011981552521271451
172889,0.0003521737863339217
172890,0.0011849819595396844
172891,0.0011669812711540056
172892,0.9977525043915412
172893,0.031293906490837894
172894,0.0003888633646605002
172895,0.00038402984467181126
172896,0.0014411015051328192
172897,0.0008019932475020833
172898,0.00374938166517005
172899,0.0006123546497694847
172900,0.0019866990892641193
172901,0.0028416168457546507
172902,0.0030220185171250906
172903,0.016503684187771782
172904,0.0006766562579192115
172905,0.9860020691547939
172906,0.0004370412403801076
172907,0.0005517916031685373
172908,0.0011073308288104189
172909,0.001430502497639715
172910,0.0005622577988331887
172911,0.00030328983732793506
172912,0.0028885506207216717
172913,0.0007047341567972504
172914,0.0004001467565305756
172915,0.06241684402646579
172916,0.0003108147458919706
172917,0.00025717244225413415
172918,0.0003840645290885141
172919,0.021561228727973534
172920,0.0006677274063420564
172921,0.11925424840347784
172922,0.000399288969910044
172923,0.0005765653868592599
172924,0.0003227184198596396
172925,0.0020672441222715277
172926,0.00697167001559959
172927,0.00020782981440927882
172928,0.0008097093412711653
172929,0.008744334344491888
172930,0.9965604607273546
172931,0.0032047727440390615
172932,0.006941485833424968
172933,0.0016979325994230861
172934,0.0012270065880618485
172935,0.0006574576863596506
172936,0.020836991015239986
172937,0.9905147571880905
172938,0.003334224939213687
172939,0.001449728786905492
172940,0.9963877000770422
172941,0.004448525482777568
172942,0.0004154497511001504
172943,0.0015409818424376245
172944,0.0764611165644183
172945,0.0002287528097225731
172946,0.001025337538076209
172947,0.005604676395725973
172948,0.016515573406644456
172949,0.00017680722742380555
172950,0.00042560232502746265
172951,0.00027414480696174285
172952,0.0005272142384694998
172953,0.0005326371231636818
172954,0.0010492534656316424
172955,0.0013294746728312007
172956,0.4560282192950823
172957,0.21477740780761734
172958,0.0017308884046201135
172959,0.9378283648529694
172960,0.0004303431742246756
172961,0.015555755292222327
172962,0.00042191595210584553
172963,0.0008052858494954465
172964,0.0003296375075225691
172965,0.00021698335297811407
172966,0.001488735428480612
172967,0.0003764577282917837
172968,0.0007922443421978948
172969,0.0005692500524095744
172970,0.013004813577546579
172971,0.0023505491222872593
172972,0.0008618810022677164
172973,0.0009410556160766736
172974,0.0003799743872090873
172975,0.00030214985191384577
172976,0.0017785489368896577
172977,0.0007388200175474519
172978,0.0005668332501081729
172979,0.0023908218809201415
172980,0.0004192325666301298
172981,0.00028307170573164606
172982,0.00037563626605542606
172983,0.0011158842168346138
172984,0.005074910426788082
172985,0.000307961555181701
172986,0.0003279027485789124
172987,0.0033148772136651155
172988,0.0005724609017077948
172989,0.00020530343590432272
172990,0.0010278800090556897
172991,0.037641272437721446
172992,0.0010269939172623346
172993,0.00014747333915696896
172994,0.00031451355502827403
172995,0.0007929038912356496
172996,0.9888492475163465
172997,0.5340467310521738
172998,0.0009649555858644212
172999,0.0014654521009091373
173000,0.00025711604369047127
173001,0.00691945486961647
173002,0.00024258683922591745
173003,0.002064474348838864
173004,0.0005700488487488125
173005,0.9960368791297614
173006,0.06785609653607623
173007,0.005193901982859186
173008,0.0005298227001614203
173009,0.000759709954863609
173010,0.0004738547926354901
173011,0.0003873879325997316
173012,0.0007694219343194801
173013,0.002671077853127839
173014,0.000455297740089952
173015,0.0002239093999184493
173016,0.00023239928968253728
173017,0.00664052809474011
173018,0.00031023537905454525
173019,0.01792025059186491
173020,0.003697729150078492
173021,0.0004050340826464694
173022,0.0005289873574181966
173023,0.9890156130744346
173024,0.004657736289911689
173025,0.0006527433142725986
173026,0.0022319082268852197
173027,0.0007198036373111022
173028,0.000569275191730827
173029,0.00010750485697176787
173030,0.0001957222960111334
173031,0.0001720812187885205
173032,0.9932316811937946
173033,0.0006344164907618917
173034,0.0004512219573380271
173035,0.9769869982670343
173036,0.5571757546985877
173037,0.006736534523354452
173038,0.005991359422840734
173039,0.0017417555453779485
173040,0.0003562456025590275
173041,0.0007256639243960778
173042,0.0020753959987306492
173043,0.0006399489914881902
173044,0.0005196245131083234
173045,0.00014418930050426833
173046,0.0008547562137393294
173047,0.0006356960492654755
173048,0.7729913821415727
173049,0.027532966453555983
173050,0.00033955359595760974
173051,0.007032309554291607
173052,0.0014458356707848469
173053,0.0014345407854688206
173054,0.03758914139421698
173055,0.00014175107221805783
173056,0.001013727184373698
173057,0.0010475371172836536
173058,0.990989749229125
173059,0.996536620314388
173060,0.00024007329638647197
173061,0.00025692313891574804
173062,0.0006827215035686303
173063,0.055537646883583335
173064,0.07926153070820456
173065,0.0012045245510978627
173066,0.0021836074338970365
173067,0.00027185316650361625
173068,0.0009473751301511394
173069,0.0004528126262777959
173070,0.00018284657296256717
173071,0.0004572676123281855
173072,0.0004732717378742411
173073,0.0007002403530381174
173074,0.0006602935341255046
173075,0.000351880005855018
173076,0.0012426885607346875
173077,0.0003814672523577128
173078,0.005401493737328667
173079,0.0029190254570084268
173080,0.0017765588099402803
173081,0.0005033801607325862
173082,0.008049601906653742
173083,0.008568630565614159
173084,0.743136418530034
173085,0.016836502376500057
173086,0.0003856572088128091
173087,0.0014693856699532055
173088,0.9927603189705155
173089,0.00036956213568287047
173090,0.00022675483216543868
173091,0.0006908717338418706
173092,0.00033957079150764206
173093,0.004369093126328451
173094,0.2129625112640933
173095,0.0031011526894556244
173096,0.0007976633599554013
173097,0.0019433798718296235
173098,0.0002271829842194062
173099,0.0027198099823074148
173100,0.0002957346351751841
173101,0.000747815559984185
173102,0.0003961063905038973
173103,0.0013364789748814693
173104,0.9436053623564213
173105,0.0037533036041446613
173106,0.0007516449426941325
173107,0.004340867301277716
173108,0.0009135974230519275
173109,0.0006924694242840593
173110,0.013532045801616953
173111,0.000369111976706926
173112,0.000961666504831417
173113,0.000992156633913427
173114,0.001068768110227965
173115,0.00039609211897696393
173116,0.00019019133045741556
173117,0.0008920423766420296
173118,0.0018242799863421259
173119,0.00019819626222943165
173120,0.005052991490555345
173121,0.0012406015503500334
173122,0.9685380480559743
173123,0.7762876297097766
173124,0.0008106303966228984
173125,0.00042235404029133716
173126,0.0008678644832534073
173127,0.0009813098512078604
173128,0.0008297838524841015
173129,0.719287705403155
173130,0.01157680850509056
173131,0.010977569028752337
173132,0.00020961825904452177
173133,0.0011043539202263092
173134,0.0008172660104822976
173135,0.0009147451022481014
173136,0.0003257413025708359
173137,0.01088086262623753
173138,0.0010574385271669836
173139,0.011323572978811374
173140,0.006405218860183911
173141,0.0059902789935150575
173142,0.0035023265848226617
173143,0.0010393183171465
173144,0.8854395245282262
173145,0.0017043466480785724
173146,0.000213492351240042
173147,0.0002461233621137237
173148,0.0031460417321959324
173149,0.009190462238852146
173150,0.021747352681502647
173151,0.0006135573339032412
173152,0.006141530870112802
173153,0.0004951129530298004
173154,0.00023064445387007071
173155,0.0002709637250699773
173156,0.028860748846240254
173157,0.016542005964473538
173158,0.00037292587478110115
173159,0.00028057238233062683
173160,0.0020675870137620987
173161,0.00016056866077642559
173162,0.11823077238200223
173163,0.00018523955890142597
173164,0.0005448389732301746
173165,0.009869634986909188
173166,0.018782813828054804
173167,0.00437085140581675
173168,0.0006318705223850293
173169,0.9969228011484037
173170,0.006821566701534632
173171,0.7355733662757133
173172,0.0006038867581476167
173173,0.00792184501136284
173174,0.0022981281220830372
173175,0.00024136264150277244
173176,0.001377970927045591
173177,0.0013099440706892563
173178,0.00013284251462489325
173179,0.045624089039947746
173180,0.0010010886022764089
173181,0.000327150927947377
173182,0.006504226016388225
173183,0.0020695898135549657
173184,0.006806345587946155
173185,0.0035534550936412723
173186,0.0012729441874495104
173187,0.01765442922897029
173188,0.00087220371391208
173189,0.004280045463712272
173190,0.0010525273252488894
173191,0.0008984301381908065
173192,0.9585744420486111
173193,0.00028695543403889974
173194,0.0002738533642090462
173195,0.0007283269400226955
173196,0.0016325040334236225
173197,0.0004460488053721013
173198,0.011014482577708576
173199,0.001087407284329668
173200,0.0009306763938944103
173201,0.00032522308937131886
173202,0.00020470849465342982
173203,0.9931428257320383
173204,0.00010944231452329563
173205,0.00845686423701258
173206,0.0012756892917102913
173207,0.9916314411114945
173208,0.019297054066427316
173209,0.006122311252000873
173210,0.00013943808658576317
173211,0.0002664619513425957
173212,0.0006671355936380788
173213,0.027432786137250056
173214,0.0002761427209882343
173215,0.00030580410277045297
173216,0.001855806570782547
173217,0.00538271932162388
173218,0.00024684246803464326
173219,0.021759758623521152
173220,0.0009546752409267169
173221,0.017862467992432907
173222,0.0005169681217011708
173223,0.0003294054028502902
173224,0.0010722166981665022
173225,0.00025756525632769883
173226,0.05933804774057222
173227,0.0008355027920493804
173228,0.013300107045832813
173229,0.003262042669063188
173230,0.0003841234121348635
173231,0.0004883746510991941
173232,0.9829487497383635
173233,0.000986416595699126
173234,0.009263198937265918
173235,0.00039304330483803533
173236,0.00028634344155457203
173237,0.001318607626636436
173238,0.003136614499394683
173239,0.0017326841941518855
173240,0.0005890243736277174
173241,0.9227765436953379
173242,0.000256109650682503
173243,0.0014527803024030049
173244,0.0015922265965632094
173245,0.029846398170318308
173246,0.9937528233006644
173247,0.00031349380848554097
173248,0.0014551485507034421
173249,0.0026131554120614807
173250,0.0008314232704054106
173251,0.0007890549706996717
173252,0.0005617701035538696
173253,0.01029258789970546
173254,0.0014837540717915286
173255,0.000303520357869533
173256,0.0009801719717329013
173257,0.03230030009404208
173258,0.0012458888087158288
173259,0.29101841890097196
173260,0.00022251741280403025
173261,0.9900903954582138
173262,0.00029059708840958306
173263,0.0016647947631322677
173264,0.00019326558791240534
173265,0.06655402617257138
173266,0.0003396040624763397
173267,0.0007963803874325804
173268,0.00826902215554962
173269,0.0005499552233778368
173270,0.9766111595760039
173271,0.005321442738231751
173272,0.0008844955882808835
173273,0.05755049852960627
173274,0.0776387377043111
173275,0.003821055827384032
173276,0.00039235926266298164
173277,0.00040807136899009583
173278,0.0005815324233997921
173279,0.00018387182582340678
173280,0.00113094693947714
173281,0.9828838073261595
173282,0.006289927288195759
173283,0.5707233305504579
173284,0.0013842635358684544
173285,0.0005093711198919539
173286,0.0007256569783422495
173287,0.0006967698361596781
173288,0.002193572721997361
173289,0.002998411560651
173290,0.0004626565542440859
173291,0.0004310681558412804
173292,0.0013553370684748448
173293,0.00023229821864400782
173294,0.00016068644499938578
173295,0.0003292622431759264
173296,0.000853236230765638
173297,0.0033752179023910436
173298,0.00021574761288274308
173299,0.0011086439860059508
173300,0.0014824005776178004
173301,0.9876671827658237
173302,0.0019234806805163767
173303,0.00031992874099574917
173304,0.00047005386338138224
173305,0.014602103281337356
173306,0.00031681140643987716
173307,0.0007666201135448269
173308,0.04927804082819731
173309,0.0011614672368832203
173310,0.0005952386285265849
173311,0.0007211252570062578
173312,0.0011184052268373226
173313,0.0005075931120226036
173314,0.0003596773024798609
173315,0.0005570034593290891
173316,0.00020783108807450042
173317,0.9431496220627602
173318,0.002585394497350129
173319,0.006152217746824119
173320,0.0001867195267044213
173321,0.0022451352383561518
173322,0.0003009765555948901
173323,0.0016740245963540689
173324,0.0005188340299020624
173325,0.0019375555388798005
173326,0.04978475872481093
173327,0.0011687450040722826
173328,0.0008117612566648446
173329,0.04009589009765624
173330,0.0008956045362610794
173331,0.0028174999660548427
173332,0.0002826296020008528
173333,0.009940780991890545
173334,0.03253876925691723
173335,0.00021956891294241593
173336,0.0016143197213121594
173337,0.011584684960645407
173338,0.0010527559335480681
173339,0.03934006033761932
173340,0.0002564620880507132
173341,0.0024063578240418955
173342,0.0003179527084798735
173343,0.0001367308896556585
173344,0.000345345877432342
173345,0.006234397204292484
173346,0.0007751825901930239
173347,0.00010303382740637905
173348,0.969928242579263
173349,0.009431581117665216
173350,0.00020851397470481267
173351,0.00023392543596717591
173352,0.07379825002714904
173353,0.00032825525055137246
173354,0.00012752155747632995
173355,0.001324581680952589
173356,0.9611098802133249
173357,0.8097599256991833
173358,0.0006068730757999042
173359,0.03169901284675785
173360,0.9619514451498021
173361,0.00027072343554086645
173362,0.024010124113219296
173363,0.9733697005372263
173364,0.001488253504111406
173365,0.0005820295607207275
173366,0.0001577820114832185
173367,0.0021924957870439778
173368,0.00017469265314264167
173369,0.9915552278814513
173370,0.00026177534108665307
173371,0.2546979999341424
173372,0.03160606629223454
173373,0.00023354803101056552
173374,0.0013944000746304321
173375,0.9885494238777002
173376,0.00031263678556426607
173377,0.0012739773758615783
173378,0.0011427082712208182
173379,0.0007720265604896291
173380,0.005392385492261681
173381,0.0007331156405510356
173382,0.004040804033444115
173383,0.0006964315855918123
173384,0.0006551626402514975
173385,0.0006447753575824829
173386,0.014442867315337355
173387,0.0006686095320835342
173388,0.9869449256446821
173389,0.000325754713307182
173390,0.0004417382699198789
173391,0.0006953570640641188
173392,0.0728238513178942
173393,0.0003035344862365908
173394,0.0004131068364931668
173395,0.0003514574743973871
173396,0.00033358555256827056
173397,0.004370628771274095
173398,0.0030652103279133927
173399,0.006221914664039362
173400,0.26937320858187885
173401,0.0035097347700179683
173402,0.0017890156295704057
173403,0.00029526748501346504
173404,0.0012598203434548455
173405,0.005215833513853573
173406,0.0002405625558560076
173407,0.000810444279760736
173408,0.003945479706490664
173409,0.0013319288983665736
173410,0.006961167468734367
173411,0.004702844993123732
173412,0.10632746503672069
173413,0.0001859839910498394
173414,0.002250346509161721
173415,0.04282235953803533
173416,0.0002915446821990947
173417,0.021912492462194056
173418,0.0007389533571490666
173419,0.995169645816737
173420,0.0854126402278683
173421,0.0006047433848221893
173422,0.00026220647581758245
173423,0.0059891374004188425
173424,0.09838283350519236
173425,0.001978219163290794
173426,0.009103827316572808
173427,0.0009384218455467529
173428,0.0014636408301251947
173429,0.0002654260135775604
173430,0.05029792259865183
173431,0.00022460407477644477
173432,0.0003514799957887962
173433,0.01672123797417435
173434,0.004007024860951455
173435,0.0013138984238799992
173436,0.045382828946041474
173437,0.0008767396788641363
173438,0.002332737543082826
173439,0.0019160036362303673
173440,0.0005961279257717443
173441,0.00020568904343986233
173442,0.00038381977294994144
173443,0.0006704832810360728
173444,0.9674883901490088
173445,0.0005254764547144161
173446,0.0003816428660172896
173447,0.0017221280082279182
173448,0.7873291205607705
173449,0.0023605487896811916
173450,0.0013027415368651388
173451,0.0006369074618075029
173452,0.0028468725646703286
173453,0.0005341761334729154
173454,0.009410062139656138
173455,0.0027949965056459276
173456,0.00015792163789253013
173457,0.023096523722807252
173458,0.9814247969638451
173459,0.013166543119367699
173460,0.004588880739329102
173461,0.0014597575432641046
173462,0.006820881381278989
173463,0.9486455542999195
173464,0.0010416777495929055
173465,0.0003866887716952038
173466,0.032757555014470856
173467,0.0011139674564997033
173468,0.9919689799501239
173469,0.895603995017985
173470,0.9491369342145441
173471,0.13575513994046767
173472,0.001237287704274184
173473,0.001515969527569788
173474,0.0010272221666695796
173475,0.9495333913362273
173476,0.0002956265295289399
173477,0.0007543978249959805
173478,0.00034580403968202666
173479,0.9039131037168892
173480,0.000689220759704734
173481,0.0016819211374434994
173482,0.06978641067646742
173483,0.0004527331370102713
173484,0.0002981967364723105
173485,0.0008255387801824073
173486,0.0006005854340202257
173487,0.0005693767563262598
173488,0.00431138611120782
173489,0.00023479124290151253
173490,0.0007835709007265154
173491,0.012132571795106899
173492,0.0010854881551410958
173493,0.002392479418952713
173494,0.00013569700965600156
173495,0.0003624659701193309
173496,0.00033126273591369866
173497,0.9838115368413929
173498,0.9703028225969794
173499,0.0026962455346025336
173500,0.006323262048050597
173501,0.00024359547293860423
173502,0.0010579957291192274
173503,0.0017525143581779074
173504,0.02710476067931909
173505,0.00158376566013898
173506,0.007074303421583426
173507,0.0009053891502794979
173508,0.0012495401654076164
173509,0.0035129149382516793
173510,0.0010177831595705056
173511,0.9649164461914276
173512,0.00017891308661058933
173513,0.000627564775856261
173514,0.04609157373194369
173515,0.007829414539665753
173516,0.01019638161098163
173517,0.31443636185921475
173518,0.007991211511539274
173519,0.0003381277731347599
173520,0.00021434578038150443
173521,0.006626564125575255
173522,0.0013948395314990474
173523,0.0009797109130694215
173524,0.0021892607338596277
173525,0.00021610120222358305
173526,0.00013730293234708377
173527,0.01148714955212454
173528,0.15837219825660395
173529,0.042817142430681854
173530,0.9491154916326211
173531,0.00029496477010124833
173532,0.001947116864002235
173533,0.00043525392066431147
173534,0.000630988481901486
173535,0.9955069780564257
173536,0.0018960369966174433
173537,0.4081376167941071
173538,0.0004838934326319839
173539,0.0022090043464839874
173540,0.00024953247728721475
173541,0.0003934696626913733
173542,0.000500327880540391
173543,0.982209616112042
173544,0.0005662107315715309
173545,0.00066579230340387
173546,0.07275206946836388
173547,0.003142658743170667
173548,0.0003237731348006662
173549,0.0001665642294370321
173550,0.0003508835516370137
173551,0.0011301902151910383
173552,0.00021004161761984885
173553,0.0041500298322119005
173554,0.9897960328873463
173555,0.0005331567850802657
173556,0.0005183693294155471
173557,0.003668569076915227
173558,0.0001224734372088228
173559,0.0007250129423292418
173560,0.0002026561452107594
173561,0.0001610625082874457
173562,0.009994701479651792
173563,0.00023366653368251368
173564,0.008531868855636855
173565,0.0006617966289961
173566,0.0032974149043690595
173567,0.0006365476049239771
173568,0.01871142526225739
173569,0.0003502491717001129
173570,0.9931867435230561
173571,0.0005480549699380387
173572,0.02517563850828054
173573,0.0028349173334245754
173574,0.00101140501691785
173575,0.0003483164934624423
173576,0.00020958838182701665
173577,0.0002977078063910282
173578,0.007564619480222478
173579,0.002220354039621939
173580,0.011962674941933545
173581,0.9821218549350571
173582,0.0005874155251148512
173583,0.0004904996942560354
173584,0.0008866557665020141
173585,0.995138496883917
173586,0.9950621383972934
173587,0.002680678350296892
173588,0.0011161960829696737
173589,0.00037041640035046034
173590,0.0005377389098681682
173591,0.985858769478862
173592,0.0034734618301489255
173593,0.0006152857519441692
173594,0.0004870336660636341
173595,0.00039217790144261354
173596,0.00032382173581666727
173597,0.032112301532956175
173598,0.0013439661812658327
173599,0.0006982135680152674
173600,0.00030756378477046217
173601,0.00036407476279830904
173602,0.0007544648627842406
173603,0.0007392285324898271
173604,0.990621176807107
173605,0.0002292388380536247
173606,0.0002964275340964052
173607,0.030506224602372296
173608,0.0002876040709937794
173609,0.0008039468227707327
173610,0.020974416764426747
173611,0.0008565942707574038
173612,0.0003584998062681412
173613,0.00035051702657253877
173614,0.9816834770428479
173615,0.01268936784497869
173616,0.0013114413876876474
173617,0.001197834459307643
173618,0.0008338913701368961
173619,0.0006293963270164717
173620,0.00024112864310121316
173621,0.0003251694371761278
173622,0.002601450428773549
173623,0.03966897370864535
173624,0.0004520822984536064
173625,0.00031459382239536226
173626,0.0012158422614149255
173627,0.0021767085815351138
173628,0.00034488008712118726
173629,0.00031271509361244465
173630,0.0004975506193526253
173631,0.00028016311975355944
173632,0.0024578462687748106
173633,0.9894420693561163
173634,0.004204519609559092
173635,0.20723421307375858
173636,0.0012824248925490558
173637,0.0004989568204442704
173638,0.12518162726079077
173639,0.49708563518851
173640,0.0003295179283046774
173641,0.9881961905706587
173642,0.0008464128008722941
173643,0.0015691059146845665
173644,0.0005085541994163136
173645,0.003690336043802038
173646,0.0009038327128728992
173647,0.016442421333034588
173648,0.0075063893133755595
173649,0.9887212831906472
173650,0.01795595261438639
173651,0.0028899452520667907
173652,0.0017638088544336718
173653,0.0003705390996925243
173654,0.00021075728834345832
173655,0.00021969203795910202
173656,0.0005147758687699832
173657,0.0002289362714701285
173658,0.00016709053089143764
173659,0.9881827770040095
173660,0.019317353504997654
173661,0.006074799591798566
173662,0.9412314799070212
173663,0.00976186268125946
173664,0.0009889941348905557
173665,0.0005882971848165757
173666,0.11054930896358302
173667,0.001659958797704546
173668,0.00046824788615740617
173669,0.0009485596335756688
173670,0.0008453852870723966
173671,0.005281487640369257
173672,0.9950058713709626
173673,0.9892373949274371
173674,0.00017166236903806923
173675,0.0007268515054035839
173676,0.0016281991360672823
173677,0.0013529621762588164
173678,0.002506416262970069
173679,0.001850959361873105
173680,0.0034030543700455267
173681,0.026851215191922316
173682,0.0006076918068266611
173683,0.0005205236258837634
173684,0.00154279730033955
173685,0.000984744520856944
173686,0.002558585327803313
173687,0.0044554070541048
173688,0.01310201393023001
173689,0.0008868492645048716
173690,0.0004764407207111251
173691,0.0006384819383776848
173692,0.08425474346055238
173693,0.00470419726202205
173694,0.25570219069834027
173695,0.9893690838047317
173696,0.12552448509472774
173697,0.01712044323091668
173698,0.054110761670713534
173699,0.00034109408667145106
173700,0.00023790198973934373
173701,0.0008420452803044011
173702,0.0027624026915374356
173703,0.0011075429375974
173704,0.00034975055500237833
173705,0.00081659176823076
173706,0.0009378365268666981
173707,0.0006189103465242159
173708,0.0005210718545335888
173709,0.9927650137659246
173710,0.013031327588497673
173711,0.009398871102147474
173712,0.0015607205642880694
173713,0.0008057979284291109
173714,0.0015827494408168683
173715,0.96942500781829
173716,0.7125338988461991
173717,0.01613948819591353
173718,0.0008700567533105495
173719,0.00176565919254167
173720,0.6434315285009192
173721,0.010331538790522253
173722,0.0002609921733007025
173723,0.0013465370326802614
173724,0.01540645055143808
173725,0.00377422740907409
173726,0.00025788659051330577
173727,0.0006654563410170406
173728,0.022205815372815577
173729,0.0008606037935003593
173730,0.015237269137054664
173731,0.00025033113376395305
173732,0.0004808490355988701
173733,0.00020813002232064704
173734,0.000273800654064476
173735,0.0006658970683894659
173736,0.002573936246646207
173737,0.0006410000772794438
173738,0.014380611205606963
173739,0.0006886619061444421
173740,0.004746051499326573
173741,0.005790701120456591
173742,0.00520205602050638
173743,0.015685083335504994
173744,0.0003710343262823064
173745,0.00902264956700192
173746,0.008068175424208174
173747,0.0015746682408752123
173748,0.0007363806246488333
173749,0.006336847105687042
173750,0.022438521846568516
173751,0.004877794920078247
173752,0.0015983571250642713
173753,0.00038812013396140213
173754,0.0011487528658906474
173755,0.00321658640910762
173756,0.013258412014948264
173757,0.0002752735548907782
173758,0.00038359641200937046
173759,0.9940157418342974
173760,0.0007636624985849052
173761,0.00047414226433190363
173762,0.9893454918714591
173763,0.0003503508960342891
173764,0.0047114093259178515
173765,0.0009949322260309956
173766,0.0003257112084067472
173767,0.004747016699633952
173768,0.0028116374421047682
173769,0.00025672712895081226
173770,0.0005172848064219355
173771,0.000714168257502259
173772,0.005595155882248586
173773,0.994108730740086
173774,0.003281222716778475
173775,0.0014649337941585769
173776,0.06572604089502333
173777,0.0008632939147385896
173778,0.991090773982965
173779,0.0032087667910130615
173780,0.00030645540428737394
173781,0.0010403830230410862
173782,0.004449563021250889
173783,0.028723629381706733
173784,0.0005522861164644231
173785,0.0008061372124048667
173786,0.0034041487241363235
173787,0.0006100075532267243
173788,0.0009913075967315206
173789,0.0032385522890014647
173790,0.7740886540489027
173791,0.00795713616905991
173792,0.00022413022398149634
173793,0.002513475657271542
173794,0.00012401044761530184
173795,0.0002246192263065841
173796,0.002108718610031853
173797,0.0007612607896228088
173798,0.021357786771749564
173799,0.0005767926197511158
173800,0.019169571448355113
173801,0.00022991048802936732
173802,0.0003247311825094423
173803,0.0009787981708868178
173804,0.010862117706626094
173805,0.0004687690983641158
173806,0.0002634761989790439
173807,0.020063098884035645
173808,0.0006254392138126782
173809,0.001194262690838606
173810,0.00032039395072587393
173811,0.007096734940728907
173812,0.0003148710351740115
173813,0.017233701140739983
173814,0.0505935213220906
173815,0.0007463501585029057
173816,0.0003328966570277028
173817,0.00029568475393026473
173818,0.00022375242593824151
173819,0.00022642837904294689
173820,0.00047716645658517473
173821,0.000778726518133241
173822,0.0046423104054933014
173823,0.00025863283517447294
173824,0.9882405482820747
173825,0.0008713101240989035
173826,0.000914505865130261
173827,0.9925469078873794
173828,0.00014006012516725315
173829,0.030729739772617923
173830,0.003343566883376516
173831,0.0003091598731902438
173832,0.00862455480601918
173833,0.0013786995243774817
173834,0.9886695994609258
173835,0.006819655445689593
173836,0.0019407527134152217
173837,0.994227216105093
173838,0.016551628553964824
173839,0.013135818321212397
173840,0.0025050970091917203
173841,0.000398959152981948
173842,0.0004902390333213034
173843,0.005454692651151344
173844,0.00035314814086826363
173845,0.002834784174685912
173846,0.0046214191526552
173847,0.020777498063946347
173848,0.05736947158123629
173849,0.0006897355900080146
173850,0.04702116582037628
173851,0.9793620366314499
173852,0.00018471082014306898
173853,0.9890434412710425
173854,0.0003405978195808612
173855,0.0007090504473514864
173856,0.0002597835109887306
173857,0.00205419005723723
173858,0.02412730171187029
173859,0.02744337472383117
173860,0.0033138489076605807
173861,0.008134494026603557
173862,0.0004190475983797404
173863,0.009229837367637602
173864,0.0005095867714972563
173865,0.001192771958803885
173866,0.05241389523318468
173867,0.0020550134047912323
173868,0.0005974675644562863
173869,0.0009753286244663773
173870,0.0001941375641668923
173871,0.00029807196395625766
173872,0.0002349819561753097
173873,0.002780769540577657
173874,0.0009881885806182745
173875,0.004110670386753049
173876,0.0006431802423420984
173877,0.0004302732719698565
173878,0.0006741578716938305
173879,0.000563171089975698
173880,0.9786321059465505
173881,0.001143410802894889
173882,0.00568743206643642
173883,0.00022313369284033638
173884,0.03021148897377318
173885,0.002320328612219654
173886,0.00856882104026542
173887,0.995368379264958
173888,0.030388316647793352
173889,0.0004401972105235198
173890,0.0002244563823744217
173891,0.9847727308572762
173892,0.4097291059544816
173893,0.00022142689751459578
173894,0.006645814080315074
173895,0.0009774816590049616
173896,0.9704152071964335
173897,0.9826915255409936
173898,0.9910610673977522
173899,0.0008956929904811535
173900,0.00026576701871480003
173901,0.00019359883047858544
173902,0.004640982979407599
173903,0.00043885559933562934
173904,0.003636719614028405
173905,0.0002939553139182515
173906,0.0014467009639601946
173907,0.002112964034501833
173908,0.013541512184621398
173909,0.002789559509518387
173910,0.00013212856493634016
173911,0.24322340648724775
173912,0.00018401560897488733
173913,0.001239880065674762
173914,0.992529167742612
173915,0.0015530138614451737
173916,0.0007540810893453912
173917,0.0008531640144744965
173918,0.0003084538196264747
173919,0.0002735006068054107
173920,0.7175157924846809
173921,0.0005286709524721635
173922,0.004728068269158858
173923,0.00038439206403138534
173924,0.004863200016179291
173925,0.0002275984196378031
173926,0.00022738082781230013
173927,0.056087808984077746
173928,0.014127549186613896
173929,0.01659873437962961
173930,0.00016599429016720172
173931,0.0029833701250943584
173932,0.011715753596272933
173933,0.02578588522603921
173934,0.00047743455060867557
173935,0.9923393968626921
173936,0.0015299559255406829
173937,0.002363045589737726
173938,0.008104515595419868
173939,0.0020375973228171497
173940,0.0003342927698025115
173941,0.9870419024085982
173942,0.004080911462192928
173943,0.9892692544911937
173944,0.004182413932619603
173945,0.0004273241821023883
173946,0.00019178751130432596
173947,0.0008934651915382815
173948,0.0015509871929568519
173949,0.9949993487680325
173950,0.0005901399661618414
173951,0.0063131721919388786
173952,0.0024348090221004864
173953,0.6701120199212172
173954,0.0009080105665461864
173955,0.0007440997792255614
173956,0.09860309441480798
173957,0.000781889344738509
173958,0.0013557187180815063
173959,0.004758697654689693
173960,0.0018745781115196217
173961,0.0003176197510314211
173962,0.0003062128004676767
173963,0.00030391937918402293
173964,0.000804794890761213
173965,0.00026282369986166713
173966,0.00032102398345087166
173967,0.00038796731451582833
173968,0.00294734693614235
173969,0.01999062695286304
173970,0.8829476012290147
173971,0.0003681954424695966
173972,0.00675870425758629
173973,0.000464058510329551
173974,0.6562572473794419
173975,0.0006186497040089486
173976,9.076729680273599e-05
173977,0.017933601911796118
173978,0.0006069052734569022
173979,0.9897175800032797
173980,0.003077682976667235
173981,0.0007848384787658815
173982,0.00036151564732770617
173983,0.9850994730808446
173984,0.0057639687944578116
173985,0.005454137814535698
173986,0.004732051704790932
173987,0.9902395402038304
173988,0.001752257598596515
173989,0.7409325756877627
173990,0.0033948953076411844
173991,0.0035371546844284074
173992,0.003813603305534327
173993,0.000741407822955381
173994,0.00041492168080418224
173995,0.0022931017669529413
173996,0.0034584830905088023
173997,0.0008378250655306888
173998,0.19909062922841203
173999,0.01097884302564532
174000,0.000329381218652158
174001,0.0007732245576760802
174002,0.002094137276563751
174003,0.0007493287602117812
174004,0.0009063678770175079
174005,0.00022591003859468302
174006,0.0061307152747700645
174007,0.0004652524789216462
174008,0.016909477016239613
174009,0.0002644059463042481
174010,0.051622650812111336
174011,0.06649546105464012
174012,0.0029884332898955897
174013,0.06670274711684557
174014,0.985088038119688
174015,0.0003916960597075472
174016,0.0053502435128999675
174017,0.0010587905043010248
174018,0.9950029203101949
174019,0.0013748208092118073
174020,0.0005909483287492246
174021,0.06455200081412045
174022,0.00028105807291062013
174023,0.002362333995759735
174024,0.0004359502531242134
174025,0.002646333444140246
174026,0.006650300186840573
174027,0.00034283916326356294
174028,0.0009996420389495218
174029,0.011999448017325217
174030,0.0004860869410091605
174031,0.0010330350976484486
174032,0.0018431985184953821
174033,0.001710936677485352
174034,0.00026418939190544604
174035,0.0007272303534254442
174036,0.050863628290344694
174037,0.005434691923127409
174038,0.002682044013296501
174039,0.0005241220992164471
174040,0.00023232512114310067
174041,0.0006042444211877909
174042,0.0004778525057206777
174043,0.9912255297914871
174044,0.03907135960978037
174045,0.03362062213242923
174046,0.0011863271504051298
174047,0.0001174573875546152
174048,0.00039720936827619105
174049,0.0013257899336540729
174050,0.04390102295720634
174051,0.032339279608215206
174052,0.04831415864660479
174053,0.0007311875266615842
174054,0.0009146483079213349
174055,0.004903772918824953
174056,0.0010291702991826147
174057,0.00017235958354166553
174058,0.006216110580475699
174059,0.0005141277371908065
174060,0.006821879165007919
174061,0.005671084042779961
174062,0.0028217381800665596
174063,0.6966994164629671
174064,0.0010474305599838152
174065,0.05618549894313322
174066,0.00033204828158403543
174067,0.9711779834427757
174068,0.00032726209656933064
174069,0.00849904304538423
174070,0.9953455706236903
174071,0.05091008929540086
174072,0.00025546339683214304
174073,0.0008925739609320003
174074,0.0010856736001926602
174075,0.10068626077205692
174076,0.31087059780899995
174077,0.0022263128018251395
174078,0.005410672125385266
174079,0.0019220343595607163
174080,0.041995244942761384
174081,0.0005945593721326415
174082,0.002042148037372047
174083,0.00038788929117493094
174084,0.6113289531830067
174085,0.0011073275221693728
174086,0.01048467421767406
174087,0.0008360265741595816
174088,0.0014321695111268065
174089,0.000561316698788393
174090,0.0016926919949939335
174091,0.007703741463318101
174092,0.00022414154443393562
174093,0.0003632748471104171
174094,0.0012391012633640396
174095,0.0032304955299161673
174096,0.9296458320054625
174097,0.0010937631494121356
174098,0.0008969813411331118
174099,0.0010969440794999744
174100,0.0006110540340425764
174101,0.9787161259693368
174102,0.00026110610558504075
174103,0.9826951279125953
174104,0.0003199667373400018
174105,0.014655778540738691
174106,0.9904635542571056
174107,0.0028678465550896755
174108,0.0002065421627516512
174109,0.0009652360514377991
174110,0.0013664664773244662
174111,0.003162176888508922
174112,0.00011476876472966933
174113,0.000746228903710463
174114,0.02801491575610168
174115,0.0001253403733974656
174116,0.0008613186367709864
174117,0.02326729500851623
174118,0.00012609358380980275
174119,0.013240589249167127
174120,0.00039197532978280976
174121,0.023655608717501213
174122,0.03384032766765299
174123,0.0003957026580275373
174124,0.9920659115953787
174125,0.0006799429734938492
174126,0.6246369017697269
174127,0.00042208488524336573
174128,0.775032533596636
174129,0.00043231945135581044
174130,0.0003322019452071892
174131,0.0009320459768015907
174132,0.0002917234352221418
174133,0.0009725808449626926
174134,0.00022203847312239942
174135,0.001289327854754109
174136,0.00019433193285427203
174137,0.0003263081273733167
174138,0.000502160442386423
174139,0.009507319356632168
174140,0.0004941055477054413
174141,0.02498538712450323
174142,0.0002756775511058591
174143,0.0005625398074340284
174144,0.9868246002293178
174145,0.0011752616515024873
174146,0.00025763510637754814
174147,0.0011512619109134124
174148,0.9941410629467419
174149,0.0026242966724687616
174150,0.010379997672475265
174151,0.0010786114755124852
174152,0.0002911033580882937
174153,0.0002490227133354384
174154,0.007197507668163308
174155,0.0009952373675694676
174156,0.9615090120295285
174157,0.9954485649606377
174158,0.0004707305987571753
174159,0.0002280641828323696
174160,0.000663204834801979
174161,0.01783680087639918
174162,0.0002727173233075353
174163,0.9924612508226672
174164,0.0004570896405228347
174165,0.00037465356146986194
174166,0.002487554142897984
174167,0.9856127604438393
174168,0.014301970093797016
174169,0.00015361112794278324
174170,0.0006504643574798244
174171,0.0018660060307418627
174172,0.030457474681914082
174173,0.0039478888657293355
174174,0.0752891077820154
174175,0.0013916886479698257
174176,0.0004923698760464115
174177,0.0016147253604590721
174178,0.04124911416172757
174179,0.0016939180807332493
174180,0.00029115301299261425
174181,0.00048555592620718173
174182,0.004627638376141464
174183,0.012852785905882909
174184,0.0011388090046107523
174185,0.00047461599762640017
174186,0.00054204181279331
174187,0.0016417769008890833
174188,0.019066036859814364
174189,0.9830695475948706
174190,0.060483007697904476
174191,0.0005333937458799309
174192,0.0014180604512465723
174193,0.001252310215437738
174194,0.00026670448741573385
174195,0.015058822757564717
174196,0.0001491210973195241
174197,0.0002927956780001768
174198,0.00027451137548935013
174199,0.009852889582802614
174200,0.0004327294159638827
174201,0.04382877783827248
174202,0.0009747615689578431
174203,0.3931014522901598
174204,0.0005186958188018779
174205,0.0007743378424645918
174206,0.0011282294284534861
174207,0.0003462375285911837
174208,0.0010766399687908862
174209,0.704088113113869
174210,0.0032933936305538296
174211,0.00038020410569078304
174212,0.001916166823227593
174213,0.00036331295169958727
174214,0.0010819566490893099
174215,0.0037751661394637894
174216,0.00023905383635530245
174217,0.000616534645237884
174218,0.0003371253351734323
174219,0.015785667609864527
174220,0.00046949861865479194
174221,0.0003525923180202191
174222,0.010399406146167519
174223,0.00048224978209301597
174224,0.000241397428936101
174225,0.9826697497549208
174226,0.00274958987710807
174227,0.004355343613194375
174228,0.00047503895126075615
174229,0.0032637230636104794
174230,0.002002030057971847
174231,0.9918010260843044
174232,0.0014345576584003632
174233,0.0003758189227104375
174234,0.0011149020207343108
174235,0.012780992419814391
174236,0.0031856727971596903
174237,0.008951775129015956
174238,0.9949075218309328
174239,0.0010571726306088773
174240,0.001674812193672111
174241,0.0002915384924296935
174242,0.0011980316947556764
174243,0.017575985076626742
174244,0.8559940681986778
174245,0.00020611562810207888
174246,0.0014163817529497308
174247,0.0004330151331159584
174248,0.0830940000962964
174249,0.0005298585048032208
174250,0.023466780580786228
174251,0.0001523025259693746
174252,0.034574126150691976
174253,0.00013593947671772393
174254,0.0054593241937055045
174255,0.014238658502636819
174256,0.00026142336612073285
174257,0.027847173497735335
174258,0.00038645280216457746
174259,0.9952200284979331
174260,0.9489659279259661
174261,0.0013718905071631146
174262,0.001625215562469035
174263,0.000394435425304948
174264,0.0007167291515880305
174265,0.0006407972940272884
174266,0.0007465023853600938
174267,0.0008010740012704281
174268,0.017303645170660267
174269,0.0004439265658179092
174270,0.00022699837131123107
174271,0.003007011049017578
174272,0.00027010895543071455
174273,0.0004719489623763488
174274,0.5749759163122686
174275,0.00019172559397586883
174276,0.0006551005579072067
174277,0.00028663679440822
174278,0.0018348249218055168
174279,0.0001689750039450939
174280,0.0007052835696325268
174281,0.0005654008965963994
174282,0.0013207692873254114
174283,0.00045208396172097465
174284,0.004708169781611183
174285,0.00015599243354610416
174286,0.03277353238070756
174287,0.014958092394822941
174288,0.995463372936483
174289,0.007499993390853015
174290,0.00023419566711062006
174291,0.009023782989350904
174292,0.015351893664207077
174293,0.00018955122719087306
174294,0.000908214733046355
174295,0.010285248130483208
174296,0.00816393164413652
174297,0.0015625822484389373
174298,0.0007013281481044077
174299,0.29381157893735216
174300,0.00045536709889330737
174301,0.00013007217157790874
174302,0.9913558425681511
174303,0.0012140701689450006
174304,0.03357285431499249
174305,0.00033263617900516283
174306,0.8852668427494632
174307,0.0006143579853604672
174308,0.017406665466960836
174309,0.0003647179115727454
174310,0.0013207125656413197
174311,0.0006768166425552349
174312,0.00024395178111836935
174313,0.004600183091907673
174314,0.00016199840041075919
174315,0.00037739462893070935
174316,0.9851302224235027
174317,0.0029018225355303944
174318,0.0244922032761068
174319,0.0003835048470841752
174320,0.0006754582372699462
174321,0.0005563215823866606
174322,0.9557893799498464
174323,0.001417692264349223
174324,0.00020055302003728142
174325,0.0019960875862968454
174326,0.0002774406879879309
174327,0.0005260738982561838
174328,0.025127979630970708
174329,0.0006419389748426347
174330,0.00027038352661627496
174331,0.0005847789916492807
174332,0.00017761320834870065
174333,0.0005185777150338876
174334,0.753761211999595
174335,0.0050442569088860086
174336,0.02188850519508702
174337,0.0006997064064181535
174338,0.000606275409574473
174339,0.0003178364147040243
174340,0.00028262842937403567
174341,0.00032237590112695183
174342,0.9896802875504763
174343,0.00781766374806958
174344,0.00024325782148028295
174345,0.1782179041069099
174346,0.000535221077578996
174347,0.0006260879211823306
174348,0.012466389925927194
174349,0.0008176839583137075
174350,0.00021282879196700267
174351,0.0002644509126797544
174352,0.0006310936776812698
174353,0.00041016048866781196
174354,0.0006647193497090753
174355,0.0012858510827171304
174356,0.003383380243624176
174357,0.0009428533931728728
174358,0.000347301143288157
174359,0.0004530004417954951
174360,0.00021448391690356402
174361,0.03688823896909265
174362,0.052216061124399395
174363,0.0002937354345692799
174364,0.00018735926270258834
174365,0.0017836930967668012
174366,0.024753169414352197
174367,0.00040468791038205943
174368,0.00028422080037994983
174369,0.0021579267721997986
174370,0.0003249453033980735
174371,0.048615997629255864
174372,0.001305771059948462
174373,0.00034494288448123477
174374,0.00017062423974754812
174375,0.004009929642154195
174376,0.0005062973479471705
174377,0.00028493483839570066
174378,0.0001862784306877152
174379,0.002859322372431316
174380,0.02113497350289605
174381,0.9919656476240846
174382,0.0012441591285698122
174383,0.003241855885152564
174384,0.003350870916864219
174385,0.0010522469331068235
174386,0.0016879625273482713
174387,0.00024473967085102485
174388,0.25884177134906333
174389,0.028798296499797454
174390,0.0003771007508460683
174391,0.001036051028394244
174392,0.0018420624865247768
174393,0.001374279213528192
174394,0.00012477394637183653
174395,0.0075130077550579644
174396,0.010815997074424582
174397,0.00032044164389660534
174398,0.00048125883706149356
174399,0.00082973936100941
174400,0.002900469337915692
174401,0.0007681500648395166
174402,0.00045517038649185617
174403,0.00028713238165184354
174404,0.0002407912845932774
174405,0.001303934180789306
174406,0.0061536608707217855
174407,0.9935517828241429
174408,0.0006928016049553735
174409,0.0004139848088700815
174410,0.5001699854569606
174411,0.001798730344952164
174412,0.031900496980337416
174413,0.04067712486799355
174414,0.00041825966870543665
174415,0.00010085666704777418
174416,0.01011150682355851
174417,0.9923002006583812
174418,0.9588937250022792
174419,0.03796263745776484
174420,0.0004717491242877466
174421,0.0003519130171481396
174422,0.00022705193670477105
174423,0.00020131580362469617
174424,0.060713879189070584
174425,0.958133099824572
174426,0.001019909270839259
174427,0.0003732737155779845
174428,0.9868713136525655
174429,0.0030964343836930165
174430,0.0022238449764486095
174431,0.00022979062847324082
174432,0.003215995962686114
174433,0.000340400172948355
174434,0.011598572186949244
174435,0.0018356622259790888
174436,0.0001871938852320988
174437,0.9863620420951182
174438,0.0020366805195634486
174439,0.0003041807133996397
174440,0.0011524889556179068
174441,0.0009079843254996927
174442,0.001711247978870248
174443,0.00026845642177396946
174444,0.0004014614473587681
174445,0.00025516384420062855
174446,0.0007726589554055889
174447,0.012741696452941976
174448,0.008492536728438622
174449,0.04129613397891833
174450,0.0002954125096276419
174451,0.002732888226483381
174452,0.9833063907086279
174453,0.986701650806412
174454,0.00029699355752015863
174455,0.038622698027117125
174456,0.0016933689136086007
174457,0.10483967684680051
174458,0.0005820486450720702
174459,0.0007387866502307277
174460,0.016011021551318037
174461,0.0004905865425486993
174462,0.0012970130178708388
174463,0.01289729664718136
174464,0.0007817144747379619
174465,0.004878866724968911
174466,0.00039153237084345923
174467,0.00037198813450507636
174468,0.001043736659223994
174469,0.000721765837729501
174470,0.6854475567328852
174471,0.2802612201359354
174472,0.0006343671263702733
174473,0.0014578542581912058
174474,0.0005785023262255784
174475,0.0002571604770689982
174476,0.0576220389090754
174477,0.0003690042112126269
174478,0.00032206436023017387
174479,0.0021144888067277214
174480,0.009721908478669068
174481,0.0020069904074000483
174482,0.0007338199861683768
174483,0.05661734854058363
174484,0.027800899838249533
174485,0.0010880992405965248
174486,0.0009760158499277337
174487,0.002019197516663625
174488,0.000603543481895137
174489,0.04852457661217642
174490,0.00031166229858344024
174491,0.9908084636540356
174492,0.022724625932649904
174493,0.001966600052763399
174494,0.00047801290029033544
174495,0.014058622487840627
174496,0.00029854053770886254
174497,0.0001912458119647252
174498,0.9931481513424203
174499,0.0014708549285432756
174500,0.0011978177411590676
174501,0.004519992459850254
174502,0.018848746008721082
174503,0.6807702908058033
174504,0.0004181418647076211
174505,0.0002034957238150604
174506,0.005785877688963837
174507,0.0021894013783528374
174508,0.011317905789597677
174509,0.9883745869634051
174510,0.040651420755655206
174511,0.005963005008538722
174512,0.001411023291801699
174513,0.0008456404099572752
174514,0.0006882775635958179
174515,0.000627952538632621
174516,0.0004961016358350085
174517,0.9876971424238166
174518,0.0008104567830204962
174519,0.006259455027575665
174520,0.0002654586180497441
174521,0.004163754638871266
174522,0.0012493361520499982
174523,0.0013898429231946354
174524,0.004243199268021719
174525,0.02348493531343728
174526,0.0006317073057274957
174527,0.0005645063635467004
174528,0.0025429090704685554
174529,0.017307782256912485
174530,0.00020029273378377227
174531,0.0004038534004568694
174532,0.9900429621711441
174533,0.0001857716819663936
174534,0.0002919759272663282
174535,0.0065928578392473874
174536,0.0017921170195420936
174537,0.0006249914952013972
174538,0.004184340819360933
174539,0.0006740457138128474
174540,0.07649202158772944
174541,0.0005123777275471389
174542,0.00031325021525634795
174543,0.0014843106756337252
174544,0.0009508771790978152
174545,0.0003831457589542861
174546,0.909738390628319
174547,0.001350828597301616
174548,0.0010441213464885515
174549,0.1569086101244338
174550,0.0007319171006737125
174551,0.00037153330528095905
174552,0.0028229775403135955
174553,0.0021133327056683813
174554,0.001695743117073325
174555,0.9939590980739296
174556,0.3252077906063083
174557,0.0011996962320540525
174558,0.0004548024055988026
174559,0.004120581066105684
174560,0.0004921560698271168
174561,0.00034600185046517514
174562,0.9882272418188838
174563,0.0006883114481813608
174564,0.00016394147295689071
174565,0.5702732707505664
174566,0.0001690056740189513
174567,0.00019759106675935133
174568,0.000705386276996863
174569,0.0009319552774010462
174570,0.0011954978673677278
174571,0.0018545732404938154
174572,0.017431152421182924
174573,0.00029019362799187633
174574,0.0016989398753522566
174575,0.01331542414385975
174576,0.0032120624004593904
174577,0.0004511723534863407
174578,0.9915447406029919
174579,0.0018821189105603842
174580,0.0011619529840459996
174581,9.713237104897132e-05
174582,0.0011571531795848075
174583,0.0017908351021430897
174584,0.00018264791227478303
174585,0.0011993108150523176
174586,0.0004079389482522875
174587,0.36840885627083475
174588,0.0005679565364805984
174589,0.00397838146201063
174590,0.013338793523854316
174591,0.0018101665754851845
174592,0.0008165282270217356
174593,0.0006642900431753112
174594,0.000897648745743629
174595,0.9914183353411461
174596,0.007239680420919472
174597,0.002060778655681892
174598,0.009883870065738962
174599,0.0007947014441247206
174600,0.9877038899024039
174601,0.0002047864080813875
174602,0.1796074118715353
174603,0.3871334970806891
174604,0.7042695953150282
174605,0.0029638928794272347
174606,0.0334330474131941
174607,0.047704338753382064
174608,0.000744904529030154
174609,0.00018345700677533397
174610,0.0007015607507477081
174611,0.00047359127274177316
174612,0.00017633948152689653
174613,0.0058022442818883475
174614,0.0007470065748884652
174615,0.0015306233716665335
174616,0.0002449158592139302
174617,0.0035566694470003882
174618,0.00025589809328726215
174619,0.0010531369673819518
174620,0.017409129078130393
174621,0.9660298564307398
174622,0.0001740396942102273
174623,0.0014305969042202765
174624,0.001023128740242844
174625,0.0008487389841089828
174626,0.0003164556077002018
174627,0.0007602109091875452
174628,0.0017592899587296315
174629,0.0006656157262930873
174630,0.0003555737916604211
174631,0.00033791069943528055
174632,0.0003989304293842659
174633,0.001976906188858716
174634,0.00020068457716521988
174635,0.00025965876479176303
174636,0.00036190661491226434
174637,0.15836867969452986
174638,0.000699772430333313
174639,0.0033767045634055574
174640,0.0024435654680503996
174641,0.08527940869698598
174642,0.00036739002327164675
174643,0.01741694112689232
174644,0.000243375392742381
174645,0.00801357912606405
174646,0.0003200257959454897
174647,0.9845820513923867
174648,0.0006655842603065187
174649,0.008630948655568581
174650,0.9931335148618471
174651,0.0010187496086131245
174652,0.00034292868068529296
174653,0.10285792172505334
174654,0.0020839279052218547
174655,0.00027405287026478455
174656,0.0010003559809500218
174657,0.40138225329403454
174658,0.00022208887296622473
174659,0.9962215240300106
174660,0.00047189804212295654
174661,0.00012488552750278452
174662,0.00027119330790678696
174663,0.0009801311306207351
174664,0.00030161844525476277
174665,0.001153876876656236
174666,0.0004734699624638474
174667,0.0006010253459538126
174668,0.0006720111480838546
174669,0.9802258160314528
174670,0.31696624084982233
174671,0.00033835863515589964
174672,0.9928100100074987
174673,0.009634625489293657
174674,0.024144769363458708
174675,0.004143650469523819
174676,0.007674896849224183
174677,0.0004804377361427108
174678,0.0002934346261863402
174679,0.0007566026209796205
174680,0.0007796821249710378
174681,0.0008436555386080944
174682,0.00017533026094721999
174683,0.001264158784718405
174684,0.0006230432017459332
174685,0.0006667305221808288
174686,0.013916708822865014
174687,0.00020997782301852608
174688,0.001201812917410218
174689,0.0017512945504391134
174690,0.9150780275042374
174691,0.001532337186155835
174692,0.05557293123175821
174693,0.001160611650770666
174694,0.00030945628347315614
174695,0.00030659959920797486
174696,0.00044900929965609594
174697,0.8326893159130967
174698,0.9959564502820544
174699,0.00017731384172380696
174700,0.0010826314966433258
174701,0.0068554356052872596
174702,0.0019158150820953882
174703,0.00045542033119785544
174704,0.00555657191233607
174705,0.0004749316755299467
174706,0.011134999874377879
174707,0.00021857199418428116
174708,0.0012943072370812485
174709,0.003292759837726151
174710,0.006995991735280684
174711,0.06022275794649195
174712,0.007657687996571978
174713,0.00016808780210092055
174714,0.0004002412760791875
174715,0.0011296693710064253
174716,0.0012040179425985703
174717,0.013334737027201258
174718,0.0025082839852317747
174719,0.00020692634550530892
174720,0.0004134351990451882
174721,0.0003583317843671474
174722,0.00032286965412692476
174723,0.001084702768979294
174724,0.0016841096834408304
174725,0.0002236894728683337
174726,0.000195622844803727
174727,0.021812731686110837
174728,0.00046801607591702394
174729,0.9879546550947067
174730,0.010330898616537479
174731,0.8151067239854747
174732,0.0007223985492714662
174733,0.0015692569448300007
174734,0.0002918206742533067
174735,0.0008731262855495019
174736,0.00022516087049436582
174737,0.0007546465018302761
174738,0.00019912352432886716
174739,0.0005447310520218412
174740,0.9669809165058223
174741,0.0004691585605302265
174742,0.00020158340943361716
174743,0.0027419672018344676
174744,0.00028792177037917084
174745,0.006540347636993172
174746,0.0005502320204853836
174747,0.0025482305108552156
174748,0.9797698228622125
174749,0.0002843475913669681
174750,0.0006455967960359219
174751,0.0007076577906780573
174752,0.004702435863149079
174753,0.0007613638160350949
174754,0.03637401995051786
174755,0.0009861765832934672
174756,0.007790419369543146
174757,0.013072862295419077
174758,0.9943064151089043
174759,0.0011131472427811115
174760,0.0005239092397929974
174761,0.9894625315306467
174762,0.0006615540615534631
174763,0.0019502179210501742
174764,0.0005515701454853523
174765,0.9886126586137634
174766,0.001464351785491264
174767,0.0003612644891227572
174768,0.0005121600312042393
174769,0.9838168238395416
174770,0.018122915731697112
174771,0.0024426647521432576
174772,0.001080937864849177
174773,0.0005373678990374384
174774,0.0004845047262691003
174775,0.0005448114593665687
174776,0.000285309053276228
174777,0.0010620052369570924
174778,0.004715144658953844
174779,0.0005681849284102115
174780,0.00036976907211109703
174781,0.009056608620268799
174782,0.0005008283990652049
174783,0.08025202890688118
174784,0.0006076788611683438
174785,0.0005781761939217835
174786,0.005558994845557936
174787,0.0005348108898883598
174788,0.00541320588665968
174789,0.9475853364190776
174790,0.0004355057170180301
174791,0.0008453708791006943
174792,0.00027188215838797004
174793,0.00020420831140019393
174794,0.00023036048819968043
174795,0.001798772105920982
174796,0.991802654570297
174797,0.00016145750400059023
174798,0.00016451924484517196
174799,0.0005651879250043101
174800,0.0025414177598050754
174801,0.0006574448311270198
174802,0.0005118199995014994
174803,0.0010334671370228216
174804,0.00016710777460517213
174805,0.003218396898138865
174806,0.2331515299838695
174807,0.00031549151727440483
174808,0.9946998948088395
174809,0.0025788274554985053
174810,0.0019959959110178865
174811,0.012709925944341635
174812,0.0015289785506905178
174813,0.012733110967551508
174814,0.0006105904572856761
174815,0.9948001043306737
174816,0.003592975700969067
174817,0.0014514541123695458
174818,0.020323505830170348
174819,0.004973680979249505
174820,0.003326616191793759
174821,0.0013719062482179694
174822,0.0006043119310208874
174823,0.00011997314197559221
174824,0.00027618734113252
174825,0.00014680272793462582
174826,0.0004662545068398187
174827,0.42528054304029606
174828,0.00014464945083886906
174829,0.0005758661256106144
174830,0.0005479480807634736
174831,0.9835533452093358
174832,0.0003263658148535836
174833,0.00048050377380724773
174834,0.006621437821896584
174835,0.9780204709352414
174836,0.0010444477627901052
174837,0.0003169477662186467
174838,0.001893971580056201
174839,0.006568472518564824
174840,0.0003259765531110024
174841,0.010805000221288243
174842,0.00012452682234213747
174843,0.0028290207707699563
174844,0.0004547789088159548
174845,0.14005196635850573
174846,0.0005505316668476303
174847,0.0003733661482759165
174848,0.1786843199493961
174849,0.0013871200762725295
174850,0.995037838209539
174851,0.0006758909695434267
174852,0.8482812702100658
174853,0.0008996189077634564
174854,0.0002993554680010784
174855,0.00022151681565205902
174856,0.0016155301463533643
174857,0.0004147447110018351
174858,0.0002934526770487254
174859,0.00020943866461342915
174860,0.020011943248152825
174861,0.1727101080575661
174862,0.044324243466471014
174863,0.07784016823805937
174864,0.002284453418847792
174865,0.0002497613116497487
174866,0.014844756341586393
174867,0.0005265711658959181
174868,0.001005313884214502
174869,0.0003006636826044435
174870,0.00039302820974241806
174871,0.014022081362809018
174872,0.0004707887421971413
174873,0.00469481160355148
174874,0.0004294375140161275
174875,0.00017558029073945266
174876,0.0011217617449156515
174877,0.00012224690341264844
174878,0.0008087003112542089
174879,0.000929096483349842
174880,0.01244212490653295
174881,0.0050068936571792165
174882,0.0009037241663862912
174883,0.00033150635036553364
174884,0.0010227153020413242
174885,0.015696763634660237
174886,0.0003455120180610768
174887,0.003670072152363291
174888,0.0034795374740353635
174889,0.00043275116220898414
174890,0.9788096994516517
174891,0.03382405267763598
174892,0.0004197735722312398
174893,0.0001770013395925569
174894,0.01419933035121363
174895,0.01699935761736387
174896,0.00569197803586759
174897,0.008330238749329874
174898,0.00016909439185864913
174899,0.00162710885644703
174900,0.2576025819380671
174901,0.0006255373633185251
174902,0.0005192829842843133
174903,0.00015949806836070712
174904,0.000532544846436651
174905,0.0012133599575934431
174906,0.00125809303100993
174907,0.005848550105143395
174908,0.0013944320729685931
174909,0.0016699539118993907
174910,0.0002458142140078165
174911,0.00013947172473673485
174912,0.0005921286258115466
174913,0.0029277235375268556
174914,0.0002549224610698045
174915,0.010318720281149177
174916,0.00035686763336602724
174917,0.0003350172812220723
174918,0.00050481945498263
174919,0.018020486628086294
174920,0.0008070153602801691
174921,0.00016881553348070035
174922,0.00032343167928368925
174923,0.00019811724884973497
174924,0.0005058807118799153
174925,0.0010995988439010983
174926,0.00029282085764795456
174927,0.00034253819267108414
174928,0.000301702160873711
174929,0.00012260606831938374
174930,0.0001045303542788918
174931,0.00030912936519465756
174932,0.006326359955309095
174933,0.00019548999376025
174934,0.9865356832497424
174935,0.0006022191632506199
174936,0.09103401540185045
174937,0.0007047073586029758
174938,0.005255256014388139
174939,0.005202302675134393
174940,0.0006284787742647009
174941,0.0019900687520778846
174942,0.0001800335432129603
174943,0.007336414549694652
174944,0.01496523322533531
174945,0.030752579536260125
174946,0.029634033794889297
174947,0.004456861083196277
174948,0.004780270477952184
174949,0.0019858188368319725
174950,0.00030314712719037605
174951,0.645052712701943
174952,0.005689714896742847
174953,0.0004699391029896059
174954,0.033937798990340565
174955,0.0005974488177929779
174956,0.0006951279748322958
174957,0.002376826119564012
174958,0.0014347026632699073
174959,0.0036205128191464293
174960,0.00039459574293351443
174961,0.00022110147597297235
174962,0.00015139528376925397
174963,0.0004957239693571318
174964,0.9795269842607628
174965,0.017353437584157336
174966,0.00018910726313055038
174967,0.01581690014988529
174968,0.01692933371511228
174969,0.9407683783027796
174970,0.0004140201632094901
174971,0.990804903238088
174972,0.0002677608155880995
174973,0.0011450677605752803
174974,0.0009540531512740593
174975,0.026525141598298912
174976,0.000882025102157005
174977,0.00029030079723554365
174978,0.05457688355303803
174979,0.0003033950137031915
174980,0.002804301133800665
174981,0.0002376392088873439
174982,0.006870715383914795
174983,0.0004315421746815571
174984,0.0009369661851005747
174985,0.002755314627878468
174986,0.0003080217239754728
174987,0.013598701351910363
174988,0.006512426855504975
174989,0.0013608550951713086
174990,0.04382000538312472
174991,0.9947966159865426
174992,0.9862669235046945
174993,0.07322619665491222
174994,0.0004539588850778009
174995,0.0024981743367759337
174996,0.0008901256049741752
174997,0.012596819527070634
174998,0.6880970079019072
174999,0.0037653862954849003
175000,0.0006382106395553358
175001,0.02224891702575483
175002,0.00022866992484752157
175003,0.00020617599706339104
175004,0.00034230735487466386
175005,0.0006610282907593453
175006,0.002871774364461311
175007,0.000155867368063381
175008,0.0005724801131699917
175009,0.5412542068684432
175010,0.0006415747650243478
175011,0.00012306706011723975
175012,0.00029680477053954467
175013,0.0028412351549544357
175014,0.0001240097025634059
175015,0.0017193222987193682
175016,0.9942327637601158
175017,0.0003441245722121971
175018,0.001214839122405583
175019,0.0004014096055045075
175020,0.00839872090114959
175021,0.01690497093103423
175022,0.0022049710267525603
175023,0.010853531983395137
175024,0.00023764974545337938
175025,0.4521809543531557
175026,0.0014600959064773635
175027,0.0006946675896975268
175028,0.0004484357891936262
175029,0.07958578586035703
175030,0.0015356886922798766
175031,0.004616541382503279
175032,0.0005633696838110923
175033,0.0004858670003587824
175034,0.00030118735952899063
175035,0.00023322689791328851
175036,0.0002611801165518016
175037,0.001147692419336266
175038,0.0005659613277630235
175039,0.0005799383122011689
175040,0.000742732900468585
175041,0.001630584848631061
175042,0.00019636436275930207
175043,0.007328946626515254
175044,0.002067482844331471
175045,0.0003011530027681151
175046,0.014602176788206684
175047,0.0008974864450099431
175048,0.006418385566356992
175049,0.00033098865038420856
175050,0.025176688397158146
175051,0.08352408019798332
175052,0.0008898371610084325
175053,0.0006204620156525992
175054,0.000530488025113118
175055,0.00032657563876509183
175056,0.001181680553670727
175057,0.0003053450876482106
175058,0.003086667476494267
175059,0.0005056445978989893
175060,0.002248383900263364
175061,0.00027565467583348457
175062,0.9754376069618189
175063,0.007756433141791464
175064,0.00012385479655189187
175065,0.005448938802264563
175066,0.0021886837813529796
175067,0.0007352067490871811
175068,0.9945169950851767
175069,0.002041367457216258
175070,0.042074995809430873
175071,0.0020003568526054264
175072,0.035739527817789836
175073,0.0006247899267501645
175074,0.00030099300797417156
175075,0.0007464015508864273
175076,0.0006816830726728959
175077,0.000447923358552536
175078,0.0022811057845786484
175079,0.7924274782755483
175080,0.00071156243067582
175081,0.00023304216031225111
175082,0.00017266716120409369
175083,0.0005774587349286168
175084,0.00020361907749085156
175085,0.0009682748486492901
175086,0.0032921824723811466
175087,0.7598953160488497
175088,0.9534571107947113
175089,0.010830809887544958
175090,0.0163311635317052
175091,0.0030188706553599814
175092,0.00039464644876518193
175093,0.0019045709974811766
175094,0.0016478743084475437
175095,0.0003151555073206596
175096,0.0003701405304252637
175097,0.015820684857005402
175098,0.007562014063078341
175099,0.0017556268986329273
175100,0.014326431911797215
175101,0.0011020563627826582
175102,0.0012167685753625376
175103,0.00030876710073839494
175104,0.0002581973810357787
175105,0.00017458100238543518
175106,0.19640537132436864
175107,0.02127591100784633
175108,8.697682351029251e-05
175109,0.9912742114686199
175110,0.0007158995434321907
175111,0.0004505717471412121
175112,0.0006113407739421274
175113,0.0003291408296133364
175114,0.002904559958476323
175115,0.0067706867815669645
175116,0.000124614801315589
175117,0.00022182538865628788
175118,0.0005080754875519831
175119,0.003192651663367268
175120,0.0012438817057466444
175121,0.0006806182253786933
175122,0.9714918020652522
175123,0.00043991490273382553
175124,0.00017429298923696374
175125,0.9922222915901299
175126,0.0011186808791500303
175127,0.00046512575298651417
175128,0.03249740040431488
175129,0.0009116289377375924
175130,0.0010014339407176968
175131,0.0017104798550335847
175132,0.0016343297828184755
175133,0.012910905229326471
175134,0.002901511758199354
175135,0.0002771433709237729
175136,0.7805102065477403
175137,0.005603900079190989
175138,0.4096902765571638
175139,0.0021778916064241097
175140,0.0036232792464820428
175141,0.0007112701985485198
175142,0.000207473840054277
175143,0.9969036817581517
175144,0.0030897844437629374
175145,0.00017388782014654227
175146,0.012022467161905859
175147,0.00013700821590173026
175148,0.0006162303858363047
175149,0.0012613573929948954
175150,0.000688769832191475
175151,0.0006616984155816253
175152,0.9927757048226923
175153,0.00038820438343915457
175154,0.0017352049758147386
175155,0.00039439448647160546
175156,0.003439839069763996
175157,0.002781325172055684
175158,0.00038349940649886363
175159,0.001003989284663018
175160,0.0012336765184150472
175161,0.0003280389031456409
175162,0.006040614110030294
175163,0.024779327639308884
175164,0.0004189251669630356
175165,0.015812060593392435
175166,0.030242193120044173
175167,0.0017034689970226139
175168,0.008114327902428303
175169,0.9838518277618636
175170,0.0007933236749915195
175171,0.000513324802199121
175172,0.0006479613895095908
175173,0.0003464510141648225
175174,0.001116883556691042
175175,0.02799908970195575
175176,0.9853412288036177
175177,0.0056979816186280285
175178,0.005999317327876671
175179,0.9851424159560234
175180,0.014572290134175981
175181,0.00039840194404197133
175182,0.0003449639284564941
175183,0.002051532047645637
175184,0.8311093506004827
175185,0.0046248077902762705
175186,0.9826283435430755
175187,0.001205344086284244
175188,0.000579477701331824
175189,0.004473947300505453
175190,0.0003880616702148252
175191,0.9947407729684838
175192,0.002213256978149166
175193,0.006364234263676673
175194,0.0004034011513549541
175195,0.007819712186745622
175196,0.7952859819957918
175197,0.004246708272060099
175198,0.00042414927186905236
175199,0.0007721762543652403
175200,0.022667325982634802
175201,0.0014612095974961597
175202,0.0030688420285078523
175203,0.5620716376078589
175204,0.007826051958964698
175205,0.0023982645034505623
175206,0.0002975874798837556
175207,0.0006827881130607812
175208,0.0003206317342128064
175209,0.0007796741189207044
175210,0.0013641782523435106
175211,0.013629847351612979
175212,0.0005780757088875568
175213,0.02121209404497429
175214,0.0005552330478508529
175215,0.17218884784401917
175216,0.008029499540053501
175217,0.9867013067002978
175218,0.0024466600394400656
175219,0.00017257239426753354
175220,0.009872814596179632
175221,0.0003163980500587275
175222,0.00030588703494484397
175223,0.002207971712337276
175224,0.0010429720343838632
175225,0.07733784728028925
175226,0.0009834226416176846
175227,0.0015978871489305507
175228,0.006054842605985071
175229,0.0001976855020224298
175230,0.024949180673580318
175231,0.9958469755281755
175232,0.00041024481701001215
175233,0.002805501703747824
175234,0.000283325044105136
175235,0.002427248928454267
175236,0.005102255707587055
175237,0.00015739621720718992
175238,0.008177753536377322
175239,0.0002233101355892741
175240,0.39697088430769467
175241,0.02282578369093531
175242,0.0006332135095136225
175243,0.025814813010071807
175244,0.005291402603805961
175245,0.6512227418933313
175246,0.00020121486188327088
175247,0.000968553651075367
175248,0.0006324498459499774
175249,0.0002832098644753218
175250,0.0003229686785197655
175251,0.0017046436088444528
175252,0.0017165532252200156
175253,0.00471613999232936
175254,0.00041732433532975653
175255,0.9942924276159338
175256,0.9893419606129524
175257,0.02440229492305963
175258,0.00011361317214406014
175259,0.0022826830050363717
175260,0.00021777244032214035
175261,0.00023149596174526182
175262,0.005032066689061873
175263,0.012504718127053682
175264,0.0026090618292593155
175265,0.051302183352910896
175266,0.07047069442968529
175267,0.9935786151853668
175268,0.0009209210512541636
175269,0.0013699716969771199
175270,0.0001562284463974389
175271,0.03219811598991252
175272,0.00024578762668167186
175273,0.017849399479641512
175274,0.0004914570481397701
175275,0.00038160860300419933
175276,0.23667940612625973
175277,0.00034967045020260903
175278,0.001265007456301227
175279,0.00112838633341279
175280,0.006655164256338501
175281,0.003371906861730406
175282,0.00016696799189046656
175283,0.00015139512939976783
175284,0.9429163733490382
175285,0.0013842925929348768
175286,0.00013271811663808804
175287,0.000996485656309584
175288,0.00030175700756356397
175289,0.0002204745239485761
175290,0.004299567657266337
175291,0.022970822028848276
175292,0.0004801122282267597
175293,0.00021323168065602615
175294,0.0009689977196835016
175295,0.07086227229786296
175296,0.06428467068583063
175297,0.0008265843985807354
175298,0.0003675332787377867
175299,0.9926500656926143
175300,0.002246476500620065
175301,0.005880318971408472
175302,0.0014646595462139648
175303,0.0003376163330856488
175304,0.0002883739109353485
175305,0.0036719973525536284
175306,0.00021248149773875629
175307,0.005948568548945244
175308,0.0005515107245799407
175309,0.011290739752259632
175310,0.00019150841665605185
175311,0.01226879338063923
175312,0.022090608470364956
175313,0.0002619854149476987
175314,0.0001696035998252472
175315,0.04170904129499631
175316,0.0019367293224605358
175317,0.0016968289937582528
175318,0.0001863737838952581
175319,0.0008215360029888562
175320,0.0006888785663584817
175321,0.0017536564359195564
175322,0.000434648825958148
175323,0.3443418035200918
175324,0.001091674021170435
175325,0.00025606474181988316
175326,0.00024293700440651352
175327,0.9831730259427879
175328,0.00825059249653088
175329,0.003687055910137229
175330,0.001037374900600471
175331,0.0009577613000323516
175332,0.00040782895220183756
175333,0.9923518266903992
175334,0.000856485530334048
175335,0.9779334651505278
175336,0.0002592496981721168
175337,0.01062776321355204
175338,0.0004548486043167247
175339,0.0019230468954022518
175340,0.22276665211097
175341,0.0011790001465466814
175342,0.0017570257118912143
175343,0.0015708430500431865
175344,0.00014753781097803198
175345,0.0003845723054344191
175346,0.0005479515921225831
175347,0.0001849562076831419
175348,0.020866731117106862
175349,0.00038771357257372523
175350,0.2279227257005912
175351,0.0010922923133768203
175352,0.0013441133086239093
175353,0.00410276887342841
175354,0.991241790963049
175355,0.00039099444503416754
175356,0.0009530570985461693
175357,0.00031087817966244546
175358,0.0029375485360864043
175359,0.0005817787982805595
175360,0.0032030595252982587
175361,0.009664544872002715
175362,0.013253496432137227
175363,0.00023937909419420982
175364,0.008339477291915549
175365,0.026211730455694172
175366,0.00032259699356605037
175367,0.0002168032007622553
175368,0.00027100865421983644
175369,0.0001704594090002427
175370,0.0005633928733952104
175371,0.023121688337822976
175372,0.00034934437667240135
175373,0.0010875536274715003
175374,0.0010586987812697133
175375,0.007065180588383606
175376,0.02826277055135206
175377,0.0006241272786715116
175378,0.05354276028722511
175379,0.12686672731670207
175380,0.0002513704181345874
175381,0.0002647755761097522
175382,0.00882277091499968
175383,0.0007448971462495017
175384,0.00034646021546537995
175385,0.0055057744732771
175386,0.0016882141014747344
175387,0.0003047923293098898
175388,0.0002189219054327926
175389,0.0007422244262450414
175390,0.0006510464663389907
175391,0.0010529638600420045
175392,0.9868263396128971
175393,0.6211499630238279
175394,0.002052044599557391
175395,0.000885030339712635
175396,0.0016247985389192029
175397,0.0004324210588710386
175398,0.0013775488255665163
175399,0.0012046049609334304
175400,0.00024243522438847305
175401,0.00019202101418340395
175402,0.0006826585255228808
175403,0.0017766090552648332
175404,0.00021557018259557662
175405,0.001699185162980775
175406,0.01996141927508775
175407,0.0007305333842921723
175408,0.003146368055758938
175409,0.0012053793513857112
175410,0.0005962219086942736
175411,0.001820466221842205
175412,0.003076572135920066
175413,0.00023644776119706722
175414,0.0029533842654873204
175415,0.00021050663310849204
175416,0.6552332549918467
175417,0.0004183898404679924
175418,0.00664331442327041
175419,0.010846194907892046
175420,0.0005925581060138198
175421,0.00047594003819549397
175422,0.000523182027754251
175423,0.00023831677455078167
175424,0.02081108952279804
175425,0.9915036769357235
175426,0.0023848700519141703
175427,0.0038136213371932947
175428,0.00047333260962002615
175429,0.0004301949186056074
175430,0.0009000097439020422
175431,0.0003459115125471699
175432,0.00039357636353439906
175433,0.00041439112021152613
175434,0.018598608430774155
175435,0.00026841837862603003
175436,0.011056840983770697
175437,0.0004840221086144415
175438,0.0005119185012001847
175439,0.0018211179209292267
175440,0.0003062119590038722
175441,0.0009980240943519658
175442,0.0012508463013177118
175443,0.0001744685830009941
175444,0.0006566025235905694
175445,0.01753920240611505
175446,0.0009817512575762963
175447,0.0006869336562656079
175448,0.006049188227579111
175449,0.9946202620578547
175450,0.0002913058920847662
175451,0.020670959647434466
175452,0.03156148366991043
175453,0.9796057384622208
175454,0.02759609605363965
175455,0.001086106429281812
175456,0.0007342367989492381
175457,0.03956867679203677
175458,0.0021323169534652867
175459,0.9880858211486866
175460,0.00018142961672694375
175461,0.9828899344981957
175462,0.0004213031676377292
175463,0.9711063929635564
175464,0.0009955094555793016
175465,0.014960278360009007
175466,0.00021587586388317894
175467,0.5411805310210867
175468,0.002708331128233139
175469,0.0003071763254741485
175470,0.001570924993205948
175471,0.001796714039158258
175472,0.04879258007036942
175473,0.9516256017113157
175474,0.0005313792624203595
175475,0.006658458180360226
175476,0.00043441005829253197
175477,0.011202852693741598
175478,0.0017271924483554864
175479,9.524626060620727e-05
175480,0.0018472698332513142
175481,0.0009309203772076857
175482,0.006021705863534182
175483,0.041779637436793464
175484,0.0001249021335198386
175485,0.000294893499437441
175486,0.0002679818241214351
175487,0.008939643164751923
175488,0.0006050497510725575
175489,0.0008268164095930585
175490,0.000700679435445232
175491,0.0019266618019695388
175492,0.0001728518200657798
175493,0.0001673694611850561
175494,0.026790764226228485
175495,0.001057169232476716
175496,0.0008457568787996081
175497,0.0021896153866109457
175498,0.006936201475164514
175499,0.0003031868278515175
175500,0.042727365072748276
175501,0.984632369102137
175502,0.00024432680372381315
175503,0.012509159464062745
175504,0.0009329458703966989
175505,0.0020117943894951687
175506,0.014500999188860383
175507,0.015215852948361197
175508,0.0010359009386013492
175509,0.0007056496922520127
175510,0.00012982278899349467
175511,0.0007102051469692952
175512,0.10661886937101388
175513,0.004730858983736233
175514,0.00041601860507470067
175515,0.0002177893969746657
175516,0.028595506406626666
175517,0.004249692719157966
175518,0.0003563181474841113
175519,0.9459207758186452
175520,0.0019518345495960331
175521,0.003928058291051979
175522,0.0050459948848775174
175523,0.0038135280034754
175524,0.009986007111799765
175525,0.0008818078989917863
175526,0.0011967564950182855
175527,0.0026381670014889503
175528,0.005774670567102435
175529,0.0018727774057890822
175530,0.0011306054229804044
175531,0.00032249894012757665
175532,0.002944563373225547
175533,0.01607166364672506
175534,0.0006191370626175586
175535,0.10791516374384308
175536,0.0033442540514301814
175537,0.004996202135126021
175538,0.00048459268146423964
175539,0.0006788231252213324
175540,0.01750309373077649
175541,0.0006532668687874519
175542,0.9409301931014785
175543,0.0008447203310358191
175544,0.0006479837897677465
175545,0.0004488426933586397
175546,0.00046788038073380977
175547,0.0007939906067787646
175548,0.0002959071043262605
175549,0.001069399140961679
175550,0.007908830073670376
175551,0.0009186456789946115
175552,0.0003402830542963567
175553,0.15056070828310916
175554,0.9954073761863251
175555,0.00043789265087091375
175556,0.00163916701011867
175557,0.00024812478163881174
175558,0.002008394210389757
175559,0.0006156646716138973
175560,0.0005150020673914353
175561,0.000362660460903767
175562,0.0005351397780006359
175563,0.0010760578590064882
175564,0.0005922880175377531
175565,0.6319715226297654
175566,0.0007718359445845914
175567,0.0002452379817265494
175568,0.0005621080157880294
175569,0.0003176648505028168
175570,0.000456171971210156
175571,0.009729719601263705
175572,0.0008438553872529192
175573,0.00034671556819111524
175574,0.009036255547804198
175575,0.00029259370030623803
175576,0.0007288622887495779
175577,0.009497190692247899
175578,0.9930779654583785
175579,0.0048480462658879
175580,0.00013772355281003733
175581,0.0021585399054448637
175582,0.08913243764389836
175583,0.987211717379938
175584,0.0005995219240870211
175585,0.0008244741157424041
175586,0.025261098634484065
175587,0.002025083055274237
175588,0.00022222873394551524
175589,0.0004433378152469919
175590,0.0006012717169262603
175591,0.002007396581219694
175592,0.002937753167038578
175593,0.0005033412762541243
175594,0.006192793050461306
175595,0.0013455387898522802
175596,0.9949050290872306
175597,0.0028321111026007686
175598,0.9946921793015909
175599,0.00020640136078536157
175600,0.0007947924527235514
175601,0.00033369462989841245
175602,0.009871849201871858
175603,0.00018353129136643612
175604,0.00027189413685353643
175605,0.0008029294006766107
175606,0.0006004300046995135
175607,0.0019270805914465663
175608,0.0011140344851215034
175609,0.0015906241564204642
175610,0.007742519247893845
175611,0.00023961710316974826
175612,0.00046231876484922603
175613,0.000251039995438383
175614,0.00026463433891339244
175615,0.0011416438004572997
175616,0.0005881047854183198
175617,0.00047470243878971634
175618,0.09658627854292211
175619,0.0009249628637588768
175620,0.0005516273475901013
175621,0.00028570765301447426
175622,0.0014803530640468171
175623,0.997577427874244
175624,0.0004084610110645279
175625,0.0011399111177187455
175626,0.0012718935544357532
175627,0.9947230561011324
175628,0.00015123085612298658
175629,0.015009510466675091
175630,0.13052903667303842
175631,0.0005613918685924165
175632,0.0009762119587286059
175633,0.004310983856039487
175634,0.0013690481233681483
175635,0.031146438501586274
175636,0.2087821391841361
175637,0.00048329808264132044
175638,0.0004509333486786289
175639,0.00035770561260405406
175640,0.0002302642007053923
175641,0.0016651992199747231
175642,0.0007970145644008891
175643,0.0005663620633723056
175644,0.0023124386533136926
175645,0.0005738273700308457
175646,0.0007158193647206393
175647,0.00017654434883333545
175648,0.049322732439582045
175649,0.06968091841596329
175650,0.995523984107334
175651,0.0004023507681793029
175652,0.0030534212555236805
175653,0.007144801031345576
175654,0.00027277544188229383
175655,0.003383446137183695
175656,0.0007963915611649448
175657,0.00017160960057609713
175658,0.00112586661902384
175659,0.8824499755306213
175660,0.011834710087664194
175661,0.013300617013217615
175662,0.001745487460171332
175663,0.0007690956084492731
175664,0.0017577918539131599
175665,0.9940897033933458
175666,0.0001395589876413655
175667,0.0006083665748129176
175668,0.001308998718382886
175669,0.0011198073902894989
175670,0.0006403591325468227
175671,0.007670584844887528
175672,0.001558168125365656
175673,0.0002605018267379488
175674,0.005217407872066548
175675,0.0007626815691167394
175676,0.0004391817316831166
175677,0.0006823395134746319
175678,0.00030854502078634874
175679,0.00625248149445812
175680,0.00045742548156342555
175681,0.0003733649238129424
175682,0.000676178067714181
175683,0.02002248900596623
175684,0.00017527732146796338
175685,0.002046810065278755
175686,0.12364291818727463
175687,0.0010591392533463714
175688,0.0003424357435043555
175689,0.005480703373746673
175690,0.00025109434667607147
175691,0.0012693237842722625
175692,0.000746176453391613
175693,0.013667966562160043
175694,0.00019039501865435985
175695,0.0003189508192168998
175696,0.000183046529410914
175697,0.0004898955324566803
175698,0.00021597068334666341
175699,0.0008197273895849928
175700,0.0004346430707442578
175701,0.0003019760577682648
175702,0.0005064532747722731
175703,0.031252575604466364
175704,0.0004090287359771632
175705,0.9750592711521372
175706,0.004645384064497783
175707,0.002682448689785612
175708,0.0017358321350966234
175709,0.0004317593717558587
175710,0.000963079065368591
175711,0.07946375132724252
175712,0.8155837353524629
175713,0.0004594376900424059
175714,0.00024306229860274363
175715,0.001019465172319286
175716,0.0003516740620188882
175717,0.2296453301872463
175718,0.9949679011303464
175719,0.010716597474387256
175720,0.9907248573322152
175721,0.0002535152588229617
175722,0.9934833858390678
175723,0.0011693483094090762
175724,0.0015303835493229204
175725,0.0003083960578057424
175726,0.0007685248383100819
175727,0.00032699569423702655
175728,0.0018225692712262166
175729,0.0997702986999075
175730,0.1357026707650893
175731,0.000341697439684098
175732,0.00016054440836194258
175733,0.9946589645506262
175734,0.0002565362375856734
175735,0.046120880455575934
175736,0.00014564446738097824
175737,0.0007359522446015503
175738,0.9970937235559283
175739,0.017869984669158623
175740,0.0008706528672167484
175741,0.00040907711701093104
175742,0.000917510636334399
175743,0.00038147227651927714
175744,0.00039217786815189733
175745,0.003520787477772764
175746,0.00029322213463125546
175747,0.0001893217810300265
175748,0.0022588701564309204
175749,0.0035305740482621697
175750,0.00016402119482824404
175751,0.0004500413328822378
175752,0.009148131450198972
175753,0.0002974195385227444
175754,0.03374624552822423
175755,0.0006443202320674979
175756,0.01635109776518702
175757,0.0014654588718991694
175758,0.00023733072484108598
175759,0.9823763360442064
175760,0.0024442450860126274
175761,0.0002809344629931119
175762,0.001975391307212421
175763,0.0037251255865986908
175764,0.0005852580240085435
175765,0.0008354126003999319
175766,0.001198879313478518
175767,0.0027986416561908466
175768,0.0002072496935455358
175769,0.007756522053626171
175770,0.00025917791707399235
175771,0.0238025793985602
175772,0.01687002366940023
175773,0.984455344602923
175774,0.0015484484609646582
175775,0.9874465561150485
175776,0.0004100140856801894
175777,0.0007266900755682578
175778,0.9947584214786149
175779,0.0004616542351361244
175780,0.00034669291667376034
175781,0.0043535195354558335
175782,0.0007448206085880875
175783,0.0004349438221411071
175784,0.9817927043521295
175785,0.0005808933214732643
175786,0.00033174768973477057
175787,0.030408354648689566
175788,0.056889076129997246
175789,0.0005972789902439894
175790,0.010769608194304099
175791,0.004726466502582932
175792,0.0002696267898843751
175793,0.009514223676623244
175794,0.0006926172255844593
175795,0.0013775075952687451
175796,0.0010728954920197408
175797,0.07191967988860976
175798,0.0006782753332485285
175799,0.0035065337799591433
175800,0.979071775456774
175801,0.00021541448502749306
175802,0.000670359527162262
175803,0.0022108196693855506
175804,0.0004663796209510187
175805,0.011017704815561746
175806,0.676266924847026
175807,0.001608820484993596
175808,0.0013939251837924876
175809,0.4116209658705728
175810,0.00014298157122456546
175811,0.009311168643937117
175812,0.0005461457411230646
175813,0.00010273875979897556
175814,0.0008716182323946814
175815,0.0008116355550266548
175816,0.9926697977498463
175817,0.9953287417731926
175818,0.001564501377336382
175819,0.00024379267350541637
175820,0.00026972170495255385
175821,0.0005536837463903315
175822,0.0003590251678557747
175823,0.00020984055480299379
175824,0.0006159222461416586
175825,0.05577256129735599
175826,0.0009233354947175138
175827,0.0010191371936977185
175828,0.0035912601874720654
175829,0.0020855273925809376
175830,0.000511988792111881
175831,0.01281487155239667
175832,0.00024740211005765497
175833,0.00033085080261940317
175834,0.9929879918653599
175835,0.00023179438094770606
175836,0.0018131533899532109
175837,0.00045743354861952723
175838,0.0013927870188554015
175839,0.0001899745994072623
175840,0.9543025558652528
175841,0.004627754774948671
175842,0.0005178302197705581
175843,0.9820913180649988
175844,0.0004183742694776383
175845,0.00031588282849188027
175846,0.9634798381300516
175847,0.00032531924349470657
175848,0.00016827769517011515
175849,0.00034226571897947705
175850,0.0001864748150123289
175851,0.04480558551442256
175852,0.33072307376997706
175853,0.9960216499094334
175854,0.0007290869777874469
175855,0.0007601855739322264
175856,0.0011502450228646401
175857,0.9882770751485044
175858,0.2405444652117406
175859,0.0009245637443294057
175860,0.01662517057197831
175861,0.001261300246915708
175862,0.03031392977074679
175863,0.0008074737067129701
175864,0.0003190220422748008
175865,0.01808948248537722
175866,0.0005388658620757914
175867,0.0002435162211882998
175868,0.003982412154941474
175869,0.0006771846935912907
175870,0.0019457835365628577
175871,0.00031589655706999525
175872,0.0009046611402591669
175873,0.10519418672750001
175874,0.005157283500948796
175875,0.014984610881337011
175876,0.0014245259718115605
175877,0.000835912774676994
175878,0.0005492145901330558
175879,0.0003416413134009956
175880,0.004549670620619299
175881,0.00027156357627259583
175882,0.000660081235907369
175883,0.0007945280557164847
175884,0.0021953353244548585
175885,0.008112020897331805
175886,0.0006911133653572524
175887,0.0015160913497120796
175888,0.0016739187342258194
175889,0.007156994934113549
175890,0.006977159622547235
175891,0.00020803206405258133
175892,0.9911815308322186
175893,0.00027665879429212686
175894,0.025684147401128735
175895,0.0004814075230564422
175896,0.00027297622632374205
175897,0.00017373434823732606
175898,0.5972664106060538
175899,0.0004424232357160315
175900,0.007992100252634318
175901,0.004945073369396177
175902,0.00466897536334534
175903,0.004341553155517223
175904,0.003486017159423351
175905,0.00026733881905897786
175906,0.002822208437711834
175907,0.0209198264647361
175908,0.0021356478096230614
175909,0.9934825377334874
175910,0.005806707302529059
175911,0.021608035747355668
175912,0.0004940262119892347
175913,0.0009358607465264397
175914,0.0002899877845977729
175915,0.0037635906885625315
175916,0.0066186300414745125
175917,0.004598898649936638
175918,0.0007532892306505611
175919,0.7255815263874019
175920,0.0009691224920983525
175921,0.00026361233475391115
175922,0.0006141081453891802
175923,0.04390599020954169
175924,0.0015634934046130395
175925,0.00022192380534080737
175926,0.0006727792789300414
175927,0.00044988772918854846
175928,0.000702983418942893
175929,0.0013319123620871628
175930,0.00043587048176222764
175931,0.0003496130123802589
175932,0.00021493594274806462
175933,0.0007074916479423097
175934,0.0017799802801862904
175935,0.004005932931146102
175936,0.0004164807551460668
175937,0.00029571686980882096
175938,0.0003740017454539193
175939,0.0009809507934835108
175940,0.0001926412714063148
175941,0.00024225736921103282
175942,0.00018301372358026178
175943,0.0001461915233466292
175944,0.001296589916051405
175945,0.0004178132937083724
175946,0.0016092820315783635
175947,0.9895877223459376
175948,0.00017387071672202918
175949,0.015933775754914673
175950,0.00018384431169080742
175951,0.9947928539971492
175952,0.00032831691327506125
175953,0.029622261094721308
175954,0.003296728810708353
175955,0.0014616020013930961
175956,9.33007930693245e-05
175957,0.8212736468655077
175958,0.09048065697345199
175959,0.0003380863069061377
175960,0.0006011183462970469
175961,0.05301879062347977
175962,0.0006723951706797327
175963,0.0003235536121254443
175964,0.9870487330164208
175965,0.003859890539280735
175966,0.0003650041224205425
175967,0.00021458641543439265
175968,0.002323393065520799
175969,0.0006096347355622894
175970,0.0003575911222920262
175971,0.00040109373950893986
175972,0.0013266248459378233
175973,0.00014527115419638704
175974,0.9938314642599103
175975,0.0011842205079790158
175976,0.0015857925064904175
175977,0.0028381415727763283
175978,0.000805827296899853
175979,0.0004935275340758891
175980,0.00012557430269116617
175981,0.0008297427106274695
175982,0.0007837558128406153
175983,0.0007215663601538269
175984,0.0792162942591487
175985,0.0006316932966578815
175986,0.0005257064184454273
175987,0.8397465686409258
175988,0.0009413149508629035
175989,0.009021602463331111
175990,0.005908109872859678
175991,0.00030507825424897216
175992,0.007336633818660034
175993,0.00033644188002557627
175994,0.0003502513626525384
175995,0.001847859271033728
175996,0.01125109829827685
175997,0.02172180712493484
175998,0.0019089919728253611
175999,0.003988885902166594
176000,0.002739307279024776
176001,0.0003616563327562888
176002,0.9820923467049131
176003,0.9721608320094358
176004,0.0004888431602952162
176005,0.0001515032257007151
176006,0.00027794418491319697
176007,0.0004467241129764499
176008,0.9931257603325028
176009,0.003557832421945267
176010,0.0008880484870902937
176011,0.001095987958302162
176012,0.00022520793343952148
176013,0.02868615788159129
176014,0.0001150497503334388
176015,0.8546013762218324
176016,0.0005679719244369804
176017,0.0004042797545948419
176018,0.00014066964050660623
176019,0.00024469640646164047
176020,0.0006342262541611162
176021,0.0015456199631737404
176022,0.001757986065570286
176023,0.0036481935325258417
176024,0.010593050118521255
176025,0.0006762785451100052
176026,0.006142493446869445
176027,0.0025052111830397455
176028,0.0035816477722130534
176029,0.00012742175900202577
176030,0.0009699692645177102
176031,0.0015535893837067725
176032,0.0006118745127413562
176033,0.00043788237199621465
176034,0.0002815403686672202
176035,0.0008636030747152323
176036,0.0002374436408821248
176037,0.0003187250459292739
176038,0.9157798976025006
176039,0.00023394932711612713
176040,0.00019605198786414426
176041,0.01677555263515478
176042,0.9830978116193377
176043,0.00022316318933922075
176044,0.009048618305817411
176045,0.0033062950439366697
176046,0.0022015803855062795
176047,0.0003389062139436109
176048,0.0010642048644287868
176049,0.0014331380935495687
176050,0.0011156640271693327
176051,0.01701347813017712
176052,0.00014463384408261427
176053,0.000727677878090128
176054,0.0032105781159200396
176055,0.0023034445078857022
176056,0.0035933317828101964
176057,0.0006307943269183716
176058,0.001598967977798325
176059,0.000746595078767115
176060,0.00031499485353966476
176061,0.00431398641315332
176062,0.0006709301157427493
176063,0.0018412686461530315
176064,0.0018797208066969474
176065,0.0003778423718823523
176066,0.0037247326212901427
176067,0.0011900763834210208
176068,0.01160563023097358
176069,0.000262322027709513
176070,0.0005483214701150511
176071,0.0063783206795152946
176072,0.00013340565477250804
176073,0.00019326378101496266
176074,0.0004453044880762451
176075,0.0002621330706598328
176076,0.0005940918577166548
176077,0.0003094172871044443
176078,0.9774114332221141
176079,0.11238611434982619
176080,0.00021355326333825133
176081,0.005555688095011686
176082,0.0014939751378134636
176083,0.0011581629467938188
176084,0.002048483171435021
176085,0.00017973119753368998
176086,0.9944245157159357
176087,0.0004430688179957488
176088,0.0033749971139501525
176089,0.0003276551950381538
176090,0.3527002921437963
176091,0.09146804659356951
176092,0.002406916296137558
176093,0.00034884544557273525
176094,0.0004950102383451243
176095,0.00890402054984701
176096,0.0010280774361208927
176097,0.019603105376685002
176098,0.005450857493890656
176099,0.0015746788086113276
176100,0.00043640647318994
176101,0.0028387239480408767
176102,0.0005617454398682714
176103,7.800861913778571e-05
176104,0.00038036572506507126
176105,0.0004422221727834832
176106,0.010878546940650663
176107,0.0019664138041217616
176108,0.0006547402445748508
176109,0.00038817947140697693
176110,0.11342266119222559
176111,0.0006341749361576164
176112,0.007190492746854398
176113,0.010642070252258886
176114,0.004732967690480977
176115,0.02344279053164851
176116,0.004086215572959603
176117,0.0009407392833387531
176118,0.007792500137934317
176119,0.0014790290990258697
176120,0.00036472748729339137
176121,0.000233269683104041
176122,0.0032659227092707477
176123,0.0013964323853866475
176124,0.0006580621421435505
176125,0.00032000296197141003
176126,0.0009827287908997378
176127,0.00024917159478567337
176128,0.014534136548351886
176129,0.5207426144104652
176130,0.05146420364144983
176131,0.0008244726454459931
176132,0.000488914035247984
176133,0.00024249921628095346
176134,0.000396979604564169
176135,0.009594541116608905
176136,0.0037093254715554694
176137,0.0007969319759136698
176138,0.00027536705809463023
176139,0.0006704215589665717
176140,0.015104201965903587
176141,0.00015801726792955556
176142,0.988259336517823
176143,0.00028821978311042827
176144,0.000982699472149577
176145,0.00039316364920262496
176146,0.0015290889112472544
176147,0.005429540051927063
176148,0.0015028406298052256
176149,0.9923318772524851
176150,0.009645920273909345
176151,0.0003981801176771753
176152,0.00014429009611566975
176153,0.06608392297416019
176154,0.00860165166671983
176155,0.0033682716644714357
176156,0.0011000985438969282
176157,0.4076659508998582
176158,0.0011960379584944095
176159,0.06948204638898196
176160,0.0004246656652367993
176161,0.3009277759120954
176162,0.015036046540122666
176163,0.9857759585890821
176164,0.0006948185300263824
176165,0.0007217025315728504
176166,0.02139639312793319
176167,0.0001673939013600265
176168,0.9897926578566845
176169,0.0008405151647841351
176170,9.891946505068413e-05
176171,0.0002662847430629276
176172,0.0011774828165073967
176173,0.00041343668387017505
176174,0.0003362519059464304
176175,0.022495118281731244
176176,0.9807142027427971
176177,0.0006384715155937816
176178,0.0007059493849396742
176179,0.002095694684423597
176180,0.00029540269281999723
176181,0.015886991706152633
176182,0.0002838224815966762
176183,0.021364724490744367
176184,0.004301386350400126
176185,0.00047797533811978673
176186,0.0008281872348487047
176187,0.0008285745817938109
176188,0.0005499146673076659
176189,0.001034166503388492
176190,0.0011749308944723263
176191,0.0012088938953110171
176192,0.0006452785986353957
176193,0.025214565988859294
176194,0.0015321602659416579
176195,0.00021519918131932578
176196,0.0005849964705027302
176197,0.028795083244653755
176198,0.12168553107105694
176199,0.0014152750177956806
176200,0.0027268055825703593
176201,0.00038139177202805945
176202,0.0037506967465485656
176203,0.00019713260359074052
176204,0.029582194286473434
176205,0.000619183532157203
176206,0.00029406451292099666
176207,0.0007049059494007699
176208,0.001255663448832787
176209,0.9977403447798425
176210,0.9919557534929581
176211,0.00040473942598119036
176212,0.00023495952076081048
176213,0.0005835314537538939
176214,0.0006652021282335005
176215,0.001044949229097384
176216,0.00014434786302430498
176217,0.00036636972836914735
176218,0.0009658681217534883
176219,0.9930584362773732
176220,0.9099306730846927
176221,0.00028851606630106934
176222,0.0024796421868885847
176223,0.754962123359738
176224,0.002226394771064792
176225,0.00035078423101690605
176226,0.00034544712263316244
176227,0.0005040969807658915
176228,0.01874334846021076
176229,0.008017497479522323
176230,0.0029304951020833405
176231,0.1417516709488077
176232,0.032530206519591036
176233,0.0007873012601282566
176234,0.000968280865717579
176235,0.0019721191678537388
176236,0.8599474895898833
176237,0.22111410465861533
176238,0.0004897530565341807
176239,0.0001683203409446928
176240,0.0010748177036296433
176241,0.000997109305007857
176242,0.00041539015504290594
176243,0.00019078134286201003
176244,0.0005404262907980251
176245,0.0007741918122595666
176246,0.001201417385330463
176247,0.00047390772031088903
176248,0.000269171356615629
176249,0.0007057875344640063
176250,0.026759714194411713
176251,0.0016814940860831193
176252,0.0007691655475963984
176253,0.0013721296686140488
176254,0.0001580683431916534
176255,0.001031684833988553
176256,0.0018042165718451496
176257,0.0012264376648299887
176258,0.0009701584137579121
176259,0.0008032997872043147
176260,0.02329912878750003
176261,0.0038879485966197454
176262,0.0005696728193812586
176263,0.003586310087446771
176264,0.0003205591578278803
176265,0.0009834319857946964
176266,0.0004627991484230804
176267,0.0004501421316543955
176268,0.005222590342990882
176269,0.0013461714399397953
176270,0.0018484372107356497
176271,0.0017739577875416392
176272,0.0014455859632477922
176273,0.0031665585545189176
176274,0.0008706445689325675
176275,0.00043378755483560334
176276,0.0028314938916740727
176277,0.0002834243355151519
176278,0.0002313225147513605
176279,0.00020680160340942293
176280,0.00019003674257795175
176281,0.00021173913607151198
176282,0.0011807039909888962
176283,0.00031440271322686865
176284,0.0005431878330865363
176285,0.0006336749129506536
176286,0.0031958144826004496
176287,0.00031987762214494097
176288,0.6947655761538823
176289,0.9187035819226886
176290,0.0055838445271795024
176291,0.008602368332075006
176292,0.001842184613541106
176293,0.009385398757387154
176294,0.0003518349463540448
176295,0.16117079090891598
176296,0.00027989639014207687
176297,0.0008187703630581444
176298,0.0009541137667535859
176299,0.00036215237990514356
176300,0.00028522081055501193
176301,0.0012852482903492482
176302,0.0002647337961483833
176303,0.00047239454169412104
176304,0.00029332879569532336
176305,0.0007098556010678187
176306,0.00017870614540133338
176307,0.0001075409781751551
176308,0.0008369233199678069
176309,0.0007699644455161547
176310,0.9909715053719882
176311,0.0019390125855015324
176312,0.002754278580324407
176313,0.00052242336236951
176314,0.9280988186345139
176315,0.9327633759236668
176316,0.00023554158843314216
176317,0.00028249821445248453
176318,0.001131422875564306
176319,0.008994635765473527
176320,0.0007099943513827788
176321,0.03266037619869632
176322,0.0003200496830553109
176323,0.001205497732189696
176324,0.02161148894594245
176325,0.005469438462877236
176326,0.0004660337696586317
176327,0.00023264481408777555
176328,0.001290432982143104
176329,0.0995624980450259
176330,0.0009764798565120469
176331,0.0003463768506982296
176332,0.00035412635260608297
176333,0.002119757614881127
176334,0.056611955369073305
176335,0.0013458551838441493
176336,0.004511030679173461
176337,0.0011715357290011624
176338,0.00047079594869436334
176339,0.9913562962168653
176340,0.00021551665272919208
176341,0.0018643417141774347
176342,0.00033177160208735937
176343,0.0001077555719976812
176344,0.0005419623840344716
176345,0.0048367939420379145
176346,0.07064462474022001
176347,0.0003430273951516428
176348,0.09080529990026263
176349,0.9523151446765724
176350,0.003008941241327949
176351,0.0003045487207050682
176352,0.9953776782150366
176353,0.020050079225830873
176354,0.0004871245792709505
176355,0.0017263152445531002
176356,0.9947546344867453
176357,0.0004085945027018937
176358,0.0011221201161181586
176359,0.007567192471397388
176360,0.0005332308416927503
176361,0.0003990355652021296
176362,0.0006686157376210955
176363,0.0004376896270009904
176364,0.21638002284737923
176365,0.0002846765171860713
176366,0.021138126146289793
176367,0.003629655526440198
176368,0.016082233021886855
176369,0.0009703037440631012
176370,0.0004210328717186069
176371,0.0006187577120272298
176372,0.001051822108940209
176373,0.007916138944129129
176374,0.00048116379603720024
176375,0.0005284437605857803
176376,0.0019679078006528306
176377,0.00020497355863735985
176378,0.0020670969168711164
176379,0.0006919866421269366
176380,0.013207805702923426
176381,0.00020012811356950758
176382,0.0013645642529302702
176383,0.0008538882151233139
176384,0.008098592110189262
176385,0.11872984686874805
176386,0.008045034924476896
176387,0.000910844236402935
176388,0.0017752327939628014
176389,0.00041593975550247253
176390,0.00023720340742656198
176391,0.0003710287717784273
176392,0.007656577949009157
176393,0.0003150846218800198
176394,0.9816461143013397
176395,0.009289212893792137
176396,0.9918371488996582
176397,0.0007126126174692352
176398,0.03761763219530039
176399,0.00013714795119396548
176400,0.000516820729649104
176401,0.0007638001425594161
176402,0.0009157984213194699
176403,0.002543896419066885
176404,0.0007129753454006598
176405,0.01534873035085584
176406,0.004120616942969755
176407,0.0016909749804112843
176408,0.000960990519020538
176409,0.0005445817782639086
176410,0.002340208709810771
176411,0.0018415160939925757
176412,0.0007072713249329834
176413,0.013272786364435898
176414,0.9851735494104986
176415,0.00013731714165119574
176416,0.00013672650715746603
176417,0.0005894630740217785
176418,0.005730860853990041
176419,0.00039301697073973826
176420,0.9468410610729214
176421,0.0006575288807114156
176422,0.00028090365871524987
176423,0.0005484048396249701
176424,0.22837100299122562
176425,0.0005235095378089786
176426,0.00483237154457883
176427,0.0013085019208972893
176428,0.0005290019450037371
176429,0.00027534160258158426
176430,0.00028778653302409773
176431,0.000317435920425256
176432,0.00021933136377760945
176433,0.0005176063025577049
176434,0.9895240653300805
176435,0.00046921180083843894
176436,0.0009002644334544527
176437,0.0018021272592933697
176438,0.0002879589578870404
176439,0.0005152284342996506
176440,0.10835177639187116
176441,0.0006279934925608831
176442,0.026917874939068446
176443,0.0011255802652661363
176444,0.002021727234867717
176445,0.0009354773559415442
176446,0.011867503314307224
176447,0.00039918610888016204
176448,0.018103758130056796
176449,0.0022473568200173807
176450,0.000803125041536924
176451,0.0012298059606399778
176452,0.007099652257383704
176453,0.002481950133783797
176454,0.0003076674157647924
176455,0.0007378978162100975
176456,0.00045570698213323954
176457,0.0010986327931393983
176458,0.00031988790315210164
176459,0.00017782736875390852
176460,0.0013715612210099867
176461,0.0010769688519468629
176462,0.0006970218427567169
176463,0.0013597863344902042
176464,0.001144435535611769
176465,0.0027950420954528524
176466,0.0004270245742097879
176467,0.00038150768940941834
176468,0.0003657095332172126
176469,0.00043971228485414253
176470,0.9921836263291682
176471,0.0017170383133094276
176472,0.000614787481870447
176473,0.0007143327113809931
176474,0.002285944235055302
176475,0.004507351246950576
176476,0.0002689298756390884
176477,0.0006813480557098111
176478,0.0005986711792317531
176479,0.0007044079853428157
176480,0.00040786000743758116
176481,0.9916080124639696
176482,0.00043578036459028573
176483,0.00024939126124546787
176484,0.005817957420032494
176485,0.0021038548132404303
176486,0.005087326601520934
176487,0.0007098436626940523
176488,0.00028421901033428226
176489,0.0062856016102409915
176490,0.00028449438054517
176491,0.00022940122572241207
176492,0.0002662873374337259
176493,0.9191965373624498
176494,0.00022546854772375653
176495,0.08904039767495085
176496,0.0005261158201937028
176497,0.004928992116581232
176498,0.00028931089319609053
176499,0.0006524140273726873
176500,0.0002475081537266784
176501,0.0009402051339367213
176502,0.013200415183019813
176503,0.0019372368675311467
176504,0.0003304269178179077
176505,0.0007728785281724123
176506,0.9969030700804394
176507,0.9346220394543233
176508,0.00032421678878704984
176509,0.00017328834256724636
176510,0.0004147421307026799
176511,0.000800613090933609
176512,0.0003038274371283343
176513,0.0010226565628923755
176514,0.0002260190698291746
176515,0.002934379885174634
176516,0.0017382069200753308
176517,0.00034162988245710173
176518,0.9901721690790385
176519,0.0077049632451114715
176520,0.00019493042354805652
176521,0.9973964908085555
176522,0.005586902018754879
176523,0.00025057012197037215
176524,0.0006339055555094297
176525,0.0013865736164452268
176526,0.0007226950980279852
176527,0.005694507717307681
176528,0.0007999382940142253
176529,0.001134884840221611
176530,0.9748915969925955
176531,0.0007389005692856585
176532,0.001032054274716933
176533,0.16541712620981222
176534,0.002054519161773693
176535,0.00029765322017251194
176536,0.0004002180447275648
176537,0.0028097321444113467
176538,0.0006574038963139325
176539,0.0002671517369020336
176540,0.0006530172178965
176541,0.1088306111758252
176542,0.9885621366934136
176543,0.0005114636954851566
176544,0.00035603465411234315
176545,0.0006625379759514609
176546,0.0003041605980870971
176547,0.00043785862341824054
176548,0.0006575408370048428
176549,0.00027564128780267863
176550,0.0873655847293557
176551,0.00043691928800715976
176552,0.0002940131916947888
176553,0.00038582380986188435
176554,0.08419244069804882
176555,0.8733179895245149
176556,0.0010123311674432186
176557,0.000496135487012745
176558,0.990432369983306
176559,0.0002691036096695166
176560,0.010218579098052587
176561,0.0005283394611288835
176562,0.0023012680956027024
176563,0.9895095904466309
176564,0.009396638795027761
176565,0.00018274028758048203
176566,0.0003555928330902849
176567,0.04578849059851644
176568,0.0009133991334937153
176569,0.002333684003657835
176570,0.9810533810920412
176571,0.0002719116878588134
176572,0.0006043909733456802
176573,0.0008430675602391679
176574,0.0014417342921880293
176575,0.0005483937385921997
176576,0.000951583333554365
176577,0.0004169600258001224
176578,0.0005944848302350257
176579,0.00027495847954354306
176580,0.0002228184707232488
176581,0.0014803018627196631
176582,0.0003982425649072502
176583,0.0005624191455708853
176584,0.0012992336106333452
176585,0.000581058698254293
176586,0.0012767787483833274
176587,0.007176827885280081
176588,0.0004654293699122005
176589,0.0008670420829189375
176590,0.0006191193624384689
176591,0.010868992270291507
176592,0.0002534419475980356
176593,0.0027485885111469908
176594,0.0004833118273332808
176595,0.0006139369710355957
176596,0.03201200840483914
176597,0.0005478237582089644
176598,0.00033388802941464445
176599,0.0011655745190344278
176600,0.00023635441343885662
176601,0.000168662986881247
176602,0.08201317431351612
176603,0.00013444037745226142
176604,0.0026837393127172146
176605,0.0008869602215487692
176606,0.0014741454230956274
176607,0.006511395562021207
176608,0.0003909570446025364
176609,0.016209096957679907
176610,0.00024376798589984824
176611,0.9943591077475848
176612,0.0011749696885892192
176613,0.00023887818503921646
176614,0.9946676055680926
176615,0.004244302514253203
176616,0.00045398527981266914
176617,0.0006521313473185121
176618,0.0001868753322379635
176619,0.9886129183504522
176620,0.008712801896700168
176621,0.00046410355252929174
176622,0.013026539503869044
176623,0.024214888428187267
176624,0.0020549064107042094
176625,0.014527032053527546
176626,0.004074244674711521
176627,0.001116842211485005
176628,0.005469153470471409
176629,0.9864850631021744
176630,0.001355343013960456
176631,0.010217226336630586
176632,0.00021566914023910701
176633,0.002505202296246547
176634,0.0006341175221694141
176635,0.001096089448492829
176636,0.005333836799932461
176637,0.00045385012879241965
176638,0.018998640000846737
176639,0.007194245893523485
176640,0.0008435909729991908
176641,0.09025720790312687
176642,0.0015255654098470387
176643,0.00022792309636882784
176644,0.08865512965882344
176645,0.004514829137594619
176646,0.009286515796966056
176647,0.002079779067697601
176648,0.0012208352970136613
176649,0.9735015156067462
176650,0.9881323031271132
176651,0.00043113295096047555
176652,0.023549372317240545
176653,0.000481763435226811
176654,0.0002395002286208179
176655,0.48628195356298903
176656,0.004782030264943322
176657,0.00034504323863164234
176658,0.000695629016360276
176659,0.0005918148454226045
176660,0.029224283143349662
176661,0.01874716867897414
176662,0.0002934900170034357
176663,0.002936060330132385
176664,0.0010975660186537204
176665,0.0002500612446443086
176666,0.0006840313637075879
176667,0.0002520165050128402
176668,0.054261765714071035
176669,0.7512473577352692
176670,0.0021324470310692353
176671,0.0008506465481298392
176672,0.0002486572481515753
176673,0.00020219502313360653
176674,0.0005481002497598563
176675,0.0034766164348256543
176676,0.0187485461575493
176677,0.000272807086193517
176678,0.018197692677494496
176679,0.0006343549779708694
176680,0.0008930859639165552
176681,0.0012305708267456449
176682,0.007908286321966256
176683,0.018046086153103526
176684,0.013955763526100399
176685,0.00035472587733421896
176686,0.004604094003829686
176687,0.0012708218202007403
176688,0.0006955838958597597
176689,0.0026378943246668798
176690,0.0005833812622232663
176691,0.00221780730453904
176692,0.00048793458334421997
176693,0.014465093241989135
176694,0.00037645108576025814
176695,0.00023425117608544412
176696,0.001179216563094157
176697,0.984125963724111
176698,0.0006020741445965796
176699,0.002035844554601382
176700,0.027391863695410284
176701,0.005580930122300486
176702,0.08314099457158779
176703,0.0025871364460790403
176704,0.0032576891643035554
176705,0.016862219007814094
176706,0.0020635855604365875
176707,0.001215306280079981
176708,0.001085235792818329
176709,0.0006493917273160373
176710,0.00018175896763335505
176711,0.0003676381085816579
176712,0.001154847983248343
176713,0.0004827615001552615
176714,0.04246469272369231
176715,0.9904928960903032
176716,0.0005161566443931621
176717,0.9657739209355723
176718,0.00093920413309347
176719,0.0007419622810356663
176720,0.0005469147973423655
176721,0.6712338610133042
176722,0.004978290669042924
176723,0.002903604008573807
176724,0.2617491535719024
176725,0.9535921996493512
176726,0.00015213387152898636
176727,0.000593665831769787
176728,0.9189601130790055
176729,0.9921232634479065
176730,0.0007476712797157383
176731,0.056231984587657234
176732,0.00033489263647521443
176733,0.000513504702272148
176734,0.0009508655109282963
176735,0.025980404720126617
176736,0.028697093615997926
176737,0.000843097116197594
176738,0.0010009666044278657
176739,0.00013148725950035828
176740,0.00038497485993331987
176741,0.014297315363114984
176742,0.02459818112118406
176743,0.25880915442951
176744,0.0003478312340911287
176745,0.0004286825513035835
176746,0.34638753796182814
176747,0.00038419139748567863
176748,0.012278710646590769
176749,0.9859371656205032
176750,0.0011210077406508814
176751,0.015873104843291498
176752,0.0003413016353441294
176753,0.0018250674503788613
176754,0.001633114094304823
176755,0.00030228094133353297
176756,0.0005998697247488888
176757,0.0018395909533539757
176758,0.001069477385340337
176759,0.00037891626793399246
176760,0.002475953417385391
176761,0.0017694040107943145
176762,0.0014437694311925189
176763,0.0019358455486724144
176764,0.0017101087902976384
176765,0.0002349805820960639
176766,0.0008566526964618671
176767,0.030553250128807604
176768,0.0006329818944661766
176769,0.0007013939521795836
176770,0.0006495565723787557
176771,0.00022464127460879383
176772,0.001328102792922854
176773,0.00023686371480950773
176774,0.0017898238866956666
176775,0.0004805444332355337
176776,0.0015452253834655418
176777,0.00195512659215031
176778,0.0003170798824236614
176779,0.0009880830394215525
176780,0.0002183607197361574
176781,0.0011801156191188836
176782,0.0009480864999920564
176783,0.0007370898174037711
176784,0.0017335664556897314
176785,0.9924252747115953
176786,0.001280269858295584
176787,0.0005156518796889025
176788,0.001879362735700608
176789,0.0123693028436603
176790,0.006301585493023275
176791,0.0003922080682261113
176792,0.002770371570379952
176793,0.0014049843249190213
176794,0.0003166886919511378
176795,0.9916041600641379
176796,0.024533903524851127
176797,0.0016612644995798525
176798,0.00013286769551244145
176799,0.0005695299988227379
176800,0.000989047352988122
176801,0.0008160847025179904
176802,0.0002693529139167746
176803,0.00048818709328839443
176804,0.00028150192494418995
176805,0.003182583911159653
176806,0.00020878704025710607
176807,0.0003934748984213883
176808,0.0006936145888475104
176809,0.0008235350482422033
176810,0.0016725196855471277
176811,0.005093739316703458
176812,0.3502376252540548
176813,0.0004018046260365743
176814,0.0003703786739604683
176815,0.2805935963947865
176816,0.0051136079592466665
176817,0.001334620012828532
176818,0.0001960919334469459
176819,0.0011782306877032654
176820,0.99590226047204
176821,0.0002666574976795129
176822,0.0036694645620415148
176823,0.05689102815142439
176824,0.0009104018208897882
176825,0.2903430070848893
176826,0.0013065938981889052
176827,0.0005134696770370918
176828,0.00028284972048925
176829,0.9891264469330502
176830,0.024719124758305264
176831,0.00024736486864567587
176832,0.00040606763848733795
176833,0.0014551553019953795
176834,0.006700253202167533
176835,0.017810095213628703
176836,0.028545705891612712
176837,0.9695993267142594
176838,0.0003872077645211777
176839,0.2820941209889835
176840,0.0004006539005895055
176841,0.0010918449394749592
176842,0.00025665090508434333
176843,0.9870312104118691
176844,0.001687801439136919
176845,0.9913468151613728
176846,0.09855750235868763
176847,0.0003204014163095544
176848,0.005422095993726314
176849,0.007403258797892455
176850,0.0016212991077070875
176851,0.001984417884223081
176852,0.001715303016832736
176853,0.0012567422892523468
176854,0.005949632550588586
176855,0.00029128794040531085
176856,0.033278420918405514
176857,0.9896899754187782
176858,0.011184571945036638
176859,0.00017783583411935211
176860,0.0011802184430030796
176861,0.9925376150766956
176862,0.0016547972288407388
176863,0.0006040525802292827
176864,0.00366834171705468
176865,0.0003193551963514229
176866,0.006908080034032746
176867,0.0006720267456220132
176868,0.00024543356271073254
176869,0.0003326617685802786
176870,0.0014523200058186292
176871,0.0001180105345065105
176872,0.9868589175710198
176873,0.00035976066572440067
176874,0.02380617393010189
176875,0.0010502014388827942
176876,0.0009992678004011964
176877,0.028909264719037108
176878,0.016637102879035432
176879,0.0003883672136462449
176880,0.00043744624308088964
176881,0.001216760392845527
176882,0.000540583683989575
176883,0.0006864837574481107
176884,0.05652499181033068
176885,0.00037329446852986777
176886,0.00033571945181958224
176887,0.001069010527815982
176888,0.0006451402665854848
176889,0.000282198474404343
176890,0.01914106076682433
176891,0.004827519857321876
176892,0.00026732780049788275
176893,0.0008246193086900403
176894,0.0003705628573078874
176895,0.0004921740035387298
176896,0.00038097955392141426
176897,0.00023885494241856762
176898,0.0006765933725181532
176899,0.009447717559726405
176900,0.005902566107362602
176901,0.0030592875398334756
176902,0.0067682243546896
176903,0.002042969205413112
176904,0.0009271827443168757
176905,0.00025859515555048647
176906,0.0009426254057906774
176907,0.00026466347427922966
176908,0.0002190215634271214
176909,0.0015859050665343905
176910,0.0003859816704587746
176911,0.0004896465966787854
176912,0.018677891060768247
176913,0.0019443684471720287
176914,0.0003646294077563527
176915,0.040260606529252514
176916,0.0009581058958689333
176917,0.0008529436466643673
176918,0.9975546467218277
176919,0.00010203161771563464
176920,0.000312730236784114
176921,0.004415498679060524
176922,0.010674875209727661
176923,0.007187296643080716
176924,0.00728198612036414
176925,0.0010423827069485573
176926,0.00034762978365607386
176927,0.008235761990947471
176928,0.9884014596687786
176929,0.0014629908068986047
176930,0.0008943284483751565
176931,0.0004953156439764302
176932,0.0036885836236949065
176933,0.0013426957474471832
176934,0.003846341846120913
176935,0.0023785006020518957
176936,0.0003033608541310688
176937,0.013453881525819939
176938,0.00022608226173986774
176939,0.14155858420553835
176940,0.00034563016779081296
176941,0.9905123657420994
176942,0.00018901973600737407
176943,0.00023809908090450965
176944,0.00026433645929229565
176945,0.0005085459814279249
176946,0.0006117300915509957
176947,0.0021082225822182314
176948,0.000198015955635586
176949,0.9926505014101784
176950,0.02072668972128375
176951,0.01600533213195623
176952,0.0005865623673015452
176953,0.0008320305460375864
176954,0.0006985735087331466
176955,0.036441200232203215
176956,0.009622419072249488
176957,0.0003073377548071947
176958,0.00032605474424493065
176959,0.047198061182809815
176960,0.0007041216366216905
176961,0.0017227684658387818
176962,0.0012126381234023596
176963,0.000345775783650168
176964,0.9822536817854073
176965,0.003518543582706185
176966,0.000599126205563756
176967,0.0006406377319453133
176968,0.014279609651583402
176969,0.9882456337841447
176970,0.0004997202205261945
176971,0.9946765536263764
176972,0.0003012022155598288
176973,0.0004813113291535663
176974,0.005643510928194593
176975,0.0002708170729044569
176976,0.0005530219943080288
176977,0.00650411042153356
176978,0.0005383246048634842
176979,0.0005868669699226972
176980,0.993262551863427
176981,0.0016732614943603308
176982,0.04767436334792469
176983,0.0010122862476878063
176984,0.0009997060332785713
176985,0.00014108148379222467
176986,0.0003771273483995022
176987,0.00125129193571758
176988,0.0015025201566405224
176989,0.00481282793922563
176990,0.9832668925331144
176991,0.003225276756559675
176992,0.0033681873213050736
176993,0.0005030093277213381
176994,0.0007309920885474106
176995,0.0002447993078442286
176996,0.0009131102433491475
176997,0.012424356423371165
176998,0.00847232244748069
176999,0.303842309120997
177000,0.00036191715236302943
177001,0.002132690453590631
177002,0.0007560874124872929
177003,0.00046370110170214205
177004,0.0008410072836688895
177005,0.04532136654876117
177006,0.00026945343482714213
177007,0.0006117570908646195
177008,0.0005967287506661177
177009,0.0013273750477650176
177010,0.9866135282103077
177011,0.0002442686774475264
177012,0.0005178066093969293
177013,0.00036500837363232836
177014,0.028883375271677614
177015,0.9826486073531371
177016,0.002713946871056887
177017,0.031927774176702776
177018,0.009124601306418413
177019,0.0006315966832935509
177020,0.016277990044422718
177021,0.0003150970250752125
177022,0.10679427629248353
177023,0.0008035361778684642
177024,0.009908179795219517
177025,0.00030643700906091267
177026,0.00032775798206286465
177027,0.0007675071563611073
177028,0.0002470032762769081
177029,0.0007542435703001726
177030,0.0002611637135843152
177031,0.005501534880227235
177032,0.7567848299450219
177033,0.00014047357634453772
177034,0.00027427607221778606
177035,0.0006541541471554153
177036,0.0007647271002225234
177037,0.001039375797185167
177038,0.0035308994177338016
177039,0.2591495134042614
177040,0.8977373344003664
177041,0.00028615171998273674
177042,0.012655156110753374
177043,0.002233512394781419
177044,0.0012002978855458566
177045,0.00030880581560187406
177046,0.0004272074385492623
177047,0.0004759441572047619
177048,0.0003973984990330723
177049,0.010183992288843098
177050,0.0006273244408874937
177051,0.0003801639766152444
177052,0.0005609919762221275
177053,0.00026185286098639245
177054,0.00019478407106407545
177055,0.000490774025340192
177056,0.007856895560212263
177057,0.00025433634613361507
177058,0.0007969130906369165
177059,0.00025900190402901595
177060,0.006317064918049564
177061,0.009509956202860019
177062,0.0008249684955631624
177063,0.000559982032305876
177064,0.00034092609577386434
177065,0.003374116632733302
177066,0.0014737141066636765
177067,0.003979332953114574
177068,0.0005104007754338651
177069,0.0008923834063654115
177070,0.0002730571093902931
177071,0.00045834252126026025
177072,0.0018431730381668645
177073,0.9879551949330602
177074,0.0007964707986527924
177075,0.002237655401718041
177076,0.020202431085620507
177077,0.0012145871614827788
177078,0.0006073719234115563
177079,0.0005972657927247716
177080,0.9794805048119813
177081,0.00044062607994519066
177082,0.00042327037779139626
177083,0.001123220092718302
177084,0.0011667205134350404
177085,0.00035303011300662717
177086,0.9938790713263533
177087,0.0009165176108487137
177088,0.000511712343194487
177089,0.0014282236032282583
177090,0.0015600292449774516
177091,0.990259633427548
177092,0.12641125642184656
177093,0.0009258241722218577
177094,0.0011642755416490297
177095,0.0003504736132012041
177096,0.0005936829439698204
177097,0.0020626183858778084
177098,0.009715637289814045
177099,0.0004301205536071881
177100,0.03115816199703322
177101,0.022468146241232737
177102,0.000127527051060526
177103,0.001684192908033619
177104,0.0002827792876330223
177105,0.0011328054012681892
177106,0.00027198011123110745
177107,0.00884683492403513
177108,0.0030163931036279634
177109,0.0003404538835802023
177110,0.0011166858511536847
177111,0.0008799964192054661
177112,0.0011668935939362333
177113,0.989093079662363
177114,0.002506618932950449
177115,0.006810711718867252
177116,0.0013153659959741044
177117,0.0009331251469244209
177118,0.005920755316046573
177119,0.061594873802261974
177120,0.0003085850878329864
177121,0.9834831008203156
177122,0.0003491947290304566
177123,0.0005827370857080912
177124,0.016890088441379004
177125,0.0010812469096046706
177126,0.00017452382209205269
177127,0.0013581346543154102
177128,0.0007263849105739386
177129,0.0012761494905219612
177130,0.00045238151269447565
177131,0.0018335586309741274
177132,0.003556006306203147
177133,0.00032636152920951356
177134,0.0020098705203956853
177135,0.004692885248012743
177136,0.0004530583974215816
177137,0.0019346844953599324
177138,0.04286604518071735
177139,0.0015877816986749032
177140,0.9920491599349982
177141,0.0007538496150628777
177142,0.00014188937827787996
177143,0.0007727047587057686
177144,0.545118546960276
177145,0.015966543766726144
177146,0.00045397138638171466
177147,0.083029727316339
177148,0.0011992985612332807
177149,0.0017822709160257488
177150,0.0002304533154848172
177151,0.0007137364840109054
177152,0.00021169717278993674
177153,0.0023171215983058997
177154,0.0002100011039611263
177155,0.00037136922944948434
177156,0.0005152847955076766
177157,0.0010934743525726133
177158,0.0030876212761838497
177159,0.00330351363809383
177160,0.0003671842093395976
177161,0.9936659624203273
177162,0.0004826496186734229
177163,0.0012450780251534134
177164,0.9897821585397794
177165,0.002020695437441093
177166,0.0012035504406992536
177167,0.0008312849939488243
177168,0.0017135470901347275
177169,0.9940785715006488
177170,0.0005261935427775632
177171,0.0024864700359253727
177172,0.0012636899563238492
177173,0.0011910993867525915
177174,0.9960608891652063
177175,0.0006900167177816309
177176,0.019581041657907146
177177,0.0007255101996545991
177178,0.00047077258415333725
177179,0.021167111296055988
177180,0.002026777886768652
177181,0.0003324947758276956
177182,0.0001616988959169961
177183,0.3468327568532848
177184,0.9011290362078072
177185,0.00043109728207075404
177186,0.9912036355410948
177187,0.00041290739563920966
177188,0.0024831064142155357
177189,0.0002217149173938421
177190,0.0005546464394105917
177191,0.00019403073807635338
177192,0.00016727711107867929
177193,0.0002846322375013923
177194,0.6253848939566296
177195,0.9932680555031389
177196,0.00018743610078805295
177197,0.0035239901606059078
177198,0.0005096769818884418
177199,0.00021554433723306251
177200,0.005629846488662627
177201,0.00031161450059998333
177202,0.019245439747387367
177203,0.001800610026401487
177204,0.0002129584494588539
177205,0.0006306048741744306
177206,0.0002518194537153249
177207,0.0005504450076669051
177208,0.0024047905286289145
177209,0.0001099464481926229
177210,0.000863988835549381
177211,0.0004065677002553967
177212,0.0006723007777149334
177213,0.0027749286244299182
177214,0.002460817118900457
177215,0.0004761233112555171
177216,0.0006778479936471591
177217,0.019873908880039794
177218,0.00046749300857792177
177219,0.0025623474431193485
177220,0.06402500423976222
177221,0.0003316318658494145
177222,0.006432994403273321
177223,0.013525030538425731
177224,0.0005037578812953997
177225,0.0012403135697018925
177226,0.0009087719574201619
177227,0.00046700277799939624
177228,0.0005845285696834849
177229,0.0012159671298050294
177230,0.00020903022031115248
177231,0.0009211158046381191
177232,0.0015407600247178304
177233,0.0006929314512207083
177234,0.0003397229007858977
177235,0.012187044218900052
177236,0.00016704094716963697
177237,0.00074096319977221
177238,0.006119587418693748
177239,0.9963997915675522
177240,0.001463312651905628
177241,0.03907912022564439
177242,0.000724919558712277
177243,0.0005458363415796632
177244,0.0001950130730979415
177245,0.00025449433353535127
177246,0.0002080437693080031
177247,0.00044963007343252895
177248,0.00020790059521447318
177249,0.0014710160661784567
177250,0.0007303202950200714
177251,0.0009373562888611355
177252,0.0011382329803970796
177253,0.025503248899600747
177254,0.00023827705779431494
177255,0.0009191518370528377
177256,0.0008051688385634863
177257,0.7916416438760003
177258,0.000317143088424286
177259,0.013811065559031112
177260,0.0006659225489015686
177261,0.00517058070635741
177262,0.0027122105551416345
177263,0.0004065236682474876
177264,0.04165759330767511
177265,0.0009020736258375635
177266,0.0011400862559731602
177267,0.0034609420601796692
177268,0.000295817687402938
177269,0.0015115517751840871
177270,0.0006606440424100975
177271,0.00038885011268937334
177272,0.008066137961061955
177273,0.007222015203366055
177274,0.011824005719558795
177275,0.004439362113446799
177276,0.0002431555955472899
177277,0.0002323739181777382
177278,0.0006358475523102608
177279,0.00214182770536149
177280,0.9936604874916484
177281,0.0004271967705062956
177282,0.01693211894998298
177283,0.0002750146770392494
177284,0.0012552220570145214
177285,0.0006491550599433094
177286,0.0006855564014394731
177287,0.6111165543538953
177288,0.005853563518767207
177289,0.00036009411729713423
177290,0.00026350767981392803
177291,0.005681156476881051
177292,0.015154576409802563
177293,0.0011753499758711732
177294,0.0003495258958215008
177295,0.00207228042402062
177296,0.002068158802542052
177297,0.006290315279028776
177298,0.02201119612722709
177299,0.0007582913902294001
177300,0.0004164334820327314
177301,0.0002895285821549905
177302,0.0012667694855953294
177303,0.004501875627612046
177304,0.0022192755367320205
177305,0.0037288097132441213
177306,0.004306796898092976
177307,0.04359333579926957
177308,0.0010770504452192694
177309,0.00030533188818029385
177310,0.0003089443047625981
177311,0.0008293633500742985
177312,0.00042088900370839777
177313,0.00023406149069229778
177314,0.00024105687896404805
177315,0.9444025350903356
177316,0.00028837826045601206
177317,0.01315821856594476
177318,0.05216042238556208
177319,0.0006768647544624023
177320,0.007820094640655098
177321,0.0007730977474152041
177322,0.0011599811285228697
177323,0.003051985173496215
177324,0.0006477570422358454
177325,0.0035961850875153565
177326,0.9911732983168778
177327,0.0030949310208874255
177328,0.35584508608271215
177329,0.0012567256095275948
177330,0.0035923832424323244
177331,0.9935663858852813
177332,0.0002087111513379163
177333,0.006091480434966615
177334,0.0016167928565269224
177335,0.001491064601236762
177336,0.0003096623248233361
177337,0.0004158359203832563
177338,0.9825096173933648
177339,0.9880291253183267
177340,0.00020595072357862176
177341,0.0070319738953583
177342,0.0003063171365053121
177343,0.0005526583444867822
177344,0.0002332813084041943
177345,0.0026556200457765323
177346,0.0010172244945261583
177347,0.9907251364085237
177348,0.0013652523344551174
177349,0.0015655105514151787
177350,0.0006635837984561004
177351,0.00047225354838736905
177352,0.0010794734472848965
177353,0.00039594902524039066
177354,0.0018705559711718236
177355,0.06518474501901347
177356,0.0038690280139425277
177357,0.0003405293443386154
177358,0.0003242922453521416
177359,0.00032660405966698975
177360,0.00020197761727092618
177361,0.0002895465031433204
177362,0.0011491784822065991
177363,0.0008076963022210399
177364,0.06615204839083154
177365,0.0007889551277631007
177366,0.0005075051651323227
177367,0.0009756665148866045
177368,0.0005143627499788807
177369,0.0017385446096648933
177370,0.9863346832695007
177371,0.0028143182731053956
177372,0.01477563283946754
177373,0.0003952231213673246
177374,0.9868113157610668
177375,0.0029402699295006493
177376,0.00020906357259859408
177377,0.02118671601190038
177378,0.997147421459801
177379,0.0003522215999974058
177380,0.9949423225397056
177381,0.003958672893894701
177382,0.001931194319596188
177383,0.00046587979364458006
177384,0.0001635707417210774
177385,0.00818616520764528
177386,0.000769019871034362
177387,0.012545730335984702
177388,0.012232818410766764
177389,0.9874958673137927
177390,0.007197923307925746
177391,0.015473516992109809
177392,0.04964217791948325
177393,0.0004859059460706023
177394,0.003339248654308076
177395,0.0002923231521356605
177396,0.0028778080569285443
177397,0.00021127759052914027
177398,0.01285328595731013
177399,0.000660862350363515
177400,0.0011022967261372864
177401,0.9813496687915724
177402,0.00047712685841622967
177403,0.0002893004380042756
177404,0.0006443803989421316
177405,0.015118064045026747
177406,0.9960891668180905
177407,0.000568511675963572
177408,0.0330469107575614
177409,0.1737060799709902
177410,0.0023170974750041616
177411,0.0004029216414712196
177412,0.0006970446316149569
177413,0.002008554364004936
177414,0.00027141561063706083
177415,0.00022274372653248033
177416,0.9918936142015503
177417,0.0005394220896756573
177418,0.00010727803747190027
177419,0.004355067025034117
177420,0.00024953367266159843
177421,0.0005259773532160833
177422,0.0027065310182781384
177423,0.0006820060472760348
177424,0.00010658893710085468
177425,0.00031240276851977433
177426,0.000400564178823889
177427,0.98930020216186
177428,0.0024726182125327525
177429,0.0018687602355692476
177430,0.015222668596709094
177431,0.003028317380981803
177432,0.08295509023572324
177433,0.9978765884663883
177434,0.007485310804924442
177435,0.00046094464063613265
177436,0.00025969330760167587
177437,0.0009622489398500054
177438,0.9921739758261748
177439,0.0007820518750692873
177440,0.023214264984143293
177441,0.005583617456356929
177442,0.0002479236502123763
177443,0.00025394618526710635
177444,0.034335658048500896
177445,0.0010796124356566674
177446,0.0013824177510153967
177447,0.0005910461505140982
177448,0.10844103124285595
177449,0.001213782759717949
177450,0.00027160178435266355
177451,0.0017083517071542233
177452,0.10506582380496346
177453,0.0032209581295538094
177454,0.00047745551053532506
177455,0.9707278032863075
177456,0.0007789101281689632
177457,0.00027145243920001803
177458,0.0034663765814859195
177459,0.002050349141941529
177460,0.0010462984053233714
177461,0.0003581996849155908
177462,0.00032460925995995266
177463,0.3808700817378518
177464,0.02502333326027252
177465,0.00026526784899332315
177466,0.9952220132976206
177467,0.004740471865585115
177468,0.0029055284471940766
177469,0.002296647016557676
177470,0.00044376692530832807
177471,0.0025895667639160417
177472,0.01880061655068141
177473,0.0022437321779577146
177474,0.0005745061014224053
177475,0.0009136357708657354
177476,0.001495114808138405
177477,0.9901860871505327
177478,0.00029664002142061895
177479,0.842772605425059
177480,0.0006901971842505179
177481,0.001470737888190823
177482,0.0003142617225832055
177483,0.00027687381930556904
177484,0.9457263513082051
177485,0.00034534671612527704
177486,0.0074209827012631496
177487,0.014014582182314222
177488,0.0006563382537705067
177489,0.0023496024010650615
177490,9.230562665589703e-05
177491,0.0007341710866762297
177492,0.00020853599973188176
177493,0.0002855174742788583
177494,0.011236264050460224
177495,0.1017467922365275
177496,0.0014217608955642
177497,0.0002521790741745462
177498,0.026472526480640815
177499,0.0005220659453620333
177500,0.0007808020671874829
177501,0.0069734540834718705
177502,0.00029582076936446295
177503,0.00032847845697348634
177504,0.0001483907519349746
177505,0.004711930311165701
177506,0.0005160646362403245
177507,0.0007363260723007084
177508,0.000463887299118343
177509,0.0002412572115835438
177510,0.019738444149336183
177511,0.0009564221523446213
177512,0.0009860878113415136
177513,0.0003123934742265752
177514,0.0007758780223821403
177515,0.001064940187854905
177516,0.0004111994495270202
177517,0.042920296957713974
177518,0.0005393783069376248
177519,0.0007667020596719204
177520,0.0002341693376945533
177521,0.0006337216847595545
177522,0.993639520144917
177523,0.0011693728183835852
177524,0.0006464728488318643
177525,0.0015337508789512865
177526,0.016007223376411833
177527,0.9878763965363744
177528,0.02043498627588807
177529,0.045121575886259695
177530,0.00043470115374985157
177531,0.0016264632859986732
177532,0.0038958064834777317
177533,0.0012818892790932798
177534,0.0005742314943641095
177535,0.00019277057569257874
177536,0.9839947900929075
177537,0.00030361745309703147
177538,0.04405923550715235
177539,0.9229281575325783
177540,0.0003705955617381056
177541,0.0020127247876413784
177542,0.0016854180840637893
177543,0.0033539668751545407
177544,0.0003715153084419796
177545,0.00020106364145175797
177546,0.0005095479274902882
177547,0.00020746645833253543
177548,0.0037199915526658365
177549,0.0002220365565279047
177550,0.004291558337081062
177551,0.02704785087088438
177552,0.0003249057338472152
177553,0.006279302928905142
177554,0.009599256536356088
177555,0.0017760214349680408
177556,0.00030325551735864843
177557,0.0001931340874123979
177558,0.024287761316628045
177559,0.00021772058358038117
177560,0.003452598855177644
177561,0.0002630717923664779
177562,0.0004977116769578267
177563,0.000249672751856403
177564,0.0012784173770636433
177565,0.8995066833086911
177566,0.001754565200857455
177567,0.0003577138892398687
177568,0.00048238280326403304
177569,0.017884222554312792
177570,0.00016468591347481443
177571,0.017051292364215626
177572,0.0029718075482049414
177573,0.9920507996397063
177574,0.00016266169362954083
177575,0.39134555204248667
177576,0.0002989077204608191
177577,0.00030578919082224635
177578,0.0019540333878896457
177579,0.04106258717921983
177580,0.0016512212634276998
177581,0.0005358717446458808
177582,0.0005854447090589434
177583,0.0005557124977326512
177584,0.011238451240376632
177585,0.000205328219715823
177586,0.7714461795213273
177587,0.00031262904225699606
177588,0.0006719238489208672
177589,0.009057057040180795
177590,0.989826144846577
177591,0.000744449397773595
177592,0.0011768922329614252
177593,0.0013618069531435165
177594,0.017131275532906786
177595,0.0010690846456803593
177596,0.0008982493479988392
177597,0.0011202063281357019
177598,0.8867125291434694
177599,0.011319200048207124
177600,0.23882391263066513
177601,0.0002299570632116759
177602,0.04127592064636463
177603,0.0004136837894093826
177604,0.0006108215319262381
177605,0.0003679696317950001
177606,0.0001963796023839807
177607,0.0012037313626909523
177608,0.04559198607059232
177609,0.0004442398567778494
177610,0.0007408245870471442
177611,0.00023917688309591423
177612,0.00037414727875577695
177613,0.0075282292388491046
177614,0.00020296540852464805
177615,0.0054621534005405495
177616,0.0005255840223485109
177617,0.0030865512021826663
177618,0.0004259502235188334
177619,0.0004346427542429116
177620,0.003320728531844353
177621,0.0018035084361180695
177622,0.00027367352280181827
177623,0.000550414065124838
177624,0.990231511790851
177625,0.0002878802527710626
177626,0.02276671532284468
177627,0.02723385017472075
177628,0.0003789978850543314
177629,0.0005598302716724331
177630,0.0013860183974268598
177631,0.0004621776947538281
177632,0.002991432639865034
177633,0.0009337884753079487
177634,0.000536656666045383
177635,0.9918510076873372
177636,0.006037428133467137
177637,0.0007628670947318613
177638,0.0006435563706256863
177639,0.0010630597183987562
177640,0.0005310511129078269
177641,0.0007107837264101536
177642,0.0009481152897381156
177643,0.0010876344636270966
177644,0.9873131324223038
177645,0.0043078390769167646
177646,0.0027219762370902173
177647,0.0014523702488061796
177648,0.0002946842777616091
177649,0.00040489862435167664
177650,0.011773108687307899
177651,0.0002669403364897328
177652,0.0070225997809190265
177653,0.0015784844005821519
177654,0.002309373349801921
177655,0.010967312048027181
177656,0.004336718704806472
177657,0.0025870217233807777
177658,0.010373543232437232
177659,0.00030282621889305436
177660,0.0003867400782109187
177661,0.00032593709469401667
177662,0.9951548384581053
177663,0.003733217011216481
177664,0.004274597666096535
177665,0.8212619627865875
177666,0.9809780961250876
177667,0.00024353265752107377
177668,0.00024800840829428464
177669,0.0004316817437235817
177670,0.9861506335711542
177671,0.0002075613925971713
177672,0.0008804928787442436
177673,0.01256558756882309
177674,0.9825972066115293
177675,0.6131746981610656
177676,0.0001754473540185433
177677,0.007554961546472677
177678,0.00025906047250386235
177679,0.0001968060085218379
177680,0.008431388322298533
177681,0.0003375471557669845
177682,0.000885849541949727
177683,0.00041135464619679947
177684,0.9795618709818336
177685,0.0024227879614840023
177686,0.04444854278877817
177687,0.004810231843680701
177688,0.0005871269424547852
177689,0.0006086116183440454
177690,0.30830820055267727
177691,0.0005648445529412251
177692,0.45701950809329595
177693,0.00021596975013350015
177694,0.003214341922450636
177695,0.0016775311899115397
177696,0.0003437331072901645
177697,0.0003673509695598649
177698,0.0007858355684536129
177699,0.2156064148652022
177700,0.002051830050280243
177701,0.001665771311264027
177702,0.0019204216663160014
177703,0.0005190297292859312
177704,0.0005086496150286177
177705,0.006680728610965256
177706,0.9952409319000011
177707,0.01092170905791746
177708,0.0010534535426071938
177709,0.001520228826436668
177710,0.00034735641762410354
177711,0.01569106408365831
177712,0.5577343962511567
177713,0.00041009978133622036
177714,0.540362745173893
177715,0.0016473527650654831
177716,0.052101142030861844
177717,0.006116689469420539
177718,0.001957979308397907
177719,0.0007717532552322879
177720,0.003414569093325441
177721,0.0056700057949663025
177722,0.014442253849339311
177723,0.9870042356956897
177724,0.00012863986882342645
177725,0.0009464543861141916
177726,0.0013002896151670215
177727,0.0035514498427383127
177728,0.000937043211760298
177729,0.002603330395922241
177730,0.004626627275173472
177731,0.018777778734357802
177732,0.0026738568429147285
177733,0.02483835124819654
177734,0.005991820701320997
177735,0.00452213550581488
177736,0.004520192356470047
177737,0.0026012947777708934
177738,0.9964125654143653
177739,0.0004655664323822126
177740,0.012317872379439217
177741,0.0008704773484710901
177742,0.005037031235719649
177743,0.0006470358080901557
177744,0.001882048072789833
177745,0.00021312055896711548
177746,0.006009125926697226
177747,0.0003676108066462844
177748,0.001032810067381286
177749,0.05030091953160781
177750,0.001424848962314428
177751,0.003383717674542885
177752,0.002479337433791341
177753,0.0022651964183530954
177754,0.014787961732689802
177755,0.0007474060458745769
177756,0.007445559486398558
177757,0.9946703440805673
177758,0.001017705550878258
177759,0.00029457546409191495
177760,0.00031118465046787205
177761,0.04095082769487323
177762,0.01315609565959779
177763,0.0020665616727810992
177764,0.0012756771387574905
177765,0.0002132321390643191
177766,0.0008376363323058918
177767,0.9046306865693235
177768,0.9807371461880438
177769,0.9940350949277585
177770,0.0034812202031529096
177771,0.0005858508936362412
177772,0.0010608600131451723
177773,0.00132673034616375
177774,0.0007773000196669035
177775,0.005600936057395321
177776,0.9953460928152509
177777,0.9483109061192702
177778,0.0002450291487939472
177779,0.00037120116022677107
177780,0.026119358408503827
177781,0.00033556487745405386
177782,0.0004358880377244469
177783,0.00040833400996881483
177784,0.00021167772233195292
177785,0.0002493324738849383
177786,0.002176082793269889
177787,0.0006164164492622014
177788,0.008363453875242432
177789,0.012668098738119058
177790,0.00038250110033766357
177791,0.00022871954738431849
177792,0.0022797775180287867
177793,0.0009893335986778694
177794,0.9384056651800698
177795,0.01329580478909722
177796,0.014721318368790237
177797,0.0004428000451029592
177798,0.0007466328169643006
177799,0.00027887988254523014
177800,0.005616377317983908
177801,0.0005822603752749195
177802,0.0030318563997593605
177803,0.77488435338544
177804,0.00022251444459540253
177805,0.010782157410966912
177806,0.007297477896697167
177807,0.010299108521746899
177808,0.0008465502560064519
177809,0.02777145918742699
177810,0.0005895758895199946
177811,0.00032717443983444166
177812,0.9172719825449884
177813,0.0004960024117397159
177814,0.0005043652912570765
177815,0.012695379965499846
177816,0.9928060784761036
177817,0.00014168520469700195
177818,0.7220213448958855
177819,0.016506512364867405
177820,0.002123479316076418
177821,0.0007468776510051852
177822,0.00025123823749779496
177823,0.0012591699059996955
177824,0.006864671032005527
177825,0.00041968782372686067
177826,0.00023778138183996224
177827,0.0005277154892388912
177828,0.0009831973096597988
177829,0.0013714765953636795
177830,0.8894462668908406
177831,0.000243937299596906
177832,0.00036184334025630597
177833,0.000271345787489261
177834,0.0005831975422213832
177835,0.020013240265864155
177836,0.0006333962083355351
177837,0.0011205614643777085
177838,0.6790909174417954
177839,0.0021933661122469335
177840,0.00023827642027942549
177841,0.0003565178832088795
177842,0.003596434539026553
177843,0.004017687512992445
177844,0.0014943161612264633
177845,0.010924703725808803
177846,0.001338509174722635
177847,0.0002822595115361817
177848,0.00031995215096269235
177849,0.0031751123553310336
177850,0.020711210429475897
177851,0.0004896854279186396
177852,0.004068119069517022
177853,0.008296827486388967
177854,0.0007401364023712264
177855,0.0001085999020450995
177856,0.001636334188851714
177857,0.9962839107197
177858,0.0004465448433614798
177859,0.00019730083697477142
177860,0.00025260822432148134
177861,0.9925637527274259
177862,0.001974251686383337
177863,0.0002002802237435544
177864,0.0002257296213472466
177865,0.005957284355916411
177866,0.12337138434902734
177867,0.0008019838999068249
177868,0.000451575372305051
177869,0.0006905413796370858
177870,0.0004539333875976508
177871,0.00023028384893492829
177872,0.00017536732277889707
177873,0.9931157273336246
177874,0.0010802017731426517
177875,0.009878329866879143
177876,0.0010050179458852648
177877,0.0012082776790732432
177878,0.012816848459216835
177879,0.014937500681776935
177880,0.00030575564223457916
177881,0.11770145567733685
177882,0.02582165920623635
177883,0.00033492902057100283
177884,0.0006225873175391238
177885,0.0004185748169111675
177886,0.00029932469196198777
177887,0.0011627912070236478
177888,0.00042851047909567286
177889,0.00095285088147358
177890,0.0011497761934662863
177891,0.9922104413037669
177892,0.16753936370294462
177893,0.9845101695029973
177894,0.011974386567261087
177895,0.0010196528283992004
177896,0.0006064527305595016
177897,0.0009098039715905608
177898,0.00036653957283375177
177899,0.9902337593502251
177900,0.9884366039043577
177901,0.0007529611825727925
177902,0.0026043459778742565
177903,0.0004558093374433546
177904,0.0023257765969805755
177905,0.0016718338977718802
177906,0.006462294865048274
177907,0.9886878820024229
177908,0.007275848182455177
177909,0.0009944958905174
177910,0.0011230226683290997
177911,0.00028498109085495205
177912,0.00023677054272446866
177913,0.0005987213017485091
177914,0.000908033092161797
177915,0.020202294095905945
177916,0.6109760936694187
177917,0.006410634277978069
177918,0.5798132337272832
177919,0.0002799169561932599
177920,0.00724141050276517
177921,0.0008441936782870922
177922,0.0035075597896050774
177923,0.9911666100975524
177924,0.001346649517206092
177925,0.0005924838715562725
177926,0.9163230184418161
177927,0.002823282292798146
177928,0.0005370650337597365
177929,0.0023645673290985164
177930,0.0018003414862676965
177931,0.0017974848974805476
177932,0.0007908127784135252
177933,0.983429850510148
177934,0.00831707724609574
177935,0.000573421848373377
177936,0.0002695229515647566
177937,0.025627784110819753
177938,0.00124590131234751
177939,0.03034976151528916
177940,0.015202785705347109
177941,0.002105464887139388
177942,0.9870431739749429
177943,0.0012434273839708968
177944,0.0006876093885597182
177945,0.00014015167584166294
177946,0.0008893618680601002
177947,0.9853923377165941
177948,0.0004791461436730407
177949,0.00048181802465319877
177950,0.669984637668561
177951,0.0009189071310184718
177952,0.00017873930897060447
177953,0.0013876058947189702
177954,0.009732447512812405
177955,0.0013887757686075045
177956,0.006185719487433967
177957,0.9878351640388063
177958,0.0002769379225394713
177959,0.0963635140695378
177960,0.008804292757210595
177961,0.0008197561486363222
177962,0.9929970775639324
177963,0.002824833587932425
177964,0.0007447616964885534
177965,0.03524520764604368
177966,0.046096780901395545
177967,0.0002571628502178013
177968,0.0008354365620229979
177969,0.00043663121100238444
177970,0.0007184724128903245
177971,0.000336718124010512
177972,0.0001328345912557579
177973,0.00010886809325011203
177974,0.0002807965162960523
177975,0.0003093911654511361
177976,0.001519132171000664
177977,0.00046756601518690126
177978,0.0003312072834431684
177979,0.0030626868107871373
177980,0.01629584343250648
177981,0.4389097641704154
177982,0.17597300908586874
177983,0.005207851487262034
177984,0.005319830926512914
177985,0.0003228577948151122
177986,0.0007863520429884256
177987,0.00030005953428516904
177988,0.9733200366688719
177989,0.00036454179969938263
177990,0.010096197046388453
177991,0.0026062909747078815
177992,0.0003800762138955142
177993,0.00041048821854932
177994,0.00030673683589154207
177995,0.0005681278635913807
177996,0.9893542782372335
177997,0.0019443727072828419
177998,0.0003952868792140168
177999,0.0022066161889865376
178000,0.001783327291862185
178001,0.00026627036963484816
178002,0.0003363090636136189
178003,0.001501598098270723
178004,0.7310711311549337
178005,0.00018125462304509435
178006,0.00037115491932569766
178007,0.0002761670873010449
178008,0.822495010058357
178009,0.02859798875596427
178010,0.0003201281423746766
178011,0.001078237637779198
178012,0.0015028183293240493
178013,0.002892460099492182
178014,0.0006137584909195769
178015,0.0016568656398921308
178016,0.009367884271305202
178017,0.01212862456834156
178018,0.00026623666339995453
178019,0.0002640431550991861
178020,0.9186513275289359
178021,0.00032825305243437073
178022,0.0012192294224052857
178023,0.00580830317684943
178024,0.0003763422538918452
178025,0.005878726721202885
178026,0.0004737721547441417
178027,0.0011010883181353274
178028,0.9861518982854236
178029,0.00034870167198889837
178030,0.00038647780422588996
178031,0.0007036049729262323
178032,0.0004405544219100087
178033,0.000472200548978028
178034,0.016419493023125682
178035,0.980877345367496
178036,0.022670264948213486
178037,0.00018009380114131844
178038,0.0006006192170193492
178039,0.8699093867051898
178040,0.000247451865682008
178041,0.00019159597661546897
178042,0.0002411368203815154
178043,0.000985902081690633
178044,0.0004191809937239098
178045,0.0011784908376973337
178046,0.0033052473129740055
178047,0.05480046856207849
178048,0.0012721492255299814
178049,0.0003879633842851721
178050,0.008169492760911914
178051,0.0004765841658508756
178052,0.0017915871394667351
178053,0.0013078265460135827
178054,0.0006059639130938898
178055,0.00016994959771050711
178056,0.0002794140881777176
178057,0.19389105805795587
178058,0.0008580532497090389
178059,0.07160650004472217
178060,0.005787036275772825
178061,0.0006794588952802914
178062,0.00023333327754823446
178063,0.6986402353339695
178064,0.00019612315931721535
178065,0.0006868164542613841
178066,0.0016533298911657122
178067,0.0003925587267092023
178068,0.0008787958969567126
178069,0.001926095174192544
178070,0.0003878832081917314
178071,0.9853332133831352
178072,0.12444252731011562
178073,0.0016366435261458868
178074,0.0006655924138492409
178075,0.00025867779438803833
178076,0.0002409026389770178
178077,0.0004065689196003927
178078,0.007691965390307603
178079,0.029048350688960806
178080,0.0035230786568877146
178081,0.0004729529822258006
178082,0.0010557744217409167
178083,0.9930033353346261
178084,0.9909029441105747
178085,0.0021043782322485048
178086,0.01373383951924994
178087,0.0008140697441914081
178088,0.00037521317768506393
178089,0.00029255268465433666
178090,0.000997925693769999
178091,0.006157449016497409
178092,0.002142236294868497
178093,0.0004893370231611768
178094,0.0010713355529401245
178095,0.0003651636353667726
178096,0.11746826698888996
178097,0.0007240045531272254
178098,0.00028641847781400893
178099,0.00014595085492790679
178100,0.0001996690189044105
178101,0.00036525747449872467
178102,0.0003131070466127409
178103,0.0003010562854225202
178104,0.000204233767787058
178105,0.9065629052442067
178106,0.9956769077372007
178107,0.0001795274775091143
178108,0.011240856268925
178109,0.00042561337469059114
178110,0.0002622685601469408
178111,0.001546724755345174
178112,0.028023754179903545
178113,0.002700458850609575
178114,0.03166989327253947
178115,0.002542864965683372
178116,0.001158445460922019
178117,0.13579248049098494
178118,0.000495575284310373
178119,0.002554026131353517
178120,0.5531718288966224
178121,0.02132332158454894
178122,0.008531419201957068
178123,0.0008839801463961425
178124,0.0012314014969502327
178125,0.9812524109955094
178126,0.0010670362944008352
178127,0.00016721516513722444
178128,0.000401178414145138
178129,0.00015320342325831916
178130,0.9935775602269585
178131,0.0019961907294582656
178132,0.0018372560106981893
178133,0.0004823877250965705
178134,0.001074304252930718
178135,0.00017817624583565624
178136,0.0021232887632358305
178137,0.00016921949850093654
178138,0.00014434843404934527
178139,0.0003217301734844366
178140,0.004922848725738926
178141,0.7979372631669465
178142,0.0007219578607042432
178143,0.05618055861006776
178144,0.000341899493017302
178145,0.0006336614663859698
178146,0.037771597794089264
178147,0.0046824276644647275
178148,0.32678233174719723
178149,0.0005427132253852061
178150,0.000826042365045621
178151,0.0011153178624476586
178152,0.00036997536690060477
178153,0.00044681928104652545
178154,0.00022937037077971938
178155,0.13316883880191507
178156,0.0014202439328618165
178157,0.035028365636949825
178158,0.010309831414523551
178159,0.937839595961929
178160,0.0009236457739966292
178161,0.00027104713606673444
178162,0.0031804888214170195
178163,0.00022200824864052957
178164,0.0005581616305015572
178165,0.0028329751365221856
178166,0.004712721718445142
178167,0.14443989375092942
178168,0.0003578328738795588
178169,9.99981133114934e-05
178170,0.0006102313292518295
178171,0.0238472763675121
178172,0.01731073154947163
178173,0.001933627376437028
178174,0.00028583310236165543
178175,0.001826507650564149
178176,0.0002558878772501354
178177,0.000379125484043477
178178,0.0003688053239232644
178179,0.0004757969571109777
178180,0.00010519879591345753
178181,0.008447461076896102
178182,0.9874811673168727
178183,0.0016423842603283528
178184,0.9530428341250213
178185,0.00123767956051953
178186,0.00038942955273589883
178187,0.02937467861888782
178188,0.0006245505581451536
178189,0.9951325566456014
178190,0.0007616180016976606
178191,0.00013924991451001612
178192,0.0008455972807042821
178193,0.0008900694077318762
178194,0.9952950191835263
178195,0.009477147959888592
178196,0.0036911832470923472
178197,0.0002958638382818361
178198,0.0009652448298319434
178199,0.00025188565766414496
178200,0.002565324021314171
178201,0.00042205287366237234
178202,0.0001972553259608182
178203,0.0005109428680098113
178204,0.00021536330823518577
178205,0.0001620150284765776
178206,0.0006597215882830149
178207,0.004960048470173659
178208,0.009966755360968981
178209,0.0019391919630822195
178210,0.0007419716741417211
178211,0.0017476831623865333
178212,0.00985449925130277
178213,0.0011698600214925083
178214,0.00034326559101439865
178215,0.0012274819638641256
178216,0.0006407777499335222
178217,0.0006933814983036734
178218,0.0001411622874124014
178219,0.001481811886877389
178220,0.0006136547365785644
178221,0.0005233961672087912
178222,0.9883682403994569
178223,0.019907426531586038
178224,0.002907196740550965
178225,0.0002826083491564331
178226,0.06841830180907534
178227,0.0003311293123290819
178228,0.9795456152316533
178229,0.00034838282713777
178230,0.0019335222255632133
178231,0.00039295957280053743
178232,0.0063488075070929845
178233,0.10704611134035891
178234,0.0006697729532556904
178235,0.00027997469316584395
178236,0.0012882323270789983
178237,0.0006365591113293532
178238,0.00420175479040288
178239,0.0018438917726651544
178240,0.00048258942219594716
178241,0.00116216080509977
178242,0.00023502077080967142
178243,0.0010061503804931569
178244,0.00026288428838265436
178245,0.00036206398311900296
178246,0.013132680507748845
178247,0.00660518501753719
178248,0.0019464375829344148
178249,0.12567600267141887
178250,0.0003078987712097353
178251,0.006789449710057468
178252,0.00033373177832307383
178253,0.001740806449908594
178254,0.06093290165509823
178255,0.0025472878122495676
178256,0.06882732293676536
178257,0.0011129177117016227
178258,0.9578113246095576
178259,0.022976875809521947
178260,0.00020295331243155003
178261,0.00021521215293484705
178262,0.9966413960186546
178263,0.00024413291653780872
178264,0.0003122596895878333
178265,0.0005105769920579634
178266,0.00028268711704655474
178267,0.9868791190291981
178268,0.001698772649742308
178269,0.0005476482137847878
178270,0.000660968510360016
178271,0.07039640254030813
178272,0.10768111201547957
178273,0.0024145926711072897
178274,0.9861760255235248
178275,0.015873886065956855
178276,0.00023428869595147847
178277,0.0003803901246252163
178278,0.9924231131718237
178279,0.00018455442268510455
178280,0.20475909630323968
178281,0.0016264201515776367
178282,0.0003295929178492694
178283,0.8789061260526627
178284,0.0007414025032627978
178285,0.0016472554089143666
178286,0.00242094580612169
178287,0.0031921960864523106
178288,0.07934065046379375
178289,0.0009825830917690622
178290,0.00029764351551791996
178291,0.9828441280677922
178292,0.8981565437074036
178293,0.00039232043145286463
178294,0.0004202169072432394
178295,0.0009843450317316088
178296,0.0008344042591215203
178297,0.011667095329822016
178298,0.00039138431331204085
178299,0.0002988458283871239
178300,0.11211243641423091
178301,0.00022752246272397035
178302,0.00026178935347273064
178303,0.016235465189404566
178304,0.0038245013686982656
178305,0.0641303808159264
178306,0.0010380921952714975
178307,0.004992254352643599
178308,0.004466291102912543
178309,0.021035779787418496
178310,0.0025858927563033726
178311,0.0009481970302999543
178312,0.9609786839619325
178313,0.0014729058750609831
178314,0.0004129977591911443
178315,0.0002983537583828806
178316,0.0031246955283875956
178317,0.002915028767642444
178318,0.000399396567083807
178319,0.0028203808092643673
178320,0.0002939469719034366
178321,0.0002573394192716936
178322,0.01097954264970464
178323,0.00047831157056500554
178324,0.0033843848388526725
178325,0.00023947427274921795
178326,0.9780059826686087
178327,0.0007023793511707852
178328,0.0005873475865433435
178329,0.00034802923241178575
178330,0.04495418599956514
178331,0.0011869289116806614
178332,0.0024815985328327933
178333,0.00041864188553966686
178334,0.0010416533707484194
178335,0.0017245607666288563
178336,0.0005708632658784291
178337,0.010521887396105387
178338,0.30958477963042036
178339,0.01546128474105104
178340,0.005069493222164981
178341,0.0566286345558312
178342,0.0012131582304560188
178343,0.0009621124026587288
178344,0.022100039658997647
178345,0.0004195622506124214
178346,0.02627283137307375
178347,0.0023077487062266627
178348,0.00038256312967955555
178349,0.00018655267682365407
178350,0.0009700178458934227
178351,0.000322523912396767
178352,0.0020298023808209206
178353,0.0004149849577429022
178354,0.012105293123744776
178355,0.0004822647346487554
178356,0.9938213245549787
178357,0.00021672693633742612
178358,0.024613178046698513
178359,0.006872637574591789
178360,0.0006687500804862018
178361,0.0029874484472589176
178362,0.0003276365407827516
178363,0.9768606777135885
178364,0.982226032252209
178365,0.00019914928323648066
178366,0.00015988524903082395
178367,0.01077524711212461
178368,0.0010386100930098977
178369,0.000598159007799322
178370,0.9839252201100125
178371,0.0009594172746460965
178372,0.0002030334046782538
178373,0.0005503617087714798
178374,0.001081111138897906
178375,0.000808323578938025
178376,0.0003334092432965304
178377,0.0044855370220549876
178378,0.0005089588836933739
178379,0.007602475680037905
178380,0.0002873370017370115
178381,0.005669499401930295
178382,0.0589572242862347
178383,0.990094656759482
178384,0.0025661769532042055
178385,0.0014918082992352046
178386,0.0010772369042916685
178387,0.18485755637768644
178388,0.005562719983446385
178389,0.0012652287622800125
178390,0.0005835002315168412
178391,0.0004952853374385266
178392,0.009190885787664327
178393,0.0011577747984782328
178394,0.0010020168662103958
178395,0.0009328651171136722
178396,0.003941256601164559
178397,0.00022638299380830013
178398,0.001111633044316065
178399,0.00041950429369939294
178400,0.9931481079443822
178401,0.0020903585828643974
178402,0.0018264892640189917
178403,0.0006028008515807005
178404,0.0014141644913338452
178405,0.0003642835463598253
178406,0.0003926804972408592
178407,0.0007917867965119436
178408,0.0005047236500159222
178409,0.00301617555188079
178410,0.00033686801531411216
178411,0.0013359959777939135
178412,0.011683604983455893
178413,0.00031620119366319453
178414,0.0002685435601926303
178415,0.0006711314959616739
178416,0.0005556403838567414
178417,0.00019858600742172757
178418,0.001305218449197113
178419,0.04681428230167084
178420,0.0010163671044211462
178421,0.0010771092578017233
178422,0.007814808907987629
178423,0.00024326261492062262
178424,0.00989172861260847
178425,0.0010286774478131522
178426,0.0001349477584187381
178427,0.015829320086574925
178428,0.08199316190834138
178429,0.00037025733599046215
178430,0.00037056936485859875
178431,0.0004829625251041873
178432,0.00016420183714298996
178433,0.0012953715177720852
178434,0.001688827863478264
178435,0.0011079533236416784
178436,0.00035307170367095543
178437,0.00024557823258640216
178438,0.00037179824171545343
178439,0.0006975070802316126
178440,0.00033401854776419327
178441,0.00035223702637632683
178442,0.0470693675785685
178443,0.0874008688362913
178444,0.9969600448801944
178445,0.00036635533320787607
178446,0.0022764199544263613
178447,0.04603146120723589
178448,0.0007524355810443444
178449,0.0005235337928892998
178450,0.0003213629923421417
178451,0.0003487323621632229
178452,0.004611226863814848
178453,0.0005693911583908124
178454,0.006447376956753869
178455,0.00018708469206396675
178456,0.0009347020574454473
178457,0.036615429608652314
178458,0.009469879824286513
178459,0.0014122163272193141
178460,0.0007474122152088419
178461,0.984862555425837
178462,0.00109413613956582
178463,0.00079506425691618
178464,0.0007305409584691647
178465,0.002576637780612164
178466,0.0001638894860250247
178467,0.004030857003186807
178468,0.0009145817203350333
178469,0.9763837286565539
178470,0.9794849598485055
178471,0.0011885496977605413
178472,0.00022960311535253215
178473,0.0006238970599812785
178474,0.0004016049644859666
178475,0.0018900171141644285
178476,0.004479416113399441
178477,0.0010130469538660266
178478,0.20547846021538715
178479,0.0005711792397350612
178480,0.9904802689526991
178481,0.0005231820240375608
178482,0.0012054634707923532
178483,0.0009399415221989971
178484,0.0016729507791924606
178485,0.002297882968038819
178486,0.006577515424492644
178487,0.9863842314697872
178488,0.9892806474245407
178489,0.015080334773816626
178490,0.00032081319268835115
178491,0.9936610683441061
178492,0.006381378471933842
178493,0.0001878334388995971
178494,0.0038944985920656163
178495,0.0016366793161895086
178496,0.07703851423790685
178497,0.007247452743411967
178498,0.16463918985238857
178499,0.00020504702091495686
178500,0.0005499497459635542
178501,0.0005015397943965742
178502,0.0002833523666170417
178503,0.000750636178147644
178504,0.008060961004362892
178505,0.0002606608608288826
178506,0.0003208854452482311
178507,0.0006869626309235206
178508,0.0008969528947102336
178509,0.0002766258941137339
178510,0.032894125486725545
178511,0.0020014282248091947
178512,0.0009804185678165148
178513,0.0009835954959591785
178514,0.0005502074734020757
178515,0.0005813825008039045
178516,0.0007830642816673515
178517,0.0826441740395941
178518,0.004722925290674703
178519,0.010914258224025487
178520,0.9931551345098856
178521,0.0020174034112564643
178522,0.00012887069843917827
178523,0.06632052048862794
178524,0.00590158721282506
178525,0.014948936671964981
178526,0.9840315494072521
178527,0.0003018668415624346
178528,0.013085427528882436
178529,0.0006316680842901226
178530,0.00021109240604895682
178531,0.9849227982084633
178532,0.024620571754726348
178533,0.00016161184458276807
178534,0.0005142161064878072
178535,0.00021989875240972697
178536,0.002381949280837635
178537,0.00028543922639834854
178538,0.9928462661184636
178539,0.007657286572980816
178540,0.08061738480900577
178541,0.0021881625080059563
178542,0.02875300653220145
178543,0.00038872651541557366
178544,0.0007868957350578752
178545,0.0005998743594784722
178546,0.9835111760238319
178547,0.00022772029678153687
178548,0.0009353953502419126
178549,0.0006667825591199042
178550,0.001818712374149718
178551,0.0003220365193042493
178552,0.00020073271373762964
178553,0.0011032259612652965
178554,0.0008272595771422359
178555,0.017718132782813246
178556,0.0005001542469618117
178557,0.013173520150858181
178558,0.0010795477007610821
178559,0.00018343016220586988
178560,0.02626188258987221
178561,0.00022357539689316352
178562,0.0013922796539796527
178563,0.0005077610248788362
178564,0.00028026306375425036
178565,0.9278805510408641
178566,0.033932120435900624
178567,0.016521513213316432
178568,0.055157113812806184
178569,0.0012431332851214594
178570,0.0004765435185242081
178571,0.014635628286263616
178572,0.0015453660740593533
178573,0.0034464799918870015
178574,0.0008274809353089836
178575,0.005446427711209189
178576,0.001052015595005458
178577,0.00132035877263748
178578,0.001256236079730243
178579,0.020172909075534186
178580,0.0003068925936531404
178581,0.9896185843475336
178582,0.0019320744281465215
178583,0.002738652750239279
178584,0.00042886024760919214
178585,0.0018286428781282811
178586,0.000656988905397985
178587,0.002169508317350937
178588,0.00028219102513143057
178589,0.0038479679086330133
178590,0.0052208583610987794
178591,0.0008548459413813334
178592,0.0004278845465419105
178593,0.001110680104910041
178594,0.006443295345416043
178595,0.8461760798349809
178596,0.0006638591187055271
178597,0.0014509730352809283
178598,0.00034790087829696494
178599,0.8752496993677553
178600,0.0005776924128823358
178601,0.00037855314263141764
178602,0.0009013336201870752
178603,0.005744733294105361
178604,0.0005048957172314116
178605,0.04978325154545895
178606,0.011999660347481003
178607,0.0006422715343236108
178608,0.0007437235574175012
178609,0.9888226345074348
178610,0.0002810056058578388
178611,0.0006231461586002794
178612,0.00033190501289626485
178613,0.003397411051955835
178614,0.0011885249998870465
178615,0.00023195976002705058
178616,0.04701015036461907
178617,0.000366449163361546
178618,0.009035018934904803
178619,0.0004369400555584084
178620,0.9912127980178373
178621,0.0010383800831811495
178622,0.0002729644158533366
178623,0.00016382235903338656
178624,0.021178854715242175
178625,0.9871918952476088
178626,0.008377907185970057
178627,0.012156153703685854
178628,0.0006154465241671404
178629,0.05374300455650491
178630,0.04270018645248291
178631,0.00042774377774121297
178632,0.000580522772275522
178633,0.0064134008907626395
178634,0.006607087991333656
178635,0.00029254691587181234
178636,0.9946371443650571
178637,0.0008516076330994298
178638,0.9355649071431906
178639,0.0017736815399785383
178640,0.008578416491431404
178641,0.01046933489348624
178642,0.010190298898483678
178643,0.00030235243665732616
178644,0.0037250713892311473
178645,0.0035788439047340775
178646,0.008459180819358116
178647,0.007844168362879853
178648,0.9928369581327497
178649,0.0064851899161313935
178650,0.0008063178688119106
178651,0.011708992103209115
178652,0.0005308568044761932
178653,0.1296145285400443
178654,0.0011225835433702764
178655,0.06427098939000873
178656,0.00018065073050033153
178657,0.0006978819354984941
178658,0.00028796274949780687
178659,0.00035951300449501113
178660,0.0010617448113749454
178661,0.00013827233271628423
178662,0.00031850058644682214
178663,0.010537219115634626
178664,0.0077112797519713365
178665,0.0002698327528957152
178666,0.1558713572027827
178667,0.00012761385010494545
178668,0.003287475470882266
178669,0.0008778744684701909
178670,0.0009872841490979934
178671,0.0003862427691137666
178672,0.00043957533790829075
178673,0.0018927926050405712
178674,0.012136072738780456
178675,0.0058273284467895295
178676,0.0002756369739363911
178677,0.005748517365127969
178678,0.005604651868284956
178679,0.0007439961702321688
178680,0.00029158786868377996
178681,0.0004172803722500617
178682,0.005602753255376321
178683,0.0003646745932217163
178684,0.012988807457481471
178685,0.004943371732794693
178686,0.0002789613189383066
178687,0.025195415555608135
178688,0.0004473372953573259
178689,0.0015878086745023893
178690,0.00015975915167246266
178691,0.00155398966513496
178692,0.0016738781488530219
178693,0.00020603434479607335
178694,0.002739927697858627
178695,0.0007845664001780658
178696,0.0033264822529651835
178697,0.9919666120462014
178698,0.0025945653072046537
178699,0.00017853308193134664
178700,0.0016678520812090758
178701,0.0004966965407023886
178702,0.9948928708460958
178703,0.001807858602455118
178704,0.9799755982588958
178705,0.0004488696422033812
178706,0.00030789751144030613
178707,0.007749879650104864
178708,0.0004885822632576811
178709,0.9925723493137771
178710,0.0003186902083948464
178711,0.007695435260895153
178712,0.0803927984830342
178713,0.00041477298824071104
178714,0.019458141562860392
178715,0.0007175953201465614
178716,0.09308976712125863
178717,0.8372174070012033
178718,0.0009701959942602645
178719,0.9838026157959091
178720,0.00029295021634488997
178721,0.09430759965885178
178722,0.00039961377828297826
178723,0.0006613878249253541
178724,0.001157655116511106
178725,0.0011533396199768782
178726,0.0008921370514258736
178727,0.002108526365480098
178728,0.0038860533013899143
178729,0.4248892023564652
178730,0.0002372529278025624
178731,0.0004582091517366074
178732,0.001981279388319652
178733,0.01927230076971973
178734,0.0010382063625369669
178735,0.0015157148034289905
178736,0.006554018876023392
178737,0.021272511901214375
178738,0.002543846189130863
178739,0.001289597841441996
178740,0.989878177746572
178741,0.0008181554259183787
178742,0.0011431060570606837
178743,0.00041745444128525524
178744,0.00038451950673159705
178745,0.0001532037531051546
178746,0.00177318844924767
178747,0.001713326770221158
178748,0.03943263714984374
178749,0.20544886856021055
178750,0.9967033254571178
178751,0.0003279980722667954
178752,0.011888187425346667
178753,0.013627642436787383
178754,0.011098295776695324
178755,0.0018786954570758764
178756,0.9858438595125718
178757,0.00101546085860096
178758,0.0010087318899576463
178759,0.0009577619754053888
178760,0.0005103502708252474
178761,0.00026341196737268507
178762,0.0004472076315984293
178763,0.0016400362124569512
178764,0.006333247350170069
178765,0.000919141806491528
178766,0.0035240799918302337
178767,0.0001756456940969924
178768,0.0006872144182665094
178769,0.9918047710338713
178770,0.0017759834031525004
178771,0.012984647800716455
178772,0.0007189349740698192
178773,0.0018983511551410742
178774,0.00673124058290274
178775,0.000759093036400948
178776,0.00032533635730191615
178777,0.0002693498056731761
178778,0.0019361617300477083
178779,0.9521691062458182
178780,0.002670580146029065
178781,0.9911969173487728
178782,0.00035098574924241675
178783,0.001400349082955057
178784,0.0003207169535553016
178785,0.0013628903674526966
178786,0.0014291789040310695
178787,0.00036926011649314987
178788,0.0008600149050173333
178789,0.004020203731165736
178790,0.00022477316716300268
178791,0.00021231231692531562
178792,0.00029382449975687443
178793,0.008559619032004067
178794,0.00027825950265526327
178795,0.017918339617519187
178796,0.0007867144821441054
178797,0.0015761816832057728
178798,0.0006802846048976196
178799,0.0008078587431115132
178800,0.00016550467798186373
178801,0.004232431258380455
178802,0.00019037290958321733
178803,0.0032382354990428608
178804,0.0007119218249660649
178805,0.00031763635689061563
178806,0.9719371479406487
178807,0.0004901555736845553
178808,0.0002792328046937028
178809,0.00043962730937696437
178810,0.0006175527426143767
178811,0.004818118919999332
178812,0.0002946404440355192
178813,0.001000560654567301
178814,0.9893927081769608
178815,0.014315797451328743
178816,0.0008112355356184616
178817,0.002464201849227977
178818,0.9862864268761192
178819,0.0020541330604919115
178820,0.0005760722978335777
178821,0.000582832210301518
178822,0.00030578166733605987
178823,0.0017500992500567444
178824,0.00016376146151536583
178825,0.0012143054100130736
178826,0.00038756340936447206
178827,0.0003727071094765347
178828,0.002909100416247762
178829,0.9714004974607492
178830,0.00090366117113259
178831,0.5740201791414239
178832,0.0007267299418675258
178833,0.0015337462266994985
178834,0.008415956456502458
178835,0.7169509674896556
178836,0.0002794803580076263
178837,0.0005045367633528414
178838,0.0013197035573602265
178839,0.008795372089618945
178840,0.0013721519098092135
178841,0.003252379219833451
178842,0.001047113072790539
178843,0.04805947527815549
178844,0.0010133827117089508
178845,0.544778020752109
178846,0.0006606519617015592
178847,0.00839741596731744
178848,0.0007230736648729105
178849,0.000707360914889478
178850,0.0004386716551299938
178851,0.0023713473860446765
178852,0.0015317903466019066
178853,0.00038033883880376107
178854,0.026283655426005605
178855,0.0008484240184886124
178856,0.001634094844702216
178857,0.0015709840258338918
178858,0.002062348060890886
178859,0.005611760147950817
178860,0.002875109224304941
178861,0.005722108662342728
178862,0.00030430989269227855
178863,0.0006398827546242413
178864,0.05021716486193128
178865,0.0006272758629807449
178866,0.0024051234587763944
178867,0.004777408888175206
178868,0.0007811180531540043
178869,0.0007517661350338282
178870,0.00047465986207275796
178871,0.9760202541454956
178872,0.00027742387161296307
178873,0.000358821944539043
178874,0.9810768871471885
178875,0.007932963034436216
178876,0.028452737617043086
178877,0.00045594395291753296
178878,0.00032726851613437626
178879,0.00045873144165995956
178880,0.9635611843798384
178881,0.0037138726987286375
178882,0.01155081944624737
178883,0.0002902335318919735
178884,0.9850385747835873
178885,0.00538084713721363
178886,0.0005062308981926292
178887,0.02730966294878487
178888,0.0031031162949526183
178889,0.0031582087703326996
178890,0.0006059309988716477
178891,0.9807940212942139
178892,0.00015572167996644556
178893,0.9354924611763599
178894,0.001021739936772347
178895,0.9718668023657954
178896,0.0006096404265880128
178897,0.01028606537543787
178898,0.0031295861852244536
178899,0.0006972815536022184
178900,0.00015323682288164198
178901,0.0010344954467341112
178902,0.000833162496305041
178903,0.00026495899994114376
178904,0.00029117624075066396
178905,0.000832197602121272
178906,0.0003314714251587601
178907,0.02795642713044715
178908,0.01636395325351878
178909,0.006296217328922383
178910,0.0008691059187871027
178911,0.0003731726053352171
178912,0.18681589856922023
178913,0.006360885267109002
178914,0.0008935196115574892
178915,0.0013285180607817795
178916,0.9818016863402953
178917,0.004138088738167678
178918,0.000356392182350305
178919,0.000266805795684069
178920,0.0002708432719318104
178921,0.004546645334861325
178922,0.0003766878824786753
178923,0.0013932046956437697
178924,0.00035831132134197743
178925,0.0008187396700507647
178926,0.00041207482320620656
178927,0.0009112128870361193
178928,0.00021162808735556213
178929,0.009810935636811775
178930,0.0006732027085443881
178931,0.0005233292227453323
178932,0.00031186532668433186
178933,0.008092564210738935
178934,0.992716218885376
178935,0.0007095890987882537
178936,0.037033725896871865
178937,0.005726174897114035
178938,0.00025219468358486955
178939,0.020216260825533145
178940,0.00336836889592818
178941,0.02816851810341114
178942,0.0013600387045031648
178943,0.011236788820555772
178944,0.0014137364778935776
178945,0.008854737649134276
178946,0.00018373763067468593
178947,0.9931094396837988
178948,0.0006016804959020406
178949,0.0002108412294491355
178950,0.12422538694834949
178951,0.01023326682472389
178952,0.0006515685256706611
178953,0.006100688708135987
178954,0.9933030877691041
178955,0.0073846684695696675
178956,0.0007141996024420857
178957,0.000859606972139299
178958,0.0006108212261888513
178959,0.0008724147400254338
178960,0.9949665862516828
178961,0.0026311925763011054
178962,0.00023755412620449584
178963,0.0002866188344725412
178964,0.00012275680242462375
178965,0.0001745321026003923
178966,0.002508683412456978
178967,0.9942479215987718
178968,0.00039834734031466047
178969,0.00017197213398291686
178970,0.00021936163977433475
178971,0.0020386604295904165
178972,0.0008871990574299021
178973,0.00023432093705893174
178974,0.0006464360002317091
178975,0.12043449100832007
178976,0.029171474848557536
178977,0.024563091134075666
178978,0.00033925266048749863
178979,0.0003957165590613617
178980,0.0005531043353965752
178981,0.00046465108268717374
178982,0.0005542213474526519
178983,0.6948820747932832
178984,0.0027453704346283594
178985,0.0010146926114147367
178986,0.00019490811830211608
178987,0.9941044360338293
178988,0.001001531092798845
178989,0.0014951619124144873
178990,0.0006100707745230067
178991,0.023419779993162887
178992,0.0008980802009853851
178993,0.0006006676465958261
178994,0.0008738628615054132
178995,0.001864809803930726
178996,0.0005891349737508387
178997,0.0004683158938491352
178998,0.006726781713868831
178999,0.03871902968772378
179000,0.00023562042076949693
179001,0.002160901829173622
179002,0.0013622478915279184
179003,0.08817537915962999
179004,0.0003944426323161282
179005,0.00106353323396091
179006,0.00042555261991909804
179007,0.00030736026309289855
179008,0.00018595727705323018
179009,0.0042798023475476375
179010,0.0004099431616317725
179011,0.8279143631633721
179012,0.006762322143669732
179013,0.0009998543607522435
179014,0.015533031480892872
179015,0.0031827213149808005
179016,0.006438488259747229
179017,0.9898887379049857
179018,0.00020918580487685134
179019,0.002072845551878955
179020,0.010613696192383757
179021,0.015024918293274576
179022,0.0011331472175560237
179023,0.00015969789893196057
179024,0.00039316054080034486
179025,0.00048793570863902224
179026,0.0008577550078746679
179027,0.0012153426451358752
179028,0.000963915936412903
179029,0.00858941520584749
179030,0.0014222369156792238
179031,0.0005903276951318581
179032,0.0006781288188993972
179033,0.00015386960489963117
179034,0.00029103850941548644
179035,0.00020704367440255405
179036,0.000834136385369103
179037,0.0004623542250574767
179038,0.000634920617269746
179039,0.00034604432217046055
179040,0.001064860458799861
179041,0.8799614404958614
179042,0.0005913610138295196
179043,0.0003768414363109874
179044,0.00023644670919136828
179045,0.0012967655493905164
179046,0.00022212978890905592
179047,0.00020541215100285728
179048,0.0032436216119451993
179049,0.00034623655638128407
179050,0.9813210200224252
179051,0.5166339081693078
179052,0.0002479867451854254
179053,0.0017625663489603445
179054,0.00012472367814794598
179055,0.006103957548503571
179056,0.26003753012465314
179057,0.000245921229381863
179058,0.0005528622866377301
179059,0.9892693502944208
179060,0.0002314476360210509
179061,0.00011500406453564516
179062,0.9637065829612147
179063,0.00033118735122951166
179064,0.002785027665135149
179065,0.0005527057938960588
179066,0.00020426673379466328
179067,0.0009464481887398164
179068,0.0008245494269166884
179069,0.0007347924833643143
179070,0.000517316744182426
179071,0.0009967983984944984
179072,0.873452794274106
179073,0.001529304419775297
179074,0.024398229202086417
179075,0.001386437358018754
179076,0.0002098617529482699
179077,0.9601360581024542
179078,0.0007270695036593991
179079,0.00039056798969487014
179080,0.0001923704994220587
179081,0.0009025050715123346
179082,0.0003101265977183638
179083,0.0035188537333755935
179084,0.004834655840683683
179085,0.9792452883337017
179086,0.0002530491474519475
179087,0.00026962791747202114
179088,0.9608837682646255
179089,0.0006763959539093772
179090,0.00037541712683262986
179091,0.003901172228409751
179092,0.0045165529260878376
179093,0.0009334157732311276
179094,0.12647157043742602
179095,0.01953167648245527
179096,0.00014455788499559172
179097,0.00018593943511596242
179098,0.006356898397366026
179099,0.0006682349116538828
179100,0.0006049883794336802
179101,0.0008392217714438592
179102,0.009717682184389613
179103,0.0024027089291997713
179104,0.008607213504022273
179105,0.0013438459697157027
179106,0.06365287359015502
179107,0.0008129142382588043
179108,0.0004730983021013472
179109,0.00034911756391054166
179110,0.9829152716926444
179111,0.008795225376802907
179112,0.002898684693431274
179113,0.0003102981924218054
179114,0.001195848264103375
179115,0.0012726526265871136
179116,0.9081690823455799
179117,0.00027505377235669226
179118,0.002488324555166836
179119,0.000289270603015944
179120,0.989052130881869
179121,0.0002244243563953748
179122,0.0008941829463918023
179123,0.00015088769871730027
179124,0.000371067681235156
179125,0.00019178397931437016
179126,0.0012062987872078468
179127,0.008508200460636148
179128,0.9437676047075371
179129,0.00040457951206550866
179130,0.0007867168184856978
179131,0.0003770830706530141
179132,0.004314450781272406
179133,0.00044481120049870676
179134,0.000715814477600236
179135,0.0006194733054260322
179136,0.9671919638533827
179137,0.00019557132090534927
179138,0.05001552442243361
179139,0.001007576525483517
179140,0.9851676882342643
179141,0.0008542313770185725
179142,0.00017555789854766822
179143,0.8980966143013542
179144,0.0010822424575794296
179145,0.0007964021463395288
179146,0.000620379825033035
179147,0.018844751534967015
179148,0.000323441510050463
179149,0.5849338671311133
179150,0.0009326528949681352
179151,0.001396077390971195
179152,0.1036760430169935
179153,0.00042871090640719296
179154,0.00024900347261619014
179155,0.00022548301769704675
179156,0.6766924300468071
179157,0.06388142522605499
179158,0.060089438027849155
179159,0.006285061796689972
179160,0.00036370010536863494
179161,0.0012969919207492095
179162,0.0003237997776282076
179163,0.0007364219372348114
179164,0.0003824596034293149
179165,0.012305369981781944
179166,0.001939917336693736
179167,0.0014545502152208184
179168,0.0025093421564417306
179169,0.0008197909990947235
179170,0.0005894381263707791
179171,0.0003910331506427851
179172,0.9926947114872177
179173,0.017915716194484343
179174,0.002626194622071634
179175,0.000943421913810038
179176,0.0003006605883658631
179177,0.0011166458901466683
179178,0.00024465691067848645
179179,0.006384550936889414
179180,0.002119178159423852
179181,0.00021502956818162923
179182,0.00034735690005452353
179183,0.00021471668477394439
179184,0.0003051814132640455
179185,0.0005588058765202278
179186,0.00033715722033960966
179187,0.01240141610868419
179188,0.9916826805191615
179189,0.009482012106154408
179190,0.0007528863916139638
179191,0.00026070672747214365
179192,0.9909825852995068
179193,0.013723922142648918
179194,0.06970255191984696
179195,0.9794904829932358
179196,0.0020130413005790735
179197,0.0005084792676988436
179198,0.00021433967080691023
179199,0.00030654438202948044
179200,0.007570988391192728
179201,0.00637708844989318
179202,0.0013465308395676195
179203,0.0028594337155533936
179204,0.001372492432116459
179205,0.0002693223635706804
179206,0.004782215975088898
179207,0.0011860455449009015
179208,0.0007079756270184112
179209,0.03143527348109131
179210,0.02568463501653916
179211,0.9855228167019374
179212,0.0002940262940176794
179213,0.0026815561863320556
179214,0.017853645868985562
179215,0.0017735638623038322
179216,0.0002690575626476694
179217,0.0005556180713675062
179218,0.0004520566109824715
179219,0.005565283901250401
179220,0.015760736396260158
179221,0.0001657098507914626
179222,0.0010192485866849863
179223,0.00019993108187239207
179224,0.0034413744398564482
179225,0.0008992088951792143
179226,0.016347686322182073
179227,0.0004771118431823822
179228,0.00040271733045899835
179229,0.0002606075391775006
179230,0.00022966451228037977
179231,0.027424984289358027
179232,0.0002087932283150643
179233,0.0005735968330664918
179234,0.0049085643168109
179235,0.0015143892044005877
179236,0.020583050948940917
179237,0.442686848214179
179238,0.0003354725944728649
179239,0.007136602926155542
179240,0.0011981478713333884
179241,0.0038250149296822212
179242,0.0019220587877227019
179243,0.0008233629169127895
179244,0.0006711638586140783
179245,0.0004919738601531515
179246,0.0004235150846783485
179247,0.0016510260414723584
179248,0.6243500575668224
179249,0.0023748690626999853
179250,0.9882079461587684
179251,0.12865456754296878
179252,0.00043783876507177293
179253,0.0003104057045017531
179254,0.5193598123476176
179255,0.004663033363573804
179256,0.0011545242520387211
179257,0.035695362698017506
179258,0.0003124499788898982
179259,0.021055457556818726
179260,0.00019233524111426814
179261,0.0006257593500620883
179262,0.006571385952067306
179263,0.9858516455787781
179264,0.000681152619202979
179265,0.03893174826232996
179266,0.01019923570767212
179267,0.00022972194888716674
179268,0.0009699101026639668
179269,0.01464118919601825
179270,0.00012581505416591672
179271,0.0033537663785638406
179272,0.8562843960991611
179273,0.9881735751073334
179274,0.0012933976971382403
179275,0.0005962089727799997
179276,0.0005838713015430637
179277,0.027650562954171596
179278,0.006559025780914739
179279,0.001978705869911223
179280,0.0009384626010899915
179281,0.9815208922336269
179282,0.0003977100520269574
179283,0.0007239213981877134
179284,0.0003666402731272857
179285,0.6396708663991709
179286,0.0001568304911222192
179287,0.00031985305091790215
179288,0.0018761111472338852
179289,0.0010315817583379356
179290,0.08969972604816052
179291,0.00035653522278065384
179292,0.0027507385278351844
179293,0.0005233335247197578
179294,0.00029395966753064013
179295,0.00023696707437047517
179296,0.00032334888381987275
179297,0.00017545462684556424
179298,0.0015447234375231542
179299,0.0008341386773773894
179300,0.00019095517612982858
179301,0.006005139499571482
179302,0.00016161431334657428
179303,0.0012692774742315426
179304,0.00029143253293147266
179305,0.9909118168805177
179306,0.0002510344054324824
179307,0.004999567983001263
179308,0.0017851364042631962
179309,0.0003968292300497627
179310,0.00027910043782305305
179311,0.00032674349571263587
179312,0.0022953307657261894
179313,0.001310221912295216
179314,0.0008701709317737564
179315,0.0030240295579046974
179316,0.000292532682641734
179317,0.001742860893958713
179318,0.0011856867913489588
179319,0.00020952194437638913
179320,0.003605192575742397
179321,0.0018100422279637301
179322,0.0003120361717390492
179323,0.0006678333857056104
179324,0.007530518106096702
179325,0.5973030431482518
179326,0.000270092884356126
179327,0.0004063003211417354
179328,0.00018008812216679015
179329,0.0015203524684873023
179330,0.0007063716933947072
179331,0.9940276314113106
179332,0.00018236230743332385
179333,0.00033992857455966534
179334,0.00022840546528199378
179335,0.0009317646223062985
179336,0.00046760279754870775
179337,0.005053005045151834
179338,0.0003594780980859341
179339,0.0019418363533570359
179340,0.0020286139523941447
179341,0.9825677555864082
179342,0.003954866074380264
179343,0.0010537895503097267
179344,0.0021202659020654125
179345,0.017546411643203207
179346,0.00019508108194510085
179347,0.0014406896314389248
179348,0.9923076017803202
179349,0.0016397104929743672
179350,0.003813966271155217
179351,0.00022448497867194934
179352,0.00047352622012853226
179353,0.0017068886697419038
179354,0.00022143637276837738
179355,0.00036886052044909906
179356,0.00023784042332537848
179357,0.001999409026616658
179358,0.0002495567458739638
179359,0.0081744894260103
179360,0.9896866707154617
179361,0.000472459669626365
179362,0.001146278382378265
179363,0.003207759434440651
179364,0.00022956893813003943
179365,0.0002789854757622913
179366,0.0008974985490328662
179367,0.0029370992720313305
179368,0.00028018914555103696
179369,0.0003491993895854259
179370,0.0010032786707991367
179371,0.0009600642279497464
179372,0.0751062628166337
179373,0.00025832085801513207
179374,0.0007320569247275079
179375,0.00026232254636005675
179376,0.0343371347899029
179377,0.003159801105254583
179378,0.037478690686124756
179379,0.9934496705619001
179380,0.12162476855011889
179381,0.0003542103042110132
179382,0.9010829612011877
179383,0.00029752566118810913
179384,0.05245521930984456
179385,0.0006737590559822055
179386,0.0005569940585637198
179387,0.001208502290755449
179388,0.9398500337167185
179389,0.00010620911749097815
179390,0.0005101209847767075
179391,0.08218620657804489
179392,0.9949418429625868
179393,0.00030214775936176385
179394,0.001529438242192296
179395,0.004329034869917624
179396,0.003589212934483906
179397,0.001990427259366579
179398,0.8242625001014323
179399,0.0004700890023345397
179400,0.9908539506942069
179401,0.0009314674793034006
179402,0.004493311887886741
179403,0.004546670307766487
179404,0.0028628626517428653
179405,0.0010392085606943779
179406,0.0006850354228549047
179407,0.018552683494462038
179408,0.00035594979074007557
179409,0.9797586862492731
179410,0.0023108228938392744
179411,0.015194491353367034
179412,0.007507553102625431
179413,0.0006468763375189926
179414,0.008593502713600118
179415,0.00021729231059875942
179416,0.010048720279793226
179417,0.0007052018708345588
179418,0.0004354712675226644
179419,0.002575900806342937
179420,0.9817195914733046
179421,0.0012442033312313932
179422,0.9901570132525266
179423,0.0008882684671725896
179424,0.0003422459866224916
179425,0.0006679850692867457
179426,0.0009274337396942387
179427,0.0004210522742219316
179428,0.0015086544345732894
179429,0.0012437254419837402
179430,0.05776685496202662
179431,0.0004052561819215562
179432,0.002194250610165805
179433,0.0007753335532273892
179434,0.0009858943922441345
179435,0.00024032867052027564
179436,0.000293717328429103
179437,0.05063031373349373
179438,0.012906728855330375
179439,0.00028094512117036324
179440,0.0004621339304712421
179441,0.0017928061467700521
179442,0.003979745936157243
179443,0.004511488547672267
179444,0.00019131523186466387
179445,0.000626585467894715
179446,0.0007467144526504513
179447,0.0002669341628262368
179448,0.0017995300007582074
179449,0.004695228331418874
179450,0.0007551686108824574
179451,0.9929705429644866
179452,0.00047312536363052675
179453,0.026564240819229926
179454,0.0008616847068236637
179455,0.0014955061568015032
179456,0.0023177395091825144
179457,0.0019286772528327924
179458,0.00016392966038314064
179459,0.0001772728306329238
179460,0.9589355434592951
179461,0.977899989859289
179462,0.005820817093887669
179463,0.9859314913833674
179464,0.0011511259499422412
179465,0.00048125732133904697
179466,0.0031285023516397087
179467,0.0006027940448192985
179468,0.0474458289221229
179469,0.0005571022657883724
179470,0.0005157984394988276
179471,0.9936624849341152
179472,0.00047743779388088837
179473,0.0010376788668385608
179474,0.14909533246049808
179475,0.01663387927050646
179476,0.01020572662757845
179477,0.00037543946197981425
179478,0.0005748596882715167
179479,0.0012796101473455852
179480,0.0004132615603390748
179481,0.0004290771176594563
179482,0.00024740492515950294
179483,0.00038958808182797355
179484,0.001493167012333303
179485,0.9864082113571112
179486,0.07044508145548603
179487,0.0037439048860499753
179488,0.0012388533951603093
179489,0.0024094789017342216
179490,0.0016016357606510323
179491,0.003452331988583864
179492,0.00489299247506808
179493,0.0021638271829794676
179494,0.0007582204584588091
179495,0.007467003923170361
179496,0.00028392637694540576
179497,0.010159984851949662
179498,0.0032530787086246576
179499,0.0002678875263483362
179500,0.002606397211528255
179501,0.015829130137926983
179502,0.0008381922519001627
179503,0.015788149856993682
179504,0.00041339145216821415
179505,0.0008395565328590872
179506,0.0016297553958453312
179507,0.007036453277177131
179508,0.0002190487586830374
179509,0.9928162837670134
179510,0.002526881019933254
179511,0.003257083607566941
179512,0.0003755518692529101
179513,0.0001753397441825583
179514,0.0016027457037916825
179515,0.0015427122150567809
179516,0.0003020385341594142
179517,0.00361697385707197
179518,0.0705636901689673
179519,0.0008279611490443139
179520,0.017978376219892744
179521,0.017282342714781962
179522,0.0008460561593877542
179523,0.00034904878596987005
179524,0.0002782442208037664
179525,0.0005307984387459454
179526,0.0006452069227595608
179527,0.0012754344876073679
179528,0.0003048021588974183
179529,0.018724039000638987
179530,0.0035964070648901417
179531,0.0015202451381974107
179532,0.0015665667587918442
179533,0.0036643473439490763
179534,0.00048692846757776814
179535,0.0004934958888786274
179536,0.0008099424394902901
179537,0.0007294891692281196
179538,0.0006378869082326155
179539,0.0074348416937782
179540,0.0008398099760937424
179541,0.009211507352934864
179542,0.0003142604714027429
179543,0.008451529164514778
179544,0.006463297977003395
179545,0.000146131646128068
179546,0.0012882903190286788
179547,0.0007340449216819099
179548,0.0019803092035005944
179549,0.015891508659535487
179550,0.0019366490549585975
179551,0.0013595938213861402
179552,0.00021547025333688757
179553,0.00027557234315759953
179554,0.00041081285304691716
179555,0.019460719380743775
179556,0.0709023974142882
179557,0.0006098535146607526
179558,0.9830870429439972
179559,0.001503731355491407
179560,0.0003836269166060058
179561,0.0003082699717298947
179562,0.9935331780615367
179563,0.006323895037807851
179564,0.00144445945003045
179565,0.006693631024378247
179566,0.0003383132639093331
179567,0.0004935816969793512
179568,0.005889513338321021
179569,0.00029322435097174485
179570,0.00211680840163772
179571,0.1719201180265584
179572,0.0005552967908895194
179573,0.0015162232819168873
179574,0.6924993755369238
179575,0.000390112486935619
179576,0.0017703959196832958
179577,0.00027657771352892883
179578,0.012159427815351875
179579,0.0002010427279199778
179580,0.000446276839014129
179581,0.0029673488086952924
179582,0.00029553720132909517
179583,0.030612238465330534
179584,0.014939521120784262
179585,0.00040478210510026894
179586,0.00027593313289395177
179587,0.029227894466065565
179588,0.02771908293387233
179589,0.00930796706884737
179590,0.0008070565036641533
179591,0.00025341712509907376
179592,0.0078112420488908475
179593,0.0005727233570445765
179594,0.009723317236985645
179595,0.002543261748746001
179596,0.05153212433797764
179597,0.0001936250073820931
179598,0.0005557515737209217
179599,0.004618914495889966
179600,0.5346008788099583
179601,0.0006192906818393761
179602,0.00032881635136018363
179603,0.0022151012621383845
179604,0.006338167793485029
179605,0.9942800277617464
179606,0.005808460186817955
179607,0.00048261774997021843
179608,0.0014568586700819724
179609,0.0013599565980280917
179610,0.5147869890095662
179611,0.9648164268086408
179612,0.006092664354314528
179613,0.0014231677204261893
179614,0.0008180693942492561
179615,0.0005591452849559792
179616,0.001012838788415344
179617,0.01918165209023464
179618,0.0007850100587600459
179619,0.0016988570581708928
179620,0.0018239674143021144
179621,0.006654846435454897
179622,0.00021608222082607426
179623,0.014463978516348144
179624,0.9942516680394511
179625,0.0004062463915202887
179626,0.0010005544111132687
179627,0.002092766346624178
179628,0.0004317897486121598
179629,0.0002662903269964818
179630,0.051396727056174284
179631,0.0003218632728517582
179632,0.00025562984686621713
179633,0.026019349336589104
179634,0.0004511951840638748
179635,0.0011881111478113592
179636,0.0009104656351463075
179637,0.0034904690141521694
179638,0.003990379114322191
179639,0.9901389063542172
179640,0.0012790929981267196
179641,0.0004396222238733421
179642,0.9905411917998864
179643,0.0008445370889760063
179644,0.0005198578482663003
179645,0.00030480633239749166
179646,0.9952297244146153
179647,0.0016416732523303961
179648,0.00041155836415190694
179649,0.0003107664501654351
179650,0.992100529407002
179651,0.0005083941563981048
179652,0.012301738946151232
179653,0.0001401189527300209
179654,0.055103251429305
179655,0.1589059913334277
179656,0.004622818895040124
179657,0.0012575364819870701
179658,0.00045264628945464804
179659,0.0010071028007721933
179660,0.0009637431052176889
179661,0.0009759203165094048
179662,0.0009322837332876764
179663,0.996664683569579
179664,0.048902760377320297
179665,0.000451583598150825
179666,0.0031916537336095117
179667,0.0015530208186954185
179668,0.16457109802448386
179669,0.005402487452449788
179670,0.00032739827527299956
179671,0.0006484721144907115
179672,0.017087066536124924
179673,0.9907835178648399
179674,0.9855494942558812
179675,0.0010037978145214924
179676,0.002238986548528754
179677,0.0009268491668110716
179678,0.19074916583878287
179679,0.0038929070686647134
179680,0.0006198417988674582
179681,0.0013317177439698747
179682,0.0004394265998616303
179683,0.0005674383515945227
179684,0.0013402119658538403
179685,0.0025232522719287683
179686,0.00026821060211206996
179687,0.5790716854802146
179688,0.02348491456170043
179689,0.9786977115014109
179690,0.0003716379089884741
179691,0.0011096896206686452
179692,0.006802167788257174
179693,0.010928873497108457
179694,0.00041374937016386537
179695,0.008207971795767268
179696,0.00043325203164730594
179697,0.00022867775342173114
179698,0.01940596577284918
179699,0.0020358657362174724
179700,0.009426565168746601
179701,0.010262645506989743
179702,0.0003978943185053758
179703,0.003924063513759866
179704,0.028715947517140693
179705,0.0004900553327349737
179706,0.00028604933584033956
179707,0.013906395280340211
179708,0.0009302331249359128
179709,0.0002582790987821645
179710,0.0003914070020351017
179711,0.05646039463712897
179712,0.0012417436620781848
179713,0.0008237070154243382
179714,0.00830013083798456
179715,0.0006645622325812513
179716,0.0009281032824687345
179717,0.0009040596925792454
179718,0.06204044995196334
179719,0.001719682306893982
179720,0.0011534375397978603
179721,0.0044150045456089
179722,0.0007708174451304593
179723,0.004407845126161418
179724,0.0016972915245752338
179725,0.00040718193042909375
179726,0.0022864097041870994
179727,0.00021617381795857233
179728,0.0006073110665330981
179729,0.9919073783894659
179730,0.0024316972844180135
179731,0.005242820271061775
179732,0.0010000523992050535
179733,0.0007574723937360042
179734,0.9864441399138599
179735,0.0003228719236618055
179736,0.9880325727423513
179737,0.0001345545018134466
179738,0.00038405643801477
179739,0.0005762286898521893
179740,0.0013595032694511179
179741,0.0004063515662823408
179742,0.0011808438312063353
179743,0.0005666397637505351
179744,0.024830859769228934
179745,0.0024529193201994243
179746,0.026319764111805723
179747,0.009116092652843386
179748,0.007903220074418056
179749,0.0005743352601295293
179750,0.0012615431884644463
179751,0.0002991186506999387
179752,0.002837254265262223
179753,0.0862162675594481
179754,0.00030871373038710703
179755,0.00044702695500470574
179756,0.006360773023266098
179757,0.0021730802501821237
179758,0.052203959245337196
179759,0.8459534627807754
179760,0.0005670823551037391
179761,0.0011904886777072987
179762,0.00038826057832090703
179763,0.9412721903965392
179764,0.00028364307692921585
179765,0.991191175482191
179766,0.012349979579544597
179767,0.002060087067790396
179768,0.8452008484729999
179769,0.0008314561397061806
179770,0.002552786983003413
179771,0.00036878439308994887
179772,0.00854447131399968
179773,0.0005359257520057688
179774,0.0001977007611121304
179775,0.0010152252755540037
179776,0.00020171406003077237
179777,0.003060436765804067
179778,0.001339725275461062
179779,0.0017555608847860697
179780,0.005202229672286217
179781,0.14820838619684726
179782,0.000330243733186787
179783,0.0005873902639337977
179784,0.021637997725488405
179785,0.0008843051521214357
179786,0.0187422144621705
179787,0.000314479531848686
179788,0.002244593254280256
179789,0.0004658798291472441
179790,0.0004295496537958264
179791,0.0314581945428348
179792,0.0007252352791542142
179793,0.003309682895951368
179794,0.00465326329265385
179795,0.0006006029101166147
179796,0.037254196857223996
179797,0.00029714802925514015
179798,0.00037662409526565083
179799,0.0004355122300455984
179800,0.002728827226014025
179801,0.00021819070024914174
179802,0.04589294776747395
179803,0.991674790305336
179804,0.0013928482944425577
179805,0.006192805253983507
179806,0.0019056109463661186
179807,0.0009711953331932914
179808,0.00013610267548769373
179809,0.015608791020824016
179810,0.016466164095315566
179811,0.0024333950115721465
179812,0.029492762814479843
179813,0.0015288405456329974
179814,0.008961659341730025
179815,0.002650345031865367
179816,0.0006096187690676296
179817,0.007264874314213328
179818,0.03960919543236619
179819,0.0025731905761753483
179820,0.018451648943786522
179821,0.9941490572735115
179822,0.004138126774581684
179823,0.992063451976174
179824,0.0001772126112981737
179825,0.009105382736465861
179826,0.005087697801950228
179827,0.0015495803817589886
179828,0.0004484113159676915
179829,0.00028445724974387294
179830,0.8451105555879994
179831,0.0010196841236976438
179832,0.00045003452970337256
179833,0.000669817577981801
179834,0.0010091645365898883
179835,0.00039825986078835095
179836,0.00167140692160094
179837,0.0004396552920376703
179838,0.004644757269839894
179839,0.0004909813910309773
179840,0.000187204638816488
179841,0.00013047613143633532
179842,0.0006685842137246632
179843,0.0025745096539844686
179844,0.0006458887664501507
179845,0.7728509467046453
179846,0.278777094573724
179847,0.016401620519354034
179848,0.00021157778609567684
179849,0.002875456325695544
179850,0.00028280749333977007
179851,0.0004737205483173294
179852,0.0009245279535112977
179853,0.00021887384894823524
179854,0.0007217031872736804
179855,0.0004860309369743537
179856,0.0006888912587006002
179857,0.0008924101063545018
179858,0.00025702305669257603
179859,0.0013703269677156364
179860,0.0009204222428536431
179861,0.0001465755048894897
179862,0.0006684165778784843
179863,0.00539854888750174
179864,0.0009706539740380099
179865,0.0008948764038212987
179866,0.0014662735518293324
179867,0.00015908517740049986
179868,0.9861899984266745
179869,0.0018535564882009394
179870,0.000546070468324575
179871,0.43546686971780235
179872,0.0012762244868624352
179873,0.00305579484909968
179874,0.03678582636913577
179875,0.0015000591491187547
179876,0.011085451136386835
179877,0.00020143504681450426
179878,0.0054121622217794515
179879,0.013668327563663348
179880,0.0004732320384452329
179881,0.0005556475030893872
179882,0.7482968239210556
179883,0.00041783060990304273
179884,0.9924761402345488
179885,0.0002942333917042847
179886,0.009583704714134316
179887,0.0015648514777759114
179888,0.6913786216530483
179889,0.009493947608085732
179890,0.00047063025330807437
179891,0.0007375431243806371
179892,0.009370292535132475
179893,0.0002756886491999769
179894,0.002608751656207967
179895,0.00481166773804332
179896,0.0024170353952145617
179897,0.031061362819742932
179898,0.38218212617749925
179899,0.03196215090390287
179900,0.9864336714772152
179901,0.0007713959173530608
179902,0.0016095212716539622
179903,0.0018696758331668802
179904,0.0010703774024881318
179905,0.00709588092568711
179906,0.0002119627870656735
179907,0.9888956769523961
179908,0.0013607435227677583
179909,0.0005416916474051171
179910,0.0006352083785720517
179911,0.0001330186907827487
179912,0.009669793888118318
179913,0.0014429543404686621
179914,0.0004543004249595996
179915,0.0004972994396629423
179916,0.0006880282113974189
179917,0.0002567557047400497
179918,0.0008305133559453527
179919,0.000777080102215245
179920,0.0009916353139092539
179921,0.9857787724852115
179922,0.0003193235350481196
179923,0.000383750782169391
179924,0.0001369105990767296
179925,0.0033044595819040914
179926,0.9914241245728392
179927,0.001198246159727573
179928,0.5001845305735954
179929,0.001142782692800184
179930,0.0007302250869893194
179931,0.0004077050931168461
179932,0.00016394646296482676
179933,0.00036809763673283454
179934,0.005967609973733385
179935,0.003079695631975519
179936,0.0013031019400820318
179937,0.0020646559862543363
179938,0.00677011016028724
179939,0.6243211852836643
179940,0.004691947117612856
179941,0.000636723811658536
179942,0.030949343812172913
179943,0.00033404285188511534
179944,0.00038879986991253627
179945,0.9408979844278723
179946,0.002413921803962825
179947,0.00029037866290477116
179948,0.00028298527500059687
179949,0.006746154152910584
179950,0.0007194835252971704
179951,0.9929257577361541
179952,0.0006955807360571919
179953,0.0003156029975700112
179954,0.0011117527313119625
179955,0.0003387556515163132
179956,0.013908003355531502
179957,0.005261175254238105
179958,0.003057080702700308
179959,0.00017632136840080916
179960,0.02462559803869824
179961,0.00029725215057691673
179962,0.0028034826757925768
179963,0.0002780125310167378
179964,0.00293403267178473
179965,0.0004654618303344795
179966,0.011212213449822235
179967,0.9918244051320069
179968,0.0017579205966793017
179969,0.11584628382283
179970,0.0013644544932285181
179971,0.00011099329333707634
179972,0.009358770591540787
179973,0.001421328455312784
179974,0.0003687124043954532
179975,0.002660194873353684
179976,0.000344022733617258
179977,0.0006014418022048906
179978,0.001375125179262714
179979,0.011152966000636677
179980,0.0016271001397444684
179981,0.0019590208010997526
179982,0.00023831817698541564
179983,0.0005617273787966172
179984,0.0028752498145637718
179985,0.033885671287802316
179986,0.0002712345225644023
179987,0.9898949548325828
179988,0.0006315211039288489
179989,0.00020398541965254165
179990,0.00041861394287298826
179991,0.00033866622695869495
179992,0.0017803734900293127
179993,0.006746814215355382
179994,0.008800906596370879
179995,0.02085125138053288
179996,0.0005636102149593622
179997,0.11983065388151236
179998,0.0004471652403404187
179999,0.0008176471333517905
180000,0.0035476654937093757
180001,0.0012270385158569051
180002,0.0008913997020710518
180003,0.0006125494365804408
180004,0.00028043952040818286
180005,0.0004249213231872224
180006,0.00037843113565642846
180007,0.0004025526220581625
180008,0.00039106612024291217
180009,0.0004445900153959132
180010,0.001186350861732236
180011,0.00285214590842631
180012,0.0003356737920219965
180013,0.8167000918420327
180014,0.0005150435552070179
180015,0.9943712355148245
180016,0.012048427182821009
180017,0.001000537384163107
180018,0.00022210498380932284
180019,0.017938165850847423
180020,0.0006936549265933988
180021,0.0013461568292116232
180022,0.0006462056117340752
180023,0.0002726855843870173
180024,0.0014884207616184823
180025,0.0007988947551499144
180026,0.007111289063234233
180027,0.00040128714918798223
180028,0.00013017378519854738
180029,0.000664162204537671
180030,0.0006063467035523874
180031,0.0013283494973898376
180032,0.0003114454495908107
180033,0.993228814051795
180034,0.0011291579387942975
180035,0.9746300044239151
180036,0.0016581507648485499
180037,0.14648027456767296
180038,0.017794416144534215
180039,0.0015187248744885054
180040,0.00028706554432777597
180041,0.01327847779047142
180042,0.002319186241764204
180043,0.0002529658693629518
180044,0.0002905235301717879
180045,0.9922147427023726
180046,0.03914613993935239
180047,0.00018055624712437143
180048,0.0005407672672297639
180049,0.0010609109749378247
180050,0.002789093906699444
180051,0.00017250681836283822
180052,0.015959369119235144
180053,0.016919354281353185
180054,0.00027938178363837916
180055,0.0013941035912851353
180056,0.020152626197960866
180057,0.0006855036033323023
180058,0.0007489628895484407
180059,0.008503728045732916
180060,0.00035098024406945885
180061,0.0005206793774110569
180062,0.000583362761500534
180063,0.005821326634723727
180064,0.0004542453839099615
180065,0.00037448491217150105
180066,0.00038509684117027235
180067,0.0004376842269390024
180068,0.0024299243403465044
180069,0.021480788106847983
180070,0.005829290024388124
180071,0.003099690191479412
180072,0.00023168132103003244
180073,0.007225418999059151
180074,0.01706073581385148
180075,0.0008582516970017113
180076,0.0006917021282048469
180077,0.02613430507362578
180078,0.9838128429817842
180079,0.3448056107511953
180080,0.9567521963285229
180081,0.00014137479013896575
180082,0.0007761117498531974
180083,0.00048544810800344536
180084,0.0007915530504211586
180085,0.8794877698050269
180086,0.013621165092778602
180087,0.002319384608392162
180088,0.006882107867775813
180089,0.0069858798406532445
180090,0.018267171595125576
180091,0.000707908965340785
180092,0.017797251347990817
180093,0.34468647075395653
180094,0.0002351363470210939
180095,0.00016039972489144218
180096,0.004739220441408509
180097,0.0008764984461038946
180098,0.0008066465782836641
180099,0.013371564696337062
180100,0.9858646924063745
180101,0.004909244357857715
180102,0.0036614671696637915
180103,0.00017446809991852592
180104,0.00037329433549835987
180105,0.0014253655603448866
180106,0.0001765132175731332
180107,0.0007264810844889974
180108,0.0002411406363463485
180109,0.0005398834105956375
180110,0.004426324128766889
180111,0.0002501359364809771
180112,0.0008623648339807739
180113,0.001512020885842483
180114,0.0003378589655487546
180115,0.000533834930363752
180116,0.0021391526964927893
180117,0.0002375087032836494
180118,0.0005750296432929749
180119,0.9596655608988583
180120,0.0011762141674588698
180121,0.00035336343586080886
180122,0.11446577415207299
180123,0.01749851974717716
180124,0.003856928325596399
180125,0.010487159259807576
180126,0.001068178911092053
180127,0.00026130765856364395
180128,0.0024376436763319225
180129,0.8264405628653495
180130,0.9712966868886324
180131,0.00012621975988522495
180132,0.021501978027630955
180133,0.026379518073181608
180134,0.0036272759242026572
180135,0.007007075434006674
180136,0.0008933171253441377
180137,0.00021651553214812306
180138,0.9631426888962743
180139,0.0010732978746407205
180140,0.00030011565332199546
180141,0.000910625372420576
180142,0.0005836531100242335
180143,0.0006591359700341616
180144,0.00042142988678013117
180145,0.0004640759130817407
180146,0.0007290159550260093
180147,0.0006752121637550473
180148,0.085858269738628
180149,0.0032290117135927257
180150,0.000304300577141338
180151,0.0007000385999723478
180152,0.0005061999868947517
180153,0.02803769272316569
180154,0.00185520158533457
180155,0.00024691093191344873
180156,0.012969665004957024
180157,0.05430286225180289
180158,0.003271679644262547
180159,0.0010469518576132833
180160,0.8670509751616831
180161,0.0004470579395775137
180162,0.04201916644300055
180163,0.0009589319076953214
180164,0.0324947386778992
180165,0.0003438089301678732
180166,0.017453186170564603
180167,0.0007645626929556052
180168,0.9902251351712619
180169,0.0010058517040353737
180170,0.0008894579877914013
180171,0.030282891253586054
180172,0.004017083924073543
180173,0.01701039832253348
180174,0.0013908135795674883
180175,0.0024800262703012737
180176,0.012423612902628315
180177,0.02380367177858983
180178,0.0005912210843418047
180179,0.0048381695870861234
180180,0.00386247893347579
180181,0.0005565479410807154
180182,0.00041832634222765415
180183,0.00029511000841837327
180184,0.00021426060756968084
180185,0.9950837357201684
180186,0.009910673209262783
180187,0.0001381363866046538
180188,0.00902719048794312
180189,0.06339202767827258
180190,0.00020906123397737808
180191,0.0016762504309041266
180192,0.0006121470076356706
180193,0.09587840852670992
180194,0.9875812490362161
180195,0.031257964386310726
180196,0.00030763262549914696
180197,0.0014546891095323078
180198,0.00013240552669800478
180199,0.0004964835143500999
180200,0.032286441456369254
180201,0.9892282576244714
180202,0.0005757359020189868
180203,0.0026486568432500836
180204,0.0005180332765352035
180205,0.0005517811622365559
180206,0.0009630085508875587
180207,0.014522511768366234
180208,0.0037217505372921394
180209,0.0003008415394756994
180210,0.00045956680211637794
180211,0.0008871286194570356
180212,0.00015246792824336248
180213,0.0005648773613564612
180214,0.0003453244871463264
180215,0.00015449258455387815
180216,0.00023609796662347156
180217,0.0007752925997705406
180218,0.00027211234842536145
180219,0.0034998631799300307
180220,0.9898459224428016
180221,0.0019181480878237595
180222,0.000555628400886572
180223,0.001510747190696731
180224,0.0010794450837923882
180225,0.0009084037494178169
180226,0.0048478615462985986
180227,0.9846365716055757
180228,0.019886662732737252
180229,0.0010081651071680395
180230,0.01781065028207617
180231,0.9826130728191735
180232,0.00035970196620641005
180233,0.020519406509470706
180234,0.00023108794464188513
180235,0.0016489426893283483
180236,0.0002585674344020329
180237,0.0002942348766652721
180238,0.0009604624016875192
180239,0.013392429513437967
180240,0.001261488701714178
180241,0.006728138138782425
180242,0.0010555753417138738
180243,0.00026531849887195856
180244,0.0005470447951674067
180245,0.0011273408703547717
180246,0.002615495929821568
180247,0.003242836131949297
180248,0.003191749708015034
180249,0.0005399614605405455
180250,0.990443051674074
180251,0.0022791388114617056
180252,0.0005599267938812809
180253,0.9942450317993679
180254,0.002918655983959068
180255,0.0003450680133863265
180256,0.726710271332188
180257,0.9866133105317659
180258,0.003894091597233934
180259,0.003631527314737651
180260,0.0010003186995582222
180261,0.0012928145240354637
180262,0.000757724349838837
180263,0.12405823360827202
180264,0.33237228165853355
180265,0.0004495769240102411
180266,0.0008687731890290993
180267,0.0015129821180696725
180268,0.004685414637204697
180269,0.00229102472031335
180270,0.0002858794128381278
180271,0.0014029912778781783
180272,0.00015452462664310062
180273,0.0003300603895985228
180274,0.0006109771759261395
180275,0.0009781833512404147
180276,0.9918156262008455
180277,0.0019474760198887205
180278,0.0008823310410979222
180279,0.021605153409339117
180280,0.0005782493785694599
180281,0.0029696968495405373
180282,0.0030811761535263806
180283,0.986548452357135
180284,0.0002827289911998112
180285,0.0026084009167338645
180286,0.0010901881481357398
180287,0.0125314018790772
180288,0.0017524124252574493
180289,0.001990164915470881
180290,0.5376977340247084
180291,0.0289961539403717
180292,0.9963165226387989
180293,0.00034993341461229813
180294,0.0005645019779028619
180295,0.020050271754366807
180296,0.0008888644911505452
180297,0.0024101654994990312
180298,0.011152418272003067
180299,0.4750950762275672
180300,0.0003369394656426214
180301,0.996010236866374
180302,0.0019012207277469713
180303,0.0020826452192269445
180304,0.0036199630506019357
180305,0.003164317037457921
180306,0.9838674081629344
180307,0.0001973384604452627
180308,0.0003290947368960836
180309,0.0007153264189765784
180310,0.0014061847510944238
180311,0.055008772047164624
180312,0.04506523439403608
180313,0.001839488120704733
180314,0.00022833802727724003
180315,0.00028918072095163703
180316,0.9915266117673022
180317,0.9920048368858413
180318,0.03220436924625064
180319,0.0031919608433666666
180320,0.00045652757074979554
180321,0.008232313269580726
180322,0.006388707861735412
180323,0.0007710059376251169
180324,0.00035992591355693207
180325,0.8206237818325818
180326,0.012868135053404936
180327,0.00559687221286191
180328,0.742056718514814
180329,0.0002924236721253506
180330,0.019028120595848973
180331,0.00039895336486963544
180332,0.03417594927868324
180333,0.0004354831705517631
180334,0.00027931620382245316
180335,0.0002748787262592667
180336,0.9933105923900721
180337,0.03349885386489587
180338,0.9911074096677102
180339,0.036401203073820006
180340,0.032019555184716664
180341,0.00044683715974650894
180342,0.0017704215388596625
180343,0.0028601954795463695
180344,0.0002277543415437539
180345,0.024660856929494886
180346,0.0002799138699554475
180347,0.00020566559299837992
180348,0.0005346446567859345
180349,0.0006047042878115116
180350,0.018212776328764894
180351,0.0035153331464477383
180352,0.02272196802657112
180353,0.0050277262460291525
180354,0.0073628715512728355
180355,0.005198850754977995
180356,0.9731859598036446
180357,0.004013331402029398
180358,0.0009219024620436595
180359,0.000588742769150722
180360,0.008826930932762649
180361,0.011813434885859026
180362,0.003019382655611406
180363,0.0008406694273204687
180364,0.002039195888457015
180365,0.0009610381885522907
180366,0.00039142767554347464
180367,0.00031262998285785416
180368,0.0007465761323337557
180369,0.0011557495800009875
180370,0.9932617800729532
180371,0.000904980303332983
180372,0.0003958973937739479
180373,0.0009669957387358148
180374,0.0030790671255594157
180375,0.001996370792190653
180376,0.00035376091816174016
180377,0.000662102786331806
180378,0.0044008041306213014
180379,0.001452117255082468
180380,0.9911583172959657
180381,0.010612068247214996
180382,0.991553060876145
180383,0.0007586093590692977
180384,0.012582818367954142
180385,0.0004841401826134777
180386,0.010880383384415096
180387,0.006226948603563211
180388,0.0002371719262619588
180389,0.0021709559231820864
180390,0.029765864859159642
180391,0.9863237071974233
180392,0.021263148667433875
180393,0.00019362560870311526
180394,0.004275601359727622
180395,0.0007600126762501408
180396,0.0011550046142192257
180397,0.000360946284453688
180398,0.036581130405344046
180399,0.9942026592778946
180400,0.016726947528990142
180401,0.0030967696811132254
180402,0.00036370498346626726
180403,0.0013956192746427847
180404,0.0040371514671531
180405,0.006670923959829323
180406,0.013251629285540283
180407,0.0004500264258314584
180408,0.0005728847720027226
180409,0.0020638381031241448
180410,0.0020366502934365737
180411,0.021476501902943056
180412,0.0004688200912556393
180413,0.0010871316876968665
180414,0.00024313153471865333
180415,0.011619996157878553
180416,0.0004774027502665633
180417,0.005490814007193789
180418,0.002733958668262495
180419,0.0009257049362330388
180420,0.00019288918761050503
180421,0.00042304937386561
180422,0.000330772989346503
180423,0.0023389596044979684
180424,0.009610107311092525
180425,0.00035673204182449305
180426,0.0017605153521956683
180427,0.01938842843943978
180428,0.000587843879186792
180429,0.0011461024405182469
180430,0.0004088041855101878
180431,0.0009441933567484322
180432,0.00018496128841285732
180433,0.20580344687686059
180434,0.0006860124442170975
180435,0.958994267328714
180436,0.0002518488116657636
180437,0.0022347014119493322
180438,0.020768145889445463
180439,0.0015374347117183712
180440,0.005190224993283419
180441,0.003999807139037966
180442,0.0028472686177836238
180443,0.002149904029210515
180444,0.0004893618946032101
180445,0.014580603803024108
180446,0.0017577170856526813
180447,0.0006483425976360249
180448,0.007589024187447069
180449,0.017184988922139006
180450,0.006538794489312219
180451,0.0449414134257903
180452,0.00015357228899405898
180453,0.46607632651549685
180454,0.000933821687720124
180455,0.9933860759057371
180456,0.0010342013748404722
180457,0.0003624693653098283
180458,0.0005770701837270202
180459,0.00022443560348641415
180460,0.000338440669675717
180461,0.0038547823110219753
180462,0.864271850471321
180463,0.008272404368675785
180464,0.002491790228497715
180465,0.0007257392098837838
180466,0.0006719351323997344
180467,0.04359192784985092
180468,0.002896778650116762
180469,0.00045455632496188965
180470,0.00026166859581281445
180471,0.0005700021925658941
180472,0.00039425271094158115
180473,0.2107862271749357
180474,0.0002911289850299166
180475,0.0016750431905561188
180476,0.9820352871892888
180477,0.0003453852667526191
180478,0.0002689089804871667
180479,0.005711527148955105
180480,0.00627549878418231
180481,0.0006439415955286543
180482,0.0005537304189766436
180483,0.0005823040855236631
180484,0.0009186943647724437
180485,0.0007339582407641512
180486,0.0017539096978001867
180487,0.007018845976487668
180488,0.002341242236635486
180489,0.0032116244846167085
180490,0.013028475559327733
180491,0.0007008558295980783
180492,0.010485372710087575
180493,0.0007490720668680193
180494,0.008450573759034323
180495,0.020909375725731042
180496,0.00014522706502676321
180497,0.00017276712021607897
180498,0.00018878348938681627
180499,0.0005928229107578147
180500,0.00029535052259811365
180501,0.018520616873447335
180502,0.0008357763603502667
180503,0.0002837973151959884
180504,0.8629207198615887
180505,0.0026440910115521268
180506,0.9905569965793719
180507,0.8990486768306711
180508,0.00030541113430261044
180509,0.001742326474448068
180510,0.007865513905756918
180511,0.0006528177610835616
180512,0.0006975871671042768
180513,0.10172184742369764
180514,0.000955333552822796
180515,0.0029888699827207983
180516,0.0017517323770586913
180517,0.9888547532873682
180518,0.0009568204343012983
180519,0.0021374560385355925
180520,0.00029988552019603935
180521,0.00020467096940182238
180522,0.00026103110564792487
180523,0.00028558852293417646
180524,0.0004432703770094371
180525,0.0013444264782187315
180526,0.020338073765096235
180527,0.003006510919670169
180528,0.002446963443303046
180529,0.0033999938707325247
180530,0.00038219634925157575
180531,0.01288824579329105
180532,0.0008110225194797016
180533,0.0006522915589052035
180534,0.00020841558228753797
180535,0.001018387941416609
180536,0.006229018901882552
180537,0.00016339197129727477
180538,0.0010603677596927753
180539,0.0012293632051502282
180540,0.0002980315951842278
180541,0.0010387091599358856
180542,0.0025258125776762407
180543,0.0002174895633040526
180544,0.0018174402703468183
180545,0.14635290358421232
180546,0.0007299507008828118
180547,0.005374780731340493
180548,0.0012708559771357432
180549,0.0007595819985080888
180550,0.3284488861477219
180551,0.8866477444057647
180552,0.00022353507362409734
180553,0.0046596948296600054
180554,0.007228684993253088
180555,0.00048760092895956816
180556,0.0006497996276120183
180557,0.0009140734382691064
180558,0.0007253430732357526
180559,0.006305942199613016
180560,0.0012923527993779374
180561,0.006079153108936175
180562,0.9894653481792131
180563,0.019078679223196927
180564,0.03242764771266341
180565,0.012615852627199583
180566,0.010147149476465325
180567,0.002613562273014204
180568,0.9630620272049074
180569,0.08238928270994644
180570,0.0069181181625256605
180571,0.0005304342366371298
180572,0.01877624551778277
180573,0.0006985247018346178
180574,0.9974680153396585
180575,0.001960889264882518
180576,0.011672743165035795
180577,0.12920258105979562
180578,0.000531072990069291
180579,0.9751536031267889
180580,0.0010919469468924955
180581,0.0001494439827539508
180582,0.007137773382443822
180583,0.0006011258775476353
180584,0.00032112150012170084
180585,0.0013926753119777508
180586,0.0011711545450292806
180587,0.6182791127667971
180588,0.003058092799422422
180589,0.00908315019920079
180590,0.000444283412926547
180591,0.010207433776491616
180592,0.00036092805546194764
180593,0.0048033810785014265
180594,0.001967169078670477
180595,0.00042951178794652046
180596,0.013021439784352558
180597,0.00043535578224204377
180598,0.0010673343668469164
180599,0.0007782645734301233
180600,0.00025464989862705647
180601,0.0017588279432132232
180602,0.0006358706267815424
180603,0.0009283458234486304
180604,0.0003109633941635946
180605,0.0011965876398897727
180606,0.01904272139543057
180607,0.008404260297434369
180608,0.00035232416374970547
180609,0.0003167932472063232
180610,0.000982068455629324
180611,0.9926019899608457
180612,0.0004238437613186908
180613,0.8472303084604902
180614,0.001003741884459714
180615,0.04793084067045994
180616,0.4490632192458914
180617,0.00047560485973478073
180618,0.972849408003452
180619,0.008184494701825428
180620,0.0022908757007769356
180621,0.0015136493056856655
180622,0.004093781628058985
180623,0.00043737116063272043
180624,0.6575841291381886
180625,0.000677933954343474
180626,0.7984944623632114
180627,0.00026775855581445424
180628,0.02333870366956613
180629,0.0001930924261182117
180630,0.026173745450756725
180631,0.0007695310629003113
180632,0.0005964181793758591
180633,0.001760671048312651
180634,0.0003261226453922884
180635,0.0002953458400059844
180636,0.00046593033428946024
180637,0.00021373872226473974
180638,0.003654863494040623
180639,0.001315181571435046
180640,0.12449260428680982
180641,0.989948453098709
180642,0.0002587244365715429
180643,0.0009813342317191698
180644,0.00039697746986288847
180645,0.00024891348532346704
180646,0.0005689782377988246
180647,0.001041271836244902
180648,0.9572204202888761
180649,0.0005169400976834619
180650,0.12239866954773901
180651,0.00020802361382401679
180652,0.9868456120274436
180653,0.03513839150278662
180654,0.0012529391910192434
180655,0.0006701240593693534
180656,0.0016126502109162293
180657,0.02030310115635273
180658,0.0004550726621838597
180659,0.00023155538878887454
180660,0.0008942631791952169
180661,0.03582205132458225
180662,0.0017223475094969305
180663,0.0005812079466572297
180664,0.05602819159588732
180665,0.0002569954790267671
180666,0.0024778657341747966
180667,0.0004723264514690291
180668,0.002331574289253512
180669,0.004172629720866256
180670,0.00026725014378569165
180671,0.0036531284583994498
180672,0.002317349106692096
180673,0.0012179111754369262
180674,0.02499570211767332
180675,0.0016065507871419092
180676,0.0018615714511744609
180677,0.0009331211588788987
180678,0.0005915085732942508
180679,0.0007505981096163143
180680,0.00025169272201287047
180681,0.008485320380768388
180682,0.0005504851912616861
180683,0.0013188405543650627
180684,0.00020042768270342985
180685,0.0005839235502887182
180686,0.0014207189168409387
180687,0.0006104502933044339
180688,0.00030173469487671927
180689,0.00035818489727237115
180690,0.004982206640309502
180691,0.012716637253319143
180692,0.9648522691990022
180693,0.98929251400879
180694,0.0005948713377045235
180695,0.0005607716559184424
180696,0.0011693652820801536
180697,0.0015063883142051701
180698,0.001343633282490757
180699,0.0011822518164905425
180700,0.0012417487866501218
180701,0.0016681862179689156
180702,0.0007456086386205563
180703,0.0003207350893499404
180704,0.0008226679825661983
180705,0.0001602014413753121
180706,0.982614555911116
180707,0.0016811474703347137
180708,0.001953829564329156
180709,0.0006279264710962073
180710,0.0004345471868666854
180711,0.0011301677144295696
180712,0.0005712157977405689
180713,0.1838476252654981
180714,0.46377211745226626
180715,0.01869454999426872
180716,0.0033850935491966305
180717,0.17390200775288162
180718,0.0006875026521944639
180719,0.00035170926250072473
180720,0.00022010732535336525
180721,0.0001893740820293151
180722,0.0003747866511795833
180723,0.0014016059564052816
180724,0.0007512650763303843
180725,0.0004034083217172037
180726,0.00015126373084572514
180727,0.001793088324362987
180728,0.00022462583731106832
180729,0.9808696522762221
180730,0.000733101124453781
180731,0.0003714959731035605
180732,0.9844619583255926
180733,0.0003229354252149256
180734,0.0014954308962856792
180735,0.004004856526759574
180736,0.0005600332777839446
180737,0.0015912285773997492
180738,0.0002382156530462232
180739,0.3831944953757685
180740,0.004186788979058061
180741,0.00025870256299112304
180742,0.0003972298554818796
180743,0.00143433636644491
180744,0.0032423482712581986
180745,0.0015047760598727916
180746,0.0002842655023758606
180747,0.0030020320456585056
180748,0.49814794972563975
180749,0.00036056715400350765
180750,0.0006145618376268166
180751,0.00036510044611618017
180752,0.006412359323696932
180753,0.24346819352896176
180754,0.00017117843707339266
180755,0.012084760828732428
180756,0.0004924589869093809
180757,0.0002921928145102978
180758,0.006746403763897128
180759,0.005817580082039483
180760,0.034552941657067335
180761,0.00040920464984093826
180762,0.0005282455310456566
180763,0.9928632032620215
180764,0.0003122052598840444
180765,0.001355968401158751
180766,0.0021443082112983115
180767,0.009673874309362536
180768,0.9930855172422174
180769,0.000765138313309752
180770,0.00320748412159545
180771,0.06609354752256345
180772,0.00014083455064402555
180773,0.0075061155906999445
180774,0.055712459916186965
180775,0.00025674800938065104
180776,0.5220464834647686
180777,0.001959785566521962
180778,0.13985748113605748
180779,0.00029306679197693453
180780,0.0004785867472959856
180781,0.01778218257899502
180782,0.00021646127751918037
180783,0.01464918227625662
180784,0.9927465110781396
180785,0.000358868847430745
180786,0.9544090953101045
180787,0.0004273905169813982
180788,0.00011746253388567136
180789,0.033706806962169135
180790,0.0010319923427660545
180791,0.0015922772487043189
180792,0.0011385761674552362
180793,0.9926991363929475
180794,0.0016495656686899747
180795,0.0005323178853435275
180796,0.0020251548447958274
180797,0.11586054665347745
180798,0.00077132974373218
180799,0.9875300287118639
180800,0.00015396962568595045
180801,0.6227869879959511
180802,0.0004100638463646348
180803,0.003767441172611722
180804,0.0007023596924840856
180805,0.03177918648493504
180806,0.990071638693324
180807,0.14054876616616324
180808,0.00572168955564926
180809,0.0004451639756652516
180810,0.0010408464865891793
180811,0.0682518509403665
180812,0.0011442102650442842
180813,0.0016799828511880896
180814,0.00093028077026928
180815,0.9879983698691068
180816,0.0003229184953654037
180817,0.0002064919642934355
180818,0.9373274847464396
180819,0.011910459391888438
180820,0.00035269052766040985
180821,0.001153527764913369
180822,0.00035037760084767426
180823,0.00042399204246265106
180824,0.004776089106236613
180825,0.0011457735085288433
180826,0.00027779463719024847
180827,0.007202207146418171
180828,0.002910208155032188
180829,0.0006006549337413198
180830,0.014369609594523746
180831,0.0064185224393320745
180832,0.10915850456691646
180833,0.00020633606601333274
180834,0.008846416914239133
180835,0.0018181540733460955
180836,0.00018944938647981986
180837,0.0003413093981929326
180838,0.9824778500783437
180839,0.00040621199777227286
180840,0.00035587337298423284
180841,0.00555279875144501
180842,0.0008382923714893201
180843,0.0001992903429843859
180844,0.9801598791527156
180845,0.9539496755315269
180846,0.0019478732605544143
180847,0.00038526588899400924
180848,0.00030150339574190854
180849,0.00047342824474062357
180850,0.0007820020383894026
180851,0.0004271040681569074
180852,0.013033658391139787
180853,0.00036531328029085783
180854,0.00021999018923041588
180855,0.008148171633733676
180856,0.001013600622014362
180857,0.004555747450569907
180858,0.94105736786731
180859,0.019083875396632772
180860,0.0029798318098033737
180861,0.00043863435569103384
180862,0.018352207639328908
180863,0.00023956784804521233
180864,0.005378432922578186
180865,0.0023749376342218726
180866,0.00020856182868756172
180867,0.0014506353712255033
180868,0.006518806779184986
180869,0.000273746694187002
180870,0.013154652638761007
180871,0.0006096046629935429
180872,0.002494945265969906
180873,0.987787846219769
180874,0.00031792859726410827
180875,0.0001232647320203529
180876,0.0008243074839396116
180877,0.00138276058276213
180878,0.00023503548168831407
180879,0.0002095465899782659
180880,0.0004495313686044055
180881,0.000903621622951832
180882,0.9954550460289932
180883,0.0018833550506791076
180884,0.0021709166646370504
180885,0.00047847931622202943
180886,0.0009495759130505465
180887,0.002658519778936141
180888,0.00033546832967093444
180889,0.03225793296126202
180890,0.0035736496865124553
180891,0.0010052876528292144
180892,0.0009489504365580914
180893,0.008562756366529787
180894,0.00039938308997134944
180895,0.0007814594690971522
180896,0.0009510598937182476
180897,0.0019078711251551365
180898,0.0013373305188060397
180899,0.0033430169766702324
180900,0.14921722860307185
180901,0.017554903121187643
180902,0.015350121546218391
180903,0.025188486529513752
180904,0.015979788113566526
180905,0.0005835297073422894
180906,0.016657632202062633
180907,0.0019353665720391621
180908,0.0004946004439087118
180909,0.06823257278944067
180910,0.001559314988427929
180911,0.0002870204961762342
180912,0.008055540023976928
180913,0.000977623912241889
180914,0.000619016974702825
180915,0.0002493719331451333
180916,0.8661335295220886
180917,0.0008600138202294118
180918,0.017215012437781337
180919,0.991003028280424
180920,0.00014345659009617047
180921,0.27784247024004827
180922,0.0005421985400619509
180923,0.00033034283501914483
180924,0.00026971961305286766
180925,0.9848710420945469
180926,0.0004177066612591824
180927,0.0008261925659292049
180928,0.0008903615073985158
180929,0.0017120375171055895
180930,0.0003713203563340427
180931,0.0003190755588160438
180932,0.9884486427123623
180933,0.0009742629291687885
180934,0.8912921665095189
180935,0.9910476420676875
180936,0.0005094552304526191
180937,0.00026591809044117926
180938,0.0005564059157687087
180939,0.0017793576510221206
180940,0.9503684312366074
180941,0.0004220866071662031
180942,0.010647914082990416
180943,0.00032108009875151354
180944,0.0004218935950388095
180945,0.0008324976259131404
180946,0.0007153848080956142
180947,0.00012190286952956211
180948,0.028330492165018116
180949,0.0066812742126839296
180950,0.0003030240418468458
180951,0.0009247607201783358
180952,0.00031304773366583387
180953,0.0007303240372324892
180954,0.00018266421777124933
180955,0.0012599601008782308
180956,0.0008318384936884532
180957,0.0013870433523894329
180958,0.8842686284710987
180959,0.00019047125706637218
180960,0.00016857373597073042
180961,0.014890861338466546
180962,0.2589223982979262
180963,0.007781833426953787
180964,0.02099310094997981
180965,0.0008562765818770983
180966,0.06423870865220589
180967,0.0001955554955908632
180968,0.00016582043317776594
180969,0.0006549304277311622
180970,0.5873868165222882
180971,0.0006012976831376982
180972,0.007211692996579186
180973,0.0003547402933713406
180974,0.00027968432183046114
180975,0.0007715228852393047
180976,0.00024261191881517775
180977,0.02079928022853705
180978,0.0014678108904511453
180979,0.0007621912714163401
180980,0.00022477388552191206
180981,0.0012237486932896227
180982,0.0003209044778337522
180983,0.07246162463271538
180984,0.0010269706117917669
180985,0.016718694685995957
180986,0.00037342945468185623
180987,0.0008986776466716533
180988,0.9880538652117636
180989,0.00014715788318626303
180990,0.05499410393281994
180991,0.07158734129067211
180992,0.00023390031440017828
180993,0.014607940563141185
180994,0.0020534025885556376
180995,0.9883249790211145
180996,0.002612646001943378
180997,0.004049675835557879
180998,0.006828093661218042
180999,0.00016555588467370667
181000,0.0019801470767239903
181001,0.00027769164492628896
181002,0.00014468208150477085
181003,0.0006587737668503721
181004,0.00026709046957641794
181005,0.0018702267376038478
181006,0.00028231633356292637
181007,0.01920447275789551
181008,0.00024715725686578273
181009,0.00020769639242092843
181010,0.006567471205928837
181011,0.011665147983952113
181012,0.04299115875334584
181013,0.0002498971418987507
181014,0.0002550270236016933
181015,0.00018613932314385617
181016,0.0002896551180178249
181017,0.0005510698466145699
181018,0.0012520755014714432
181019,0.002435468047957818
181020,0.0001697547274127735
181021,0.0001060470962573151
181022,0.0031586038112276175
181023,0.000589946051894673
181024,0.0005098087108427772
181025,0.0024980306331263023
181026,0.7164681457757616
181027,0.0021677488759327557
181028,0.0002327369064359881
181029,0.00026919991661839216
181030,0.0015990241380104083
181031,0.0013408038321528289
181032,0.0006575758355741956
181033,0.9864703749821877
181034,0.00014445362285483683
181035,0.0013523151154020419
181036,0.0004008578489344467
181037,0.03673302551624067
181038,0.0020780991444176097
181039,0.6941855505471802
181040,0.00036371075947452456
181041,0.0018083257918853363
181042,0.0005644123847640915
181043,0.00021850808458777403
181044,0.9673286054197141
181045,0.0007951887487926639
181046,0.0012936611607056775
181047,0.0010926576767206159
181048,0.00944786112769851
181049,0.0001923351520175926
181050,0.01180283213256576
181051,0.00020205326498995936
181052,0.6003169242429924
181053,0.00521919170066855
181054,0.0014602672731457253
181055,0.010212557495590333
181056,0.00045285464049418057
181057,0.0002214582208223067
181058,0.005207252820236964
181059,0.0022176992559748963
181060,0.0008003524550289721
181061,0.0044832304068265555
181062,0.9858846481335684
181063,0.0003038758418259488
181064,0.00015289193683811468
181065,0.07125869758124956
181066,0.0003520069908709633
181067,0.0018159438514643127
181068,0.0022285640333064623
181069,0.006167078190458321
181070,0.0004274101590152901
181071,0.0029549135981948335
181072,0.00044912294489728345
181073,0.005080512504630089
181074,0.00024669923771034356
181075,0.9825713197173719
181076,0.004401026476123003
181077,0.0034583650220540683
181078,0.0013712290859726063
181079,0.0013709135472162284
181080,0.0011272696910818295
181081,0.0038713004974842997
181082,0.0004516118567533902
181083,0.002321936592926724
181084,0.0007259198264522362
181085,0.00019879889048804694
181086,0.0004525226277443383
181087,0.00029305365197984087
181088,0.0013316389473326576
181089,0.9038050967235592
181090,0.002215883258322916
181091,0.0004765928176987619
181092,0.01031081053402909
181093,0.0011268442676054084
181094,0.0009513310476647653
181095,0.0007483524541922526
181096,0.0024251143399693772
181097,0.001453444153395547
181098,0.0007972009338066411
181099,0.007910840008368046
181100,0.0013148468066851962
181101,0.9764893449026861
181102,0.00246794009522088
181103,0.004320667672275812
181104,0.0006630864977542962
181105,0.0009532588500151262
181106,0.0010688908854717665
181107,0.0011625948662181756
181108,0.0005753837319787987
181109,0.021126163931041143
181110,0.9864139284682634
181111,0.0002439930534733478
181112,0.00038057064137042785
181113,0.0006701385922710341
181114,0.0010169636018209358
181115,0.0021733505188449324
181116,0.0005586542496522368
181117,0.00037241927878708074
181118,0.0007059971497980996
181119,0.008745056330891256
181120,0.01052008048715762
181121,0.9795264230699389
181122,0.0004278666224435713
181123,0.0002852246637962084
181124,0.9976888137915756
181125,0.001475896320258276
181126,0.00035783476280978725
181127,0.9911122046814428
181128,0.0015735579021545795
181129,0.0008405836247462389
181130,0.007411498601107548
181131,0.22760417379056713
181132,0.00015130784076896852
181133,0.0022227963621217037
181134,0.00035449062525540176
181135,0.0008114691441718103
181136,0.0013501177726113027
181137,0.0003972164762512413
181138,0.0025286116744704943
181139,0.00021866390151757133
181140,0.9453075300938814
181141,0.024965475790873586
181142,0.0060867079066451195
181143,0.0003924809186663856
181144,0.01742467650060492
181145,0.0002899116391873786
181146,0.9946672481145643
181147,0.0012505264430688738
181148,0.996645875029588
181149,0.023532141001181735
181150,0.00016265942354452958
181151,0.0005731562004115238
181152,0.008224677593508044
181153,0.986313315852317
181154,0.00026501445937020674
181155,0.00022580323671480103
181156,0.003579024389172535
181157,0.0004460608693869753
181158,0.0018085147803928428
181159,0.0005872114592584791
181160,0.0011682462424990312
181161,0.0011431003149210345
181162,0.000532170469401128
181163,0.004112324972046688
181164,0.0009333123922362415
181165,0.001459529452528186
181166,0.0010844623973480232
181167,0.00043169994082709317
181168,0.000764147844318641
181169,0.0004871614799454175
181170,0.00031758918629081444
181171,0.9831724725945
181172,0.002486860353019183
181173,0.011970020690089287
181174,0.000674523733772696
181175,0.15065096127209107
181176,0.00041632442232616637
181177,0.0037338107502459267
181178,0.008510852542544394
181179,0.0017112232719745765
181180,0.0003422959701219473
181181,0.8703464787367962
181182,0.03197419259968017
181183,0.09620165413162261
181184,0.009606665971106196
181185,0.0009334712941430777
181186,0.0003914105837734682
181187,0.02170951914761223
181188,0.0008344826324432856
181189,0.003533416164765777
181190,0.0011618086782679946
181191,0.0007844527285890079
181192,0.00038971519316288207
181193,0.0013380485537999465
181194,0.11852813645472021
181195,0.0005538444238483936
181196,0.0008575184416927513
181197,0.032807852574682606
181198,0.0014555044274891119
181199,0.1684570452633266
181200,0.0002250401033494801
181201,0.0003167047718037353
181202,0.00038515608646660644
181203,0.14935711627833137
181204,0.008255039750868946
181205,0.0016880070527106792
181206,0.9920626056696293
181207,0.0010839424881568952
181208,0.0002380210071608588
181209,0.002943700069351046
181210,0.0015915094274725709
181211,0.0005684124964867523
181212,0.0008059995369691643
181213,0.0010627529018219426
181214,0.0020928982102514696
181215,0.8015147925909227
181216,0.00021543543376378115
181217,0.921643457390744
181218,0.9764556193862028
181219,0.0006338648991524038
181220,0.6594564655301381
181221,0.00023891436834396867
181222,0.0019639098746727997
181223,0.9861109897421264
181224,0.002123610144628111
181225,0.01875450048509929
181226,0.9953003424797974
181227,0.00046250354931924847
181228,0.00041996005030522037
181229,0.009903559079405102
181230,0.008252596901367641
181231,0.0011529293327620903
181232,0.002902569397666559
181233,0.007126618444307003
181234,0.00014292342786298141
181235,0.0010492631640505118
181236,0.00315978263242554
181237,0.001656230775125083
181238,0.00938670276612421
181239,0.01616913451106669
181240,0.1532533914057661
181241,0.007770558836133885
181242,0.9925963772358641
181243,0.000607866657683214
181244,0.0004878965172089873
181245,0.005058550269405599
181246,0.0017151552243687038
181247,0.002260573419173983
181248,0.9874788665105885
181249,0.0007679607006026317
181250,0.0011482208845311934
181251,9.335353283993775e-05
181252,0.04679329839219084
181253,0.000482646989257659
181254,0.0008592654303027237
181255,0.0006750031700648377
181256,0.008465735251671783
181257,0.0005611062093352887
181258,0.0015354261699076885
181259,0.0002102308617384565
181260,0.00032359326759600075
181261,0.0005134141939015151
181262,0.0017306755100834875
181263,0.00019692546375678493
181264,0.0007156631858369728
181265,0.0003477406177489517
181266,0.09029951838861484
181267,0.001240226827569496
181268,0.0009041468104055007
181269,0.987389611818926
181270,0.0010951061596068483
181271,0.9635104679734301
181272,0.0019626898163942826
181273,0.00037416939016202724
181274,0.0019172650095847141
181275,0.9810862301333748
181276,0.7296769289150944
181277,0.0008839985713950488
181278,0.0003098597186093583
181279,0.0006001482887104541
181280,0.0073613464872859784
181281,0.003112717780983178
181282,0.9885900491279843
181283,0.001772994878631345
181284,0.000502105081624239
181285,0.00029038980157266035
181286,0.0011267229649634205
181287,0.0007376338555663507
181288,0.00017092670580791023
181289,0.005901644883719138
181290,0.007745788703439436
181291,0.00021820543371292716
181292,0.0006963328352812556
181293,0.0005703702415052506
181294,0.007856878754011257
181295,0.0007111211756923214
181296,0.005074148378892545
181297,0.0003909196757154787
181298,0.003807117075218353
181299,0.0008357842722292023
181300,0.004747257524630353
181301,0.00015796684427826367
181302,0.0002312809520296281
181303,0.0026782417698771603
181304,0.5337097177274249
181305,0.0006462825461858239
181306,0.0039015539663518175
181307,0.0013131375732725742
181308,0.013109060648289842
181309,0.0005805872089671786
181310,0.0004999127512270118
181311,0.0014008396609448504
181312,0.0016849656138536648
181313,0.001287939871282484
181314,0.007317828035208729
181315,0.008629171637830089
181316,0.004487523888890107
181317,0.002359948235491511
181318,0.00014397405202831625
181319,0.00042978451991286504
181320,0.9950864669398927
181321,0.000571164982457763
181322,0.00026384508547755566
181323,0.0007664035926621433
181324,0.0005191512673693708
181325,0.000270396978181586
181326,0.014403140618836857
181327,0.8948778043830878
181328,0.0007321489259604529
181329,0.00019650197867484653
181330,0.014356618366391611
181331,0.000877345107813627
181332,0.0016921714374543353
181333,0.000586198059091881
181334,0.0008305831068615039
181335,0.000792313204090254
181336,0.00028923572735623676
181337,0.0007150615770505216
181338,0.012865778527997227
181339,0.992435727223285
181340,0.00031390081877565447
181341,0.06657242933268331
181342,0.03593943459842275
181343,0.9429380787755637
181344,0.0005889759195159023
181345,0.00044915969267107233
181346,0.9929529548119658
181347,0.0009542098277915721
181348,0.00023078987459926136
181349,0.0003338168786227217
181350,0.0011843858589142347
181351,0.001117964591396194
181352,0.00021890361538252933
181353,0.9888246359421572
181354,0.00014823549368173528
181355,0.002486849792976524
181356,0.0013810874916862714
181357,0.05366691376564869
181358,0.0005280028883116231
181359,0.000512119533106238
181360,0.0012566249728686663
181361,0.0008396643388663975
181362,0.009465650559379552
181363,0.00020637591027311867
181364,0.0007970707844798548
181365,0.0033711251982629876
181366,0.00017141717895469258
181367,0.0021111032720181905
181368,0.02193894442872688
181369,0.6936914193036448
181370,0.0009675982710377008
181371,0.0012767872481157028
181372,0.004092762687168578
181373,0.0007996101710169202
181374,0.000405236045056377
181375,0.00019731316089931531
181376,0.04455991616638045
181377,0.07446852965924539
181378,0.0023269306964843845
181379,0.011193095818445183
181380,0.0018911108832565325
181381,0.00018228619076544937
181382,0.00022659465623978063
181383,0.011084646428521772
181384,0.01308951707360329
181385,0.007820369060288587
181386,0.0011680223677781063
181387,0.00019456248326010772
181388,0.0009543985590948957
181389,0.9914181367743616
181390,0.025416423076462597
181391,0.01307597654236507
181392,0.0005687610433363597
181393,0.9059951376534184
181394,0.0012538135205418072
181395,0.7530510254544867
181396,0.0006933677821198019
181397,0.0002913041666665736
181398,0.0005114937452605813
181399,0.0002556280030122551
181400,0.0007010206259457437
181401,0.9943739790676609
181402,0.0008778587936921386
181403,0.013118675043711866
181404,0.00581435036859863
181405,0.0023514283977918242
181406,0.00015022669286097416
181407,0.0016832966967029821
181408,0.0005173590827664076
181409,0.0010852693887746176
181410,0.1151145200167402
181411,0.0018995336891950189
181412,0.0006281909016158193
181413,0.00027903315485958304
181414,0.9936381577136587
181415,0.9635243145729941
181416,0.0002500936270575504
181417,0.0093731267870185
181418,0.0014999567438361203
181419,0.0003652838022538796
181420,0.06005397091877047
181421,0.0012325551533451113
181422,0.00018647927810370004
181423,0.010487803833906063
181424,0.0063393735319051524
181425,0.003707862196623635
181426,0.0312515297193745
181427,0.0009805132237274692
181428,0.00016866067825857748
181429,0.007105872113980147
181430,0.0030051408441324604
181431,0.0003144104989569304
181432,0.03901802134421381
181433,0.0007876828659606739
181434,0.0007908947993505595
181435,0.0018796538031353152
181436,0.9929540252507639
181437,0.042321547929294115
181438,0.0004563675220643509
181439,0.001296525156170132
181440,0.0013306371278544824
181441,0.0007124965010282888
181442,0.006328232468282754
181443,0.007909056450826615
181444,0.001031528015569086
181445,0.002286530603708102
181446,0.0019309298612407426
181447,0.9921893375275718
181448,0.00043462553827939296
181449,0.0005500179740905426
181450,0.04252977948896342
181451,0.000617341295536371
181452,0.7347664985705734
181453,0.00551775252375843
181454,0.00789267734948312
181455,0.0009563710121701651
181456,0.019222840369827014
181457,0.0004020366758232565
181458,0.9881334182711773
181459,0.00010671471464280829
181460,0.001456436499642085
181461,0.0014291842441359365
181462,0.00052284568596674
181463,0.005746131308718111
181464,0.00496360946574679
181465,0.0002251992472566377
181466,0.0037033154010381805
181467,0.000255338029560796
181468,0.003990388793359995
181469,0.010550638523882683
181470,0.00042791607685231545
181471,0.0007127164703461954
181472,0.0002180818992800583
181473,0.0003215268125033289
181474,0.0003019453307852159
181475,0.0001321468358686784
181476,0.00033207168129889634
181477,0.0005117437205924238
181478,0.005858434173412604
181479,0.15194528744206642
181480,0.0007933272260079246
181481,0.00047608951830840153
181482,0.00038446625742604866
181483,0.012242188843010598
181484,0.000997725706037805
181485,0.036654335189523934
181486,0.00486897367652587
181487,0.008087103148807706
181488,0.0005867999369291693
181489,0.9803129678575824
181490,0.0004585302084407076
181491,0.00041899063294181723
181492,0.0010497041929376407
181493,0.020301417319967204
181494,0.005616438686837301
181495,0.0002050989432231695
181496,0.000236378014790365
181497,0.00023740373537610562
181498,0.0009520533351865336
181499,0.0011250021584540278
181500,0.00030410881131221764
181501,0.006463669547607401
181502,0.0002529755333736479
181503,0.0004275442256141535
181504,0.9050356052323976
181505,0.0005803980040115258
181506,0.004562222683653611
181507,0.0006543028981215196
181508,0.00025790037354832387
181509,0.0011186022491339119
181510,0.004104413896551292
181511,0.0003003669596138112
181512,0.04154842937171698
181513,0.008727758773319733
181514,0.0003627113393858088
181515,0.0009405845161622356
181516,0.006433851053225003
181517,0.001940175136174175
181518,0.00022358747773230643
181519,0.12942799218653792
181520,0.14652056667343133
181521,0.00028285650074598613
181522,0.0002950727414961759
181523,0.000375384182372763
181524,0.0048417054575322855
181525,0.0003507545267131045
181526,0.0006921281919165162
181527,0.0011751176491760012
181528,0.0151518835630566
181529,0.0006655877324477971
181530,0.007917624680939112
181531,0.02172451321187448
181532,0.0033647938284384863
181533,0.0013966276419486543
181534,0.007917577583431569
181535,0.07473525371044962
181536,0.0004897275056267455
181537,0.0007097277087366931
181538,0.0022983831225320194
181539,0.001624856907845848
181540,0.0001161576097648601
181541,0.0010790253991589055
181542,0.00023806942339365357
181543,0.9906766646094617
181544,0.0002825628489246702
181545,0.03655597704072425
181546,0.0001523702990352544
181547,0.015676289942857826
181548,0.9872220924455188
181549,0.0005294341393423061
181550,0.9897158751449183
181551,0.9941463654321909
181552,0.00026016220863449405
181553,0.028829690105044936
181554,0.0011104512610388834
181555,0.00022004051527032363
181556,0.012133307046819718
181557,0.0005002366043363629
181558,0.003942749327752646
181559,0.005297103752425635
181560,0.002154207396009577
181561,0.00019686204057893207
181562,0.0036551144889792
181563,0.0021643617045288533
181564,0.0003506000014557651
181565,0.000492972739104185
181566,0.7438552891708137
181567,0.0004409793103229716
181568,0.001746830168311859
181569,0.001503317698068435
181570,0.00040826079030046496
181571,0.00020804144343014122
181572,0.00039327969370289543
181573,0.00016642414317258517
181574,0.0009289840662223206
181575,0.0004941213248222776
181576,0.0014611092553794551
181577,0.0015354865872034443
181578,0.020353118242015494
181579,0.0008613163897113897
181580,0.00025389803682215943
181581,0.000838549287568606
181582,0.0016456120037325536
181583,0.6582246465366624
181584,0.001659393065632048
181585,0.0007758031941005808
181586,0.7376641971639635
181587,0.9825681757192531
181588,0.00056990558649284
181589,0.0007488804294099661
181590,0.0001559399687296147
181591,0.0005823513565080631
181592,0.006028747606685093
181593,0.0013737286527040656
181594,0.022485331910050886
181595,0.0003386278544693042
181596,0.9508099742904823
181597,0.0004925733916234759
181598,0.0003593867457257503
181599,0.007215003759348649
181600,0.0006157563777024438
181601,0.0004937440729022551
181602,0.0004221521195770128
181603,0.004452380737409939
181604,0.09481648760874732
181605,0.00031140152512837
181606,0.0003370373413888017
181607,0.014817678419336061
181608,0.0019923665804335955
181609,0.001593007102596213
181610,0.014437908899340672
181611,0.0005978935536582035
181612,0.1929894445283409
181613,0.0013974267399190514
181614,0.009941894144467939
181615,0.0027284530915449028
181616,0.00032780619201353695
181617,0.0034727593485484316
181618,0.00021270982006285624
181619,0.0008026479584860859
181620,0.0013905339816407292
181621,0.0740209386882276
181622,0.0011274431334008764
181623,0.0018878766211297049
181624,0.0017503614468555922
181625,0.0009589701867419274
181626,0.0019501550744433316
181627,0.04119557373206099
181628,0.0002556524944156896
181629,0.012734741994866692
181630,0.0028240642869137886
181631,0.0016543054549324249
181632,0.0007333255091100721
181633,0.15748491108906032
181634,0.0003130636005331714
181635,0.00034947765194649614
181636,0.9783815857635092
181637,0.22534250409645706
181638,0.006164770857857121
181639,0.009493372825119598
181640,0.9946597423818588
181641,0.0008741073002515164
181642,0.0014530815935927715
181643,0.0004280399595135569
181644,0.0006364861985552464
181645,0.0015854448547088311
181646,0.00015943264476360184
181647,0.03110654887709411
181648,0.004397460994299666
181649,0.00026059861237000514
181650,0.7455349936713238
181651,0.006779330423476665
181652,0.00020598803978249226
181653,0.0016954779316858193
181654,0.0006445456618036499
181655,0.00037054450663681014
181656,0.9910621197202689
181657,0.0002759093434224737
181658,0.00021528982483823834
181659,0.0017189422088760972
181660,0.022862840688070284
181661,0.002276176359008138
181662,0.001360505872357655
181663,0.0002658764430821537
181664,0.003932799924096436
181665,0.0006419053205641932
181666,0.0004391633105537985
181667,0.000450903894380071
181668,0.0003437756045709456
181669,0.0012488501509082572
181670,0.24369523235255208
181671,0.0014704274348819489
181672,0.0006518613711439428
181673,0.00019165949172965133
181674,0.000954671387768813
181675,0.0010737202617604363
181676,0.00034830921872293835
181677,0.017495628026997025
181678,0.0029917669918420086
181679,0.002404227406998398
181680,0.19513964841296924
181681,0.0002689342646652857
181682,0.002670862117731779
181683,0.0009310902012034804
181684,0.0003837359570430199
181685,0.015505468725705117
181686,0.0018413747654095012
181687,0.1482310363735509
181688,0.004189751101244561
181689,0.001254518059032618
181690,0.0002360561595497265
181691,0.004599041211402957
181692,0.007067183691359141
181693,0.001504342628477942
181694,0.9198353277913373
181695,0.0008521063323141136
181696,0.9894434486184231
181697,0.0004378292135699241
181698,0.9642814325065784
181699,0.0002489349490747346
181700,0.0020106605393020987
181701,0.01905734494391305
181702,0.9008128469649387
181703,0.0007322898492818887
181704,0.0004996781711765423
181705,0.0003834465067023468
181706,0.03552032472558527
181707,0.006803927283311146
181708,0.00048501818600611143
181709,0.008843679885243138
181710,0.004952475071607117
181711,0.0007525119214002837
181712,0.0002915345061233016
181713,0.000849126051923782
181714,0.010621079972129428
181715,0.0004137687711190864
181716,0.006428554755410686
181717,0.00025287238355753655
181718,0.03298146409305589
181719,0.9780856628006763
181720,0.006352933879370665
181721,0.0009209622467951874
181722,0.004854156851319167
181723,0.00020825801371973684
181724,0.0005739721795233198
181725,0.0007872594116016664
181726,0.0006532753267143947
181727,0.00029386344606612886
181728,0.44770897961477674
181729,0.0004105013950131406
181730,0.00017865809395719377
181731,0.006177455495473026
181732,0.0009635380481777913
181733,0.9846271054032409
181734,0.00021789465247936996
181735,0.0003054197831787873
181736,0.0002393048764595642
181737,0.0002425042911942103
181738,0.00035912736117315046
181739,0.0017945953034368518
181740,0.00023790277235244943
181741,0.01493319488422238
181742,0.0008300796319544396
181743,0.0011189058806658596
181744,0.0002958800857953792
181745,0.172924046802393
181746,0.001566241403442993
181747,0.0002750962415435242
181748,0.0017755708608266166
181749,0.0003025758626979031
181750,0.002493334838153059
181751,0.0011939404057224165
181752,0.00017485753306196718
181753,0.00298340992116687
181754,0.00031399545918919434
181755,0.00023060735815945996
181756,0.18607232925216202
181757,0.0003431570611184362
181758,0.0014448352617023432
181759,0.00650639642693822
181760,0.05924773479475714
181761,0.0012583370107154379
181762,0.03521996812524149
181763,0.003303980258108953
181764,0.00022286395989673183
181765,0.003975908187094053
181766,0.0001526385764630753
181767,0.9903655351375428
181768,0.0006780447473507026
181769,0.00030107312503291
181770,0.9773734536315364
181771,0.00026169438736862484
181772,0.0008271647461019972
181773,0.055785854012409354
181774,0.00025092581174924447
181775,0.00013839909550624697
181776,0.0004542653140083093
181777,0.00037528196674821006
181778,0.00399093648375846
181779,0.9951505341888885
181780,0.017189988971908265
181781,0.0018289956091960173
181782,0.0026438962298500025
181783,0.0004094042423034106
181784,0.0002970151147664846
181785,0.0003149729702595356
181786,0.0023498323128073196
181787,0.0002414523906955297
181788,0.0013494333617751965
181789,0.00020548711416675785
181790,0.0006648616094485578
181791,0.0003302035632565913
181792,0.00033709298244260735
181793,0.0009634460934644298
181794,0.0025472158659709033
181795,0.00021227257658050597
181796,0.009977987261685445
181797,0.007726011734944283
181798,0.0002726007866592306
181799,0.007037644034158327
181800,0.000262761923395656
181801,0.9845663134481639
181802,0.00015946771745040784
181803,0.002083915757039598
181804,0.04589047698813113
181805,0.9864939512368777
181806,0.9927089582065793
181807,0.0009162826153793617
181808,0.005169304152597547
181809,0.000652047684368988
181810,0.005597720804595596
181811,0.0002929793572893383
181812,0.01128218684929062
181813,0.001731756029495524
181814,0.0021333684076343088
181815,0.005401470360757591
181816,0.0016538232720572314
181817,0.0004683917907038345
181818,0.00284780935284918
181819,0.004108975439631847
181820,0.0009043416878183445
181821,0.000991275344778613
181822,0.05410661227216021
181823,0.9770820777897394
181824,0.0006952753879474479
181825,0.026567654364581535
181826,0.0006509423940767253
181827,0.0003568308388649338
181828,0.00028226697835615557
181829,0.017805592343285433
181830,0.00014395187955778068
181831,0.0003565965729137077
181832,0.00040310117692944766
181833,0.006978471735086184
181834,0.8732289690022782
181835,0.0003372325624495325
181836,0.0005772900409871801
181837,0.0027764213937816868
181838,0.001587311378624799
181839,0.0004517305075702739
181840,0.003835636272033251
181841,0.0002739064197919294
181842,0.9798561647595064
181843,0.0004160381197086614
181844,0.002505365349551203
181845,0.00043927091290199896
181846,0.14783438691764011
181847,0.17699717931040013
181848,0.0006706439748137204
181849,0.00023861760237726119
181850,0.9942043284047125
181851,0.00022577246871212294
181852,0.00018063184992227446
181853,0.00022142447608523586
181854,0.002783980414220464
181855,0.0029126648182630326
181856,0.0007870613908288976
181857,0.10773129954755747
181858,0.0003032490919053783
181859,0.0006552992465966
181860,0.006767837101795842
181861,0.0003804756594898263
181862,0.0007372859845462691
181863,0.9583626189889621
181864,0.013756132483188679
181865,0.00022800266100098403
181866,0.001140420279402594
181867,0.0010385749820571821
181868,0.0010007552335068765
181869,0.9813510084882686
181870,0.07369414114949532
181871,0.9958066680049429
181872,0.9930042222548149
181873,0.00015292773161220487
181874,0.0016670283305633357
181875,0.0002714256561620947
181876,0.000412694706633366
181877,0.0025479170994857315
181878,0.0006790542608628982
181879,0.02630595854572296
181880,0.0010342653479779801
181881,0.07041095132977032
181882,0.010089343916892191
181883,0.0004334865836739632
181884,0.2310399640595786
181885,0.0017105905598656422
181886,0.00046939099825955735
181887,0.10090918057047127
181888,0.0003687768826536364
181889,0.0003182113649965522
181890,0.01415579821812769
181891,0.0002160047685420213
181892,0.0006860001221396692
181893,0.0007032370394923545
181894,0.9890990122607533
181895,0.00048743005152809084
181896,0.00029611227865444984
181897,0.0007486213251947928
181898,0.00017481016262773757
181899,0.0007836089078574405
181900,0.8639207730834502
181901,0.00024124432388621504
181902,0.0002746274302132024
181903,0.0022138562261107505
181904,0.000806280674856108
181905,0.0015544878651985357
181906,0.00021354597793838906
181907,0.00043479419387075464
181908,0.0037630198096236904
181909,0.00036796500786256107
181910,0.00021590517569350357
181911,0.9781469649253464
181912,0.001069440511955747
181913,0.00899797951408088
181914,0.0006957559729987546
181915,0.016602427357374674
181916,0.0407954889695368
181917,0.0021660802669817678
181918,0.0004455120377667239
181919,0.0005780564015457548
181920,0.0025170768795844383
181921,0.0002218363508465695
181922,0.03609624879908799
181923,0.7168077440263646
181924,0.00024133532545741107
181925,0.0002774926063792846
181926,0.015144111202796798
181927,0.0006814799056258162
181928,0.0002855314338393708
181929,0.0005023485960551326
181930,0.00031226306337725626
181931,0.00020921043178867414
181932,0.002772055873646187
181933,0.00022207148274767903
181934,0.0004236311849693763
181935,0.11064250041375147
181936,0.0011725855774152752
181937,0.00015102846126884608
181938,0.0005786088965134284
181939,0.0002871401520496224
181940,0.0001766319494317909
181941,0.0012740222621815825
181942,0.05352004598622562
181943,0.00032212442047762556
181944,0.004618024363220079
181945,0.012297805802385408
181946,0.0008752158281471341
181947,0.02942454519064424
181948,0.0002900424740368533
181949,0.0015424743326609366
181950,0.026577668957697677
181951,0.0006960073895852887
181952,0.354662046077538
181953,0.016384170710515022
181954,0.0007778823351131324
181955,0.0004701036480451146
181956,0.002125400839038831
181957,0.0011996679047926488
181958,0.00101665350165949
181959,0.00018972927365345357
181960,0.0005462718575007451
181961,0.0003178022693292461
181962,0.0002783346498366247
181963,0.00039475277454139977
181964,0.0003380302924838188
181965,0.0002701099626647191
181966,0.007993879682916379
181967,0.00021045608473246972
181968,0.993210980866448
181969,0.0026244386987299938
181970,0.010773611155249016
181971,0.0001943757076639345
181972,0.0033171146490811034
181973,0.0009263064814991707
181974,0.0009831960568716192
181975,0.002287159372848138
181976,0.004734798119856589
181977,0.0018195356906678703
181978,0.04017617079649375
181979,0.00016731825194890788
181980,0.0017985176868060546
181981,0.00017533583009257412
181982,0.00017621000360698452
181983,0.000133152792837296
181984,0.001316350001404301
181985,0.07166988068486113
181986,0.00044526195475375074
181987,0.0002441906060157627
181988,0.005303271393738472
181989,0.009522800206077204
181990,0.0002160112633231532
181991,0.00030437539616746484
181992,0.00041936491286639725
181993,0.0014742240402464443
181994,0.9917788673331104
181995,0.0002752177396985078
181996,0.0015756001271113322
181997,0.001582102358268985
181998,0.0021541696159417005
181999,0.00020218794859156984
182000,0.003221234937093628
182001,0.0001700469133239598
182002,0.9842816866612558
182003,0.0001828812122197397
182004,0.0003101862252922662
182005,0.007980624056461076
182006,0.0033169979939793185
182007,0.0007440525265023208
182008,0.013885689826495079
182009,0.0010585635984756694
182010,0.00013357263542125228
182011,0.9943452048517519
182012,0.01243565087729632
182013,0.001013054739619273
182014,0.0003700208689910458
182015,0.11159812095094172
182016,0.0014676752221249732
182017,0.0002206071471829155
182018,0.33869155197276063
182019,0.0025564106883211976
182020,0.029131632122341773
182021,0.0007625135726058217
182022,0.0016381171820127527
182023,0.0009045091293618103
182024,0.9502722107241832
182025,0.09423186112420326
182026,0.0028700093286574873
182027,0.0007526183054121627
182028,0.12068317187430577
182029,0.012540035402049324
182030,0.8656820052946681
182031,0.00023474835631727634
182032,0.0003660949333573886
182033,0.00011574079753035069
182034,0.0002819246417234195
182035,0.00018999390771266722
182036,0.0005406542759479653
182037,0.0007138454734884179
182038,0.0027104241277523503
182039,0.002954249913879515
182040,0.004429264892143425
182041,0.0005408748387689293
182042,0.019479993680234342
182043,0.002372735635062095
182044,0.0002670228080995149
182045,0.00027552130696740547
182046,0.9953696339534044
182047,0.00033540570050138324
182048,0.01027243950075055
182049,0.00308418961049563
182050,0.00027040241066412563
182051,0.0016299294696594504
182052,0.0011256718318204163
182053,0.0004689673845295889
182054,0.00043493145317969597
182055,0.0006322865601139987
182056,0.007172111595164202
182057,0.001043207941766876
182058,0.002226496077840793
182059,0.00023096951261003393
182060,0.00035072523683173345
182061,0.023435639554396717
182062,0.003237376245790605
182063,0.00016036684720556428
182064,0.0007371134068784177
182065,0.0006016058882160417
182066,0.016539079298397753
182067,0.0004058700917649318
182068,0.001382990482348761
182069,0.0005000880388162942
182070,0.00041415610132154555
182071,0.0055127512701600425
182072,0.0008804122595134687
182073,0.0002841993578628393
182074,0.007314963046383633
182075,0.0006394308621214993
182076,0.0008260767564600883
182077,0.0002248431242172023
182078,0.008652774968291655
182079,0.03142408677385079
182080,0.0007354936298664113
182081,0.00010560743321164752
182082,0.00018945988874017236
182083,0.00132369849246604
182084,0.009339698298505042
182085,0.008208005705342324
182086,0.06035097276077942
182087,0.179584803864879
182088,0.00022511699004591318
182089,0.0009347046647529995
182090,0.0012122815302802277
182091,0.0002900235999621869
182092,0.0014500229156684523
182093,0.00036239307056378076
182094,0.00023225900487814489
182095,0.00033279349000819234
182096,0.0009950635037870607
182097,0.0004292098129605182
182098,0.00024010347327428665
182099,0.003676352239232794
182100,0.9870608089426901
182101,0.9912734296344539
182102,0.0005595104178687124
182103,0.011101759446066268
182104,0.000781795859843861
182105,0.0007350706486756843
182106,0.0007989310983471142
182107,0.0010588265982480645
182108,0.0011507562885544598
182109,0.006364242751572507
182110,0.0002525546670191644
182111,0.0006003419696812588
182112,0.004758528023343028
182113,0.0002792317118057203
182114,0.0008409987792839057
182115,0.0002253497435587732
182116,0.026920333704337787
182117,0.00028290880172257907
182118,0.0002791444213018086
182119,0.00026863958668852837
182120,0.020480513139806977
182121,0.001028551555894496
182122,0.0007562693361653616
182123,0.0639687021957418
182124,0.0013489364553760442
182125,0.00043011545644829465
182126,0.0018789675551489254
182127,0.0018497084217496038
182128,0.022584353758611543
182129,0.9953043316739083
182130,0.007987882259518641
182131,0.00019269691281822914
182132,0.0003223677538253827
182133,0.0016642754454520264
182134,0.0010372508686049275
182135,0.00024584922909451275
182136,0.028110136801766928
182137,0.06461403617084573
182138,0.0005920456790928361
182139,0.00028823982805047316
182140,0.0008528163004502409
182141,0.0001368184102053462
182142,0.009555374553737063
182143,0.008704919413491108
182144,0.0003603588940684967
182145,0.0007635022145153404
182146,0.0011988962425873338
182147,0.00023256244640569723
182148,0.008923943420315801
182149,0.0023629019841868997
182150,0.0006551086379769794
182151,0.00772660164593681
182152,0.0011384851468080874
182153,0.4152000485465247
182154,0.0032027332284492926
182155,0.003775201561937426
182156,0.00015693299873489465
182157,0.007238686713809934
182158,0.0960291600628422
182159,0.0029290855575454045
182160,0.000281364842480102
182161,0.0007794391937451436
182162,0.0018215494503171369
182163,0.0003789296188582549
182164,0.0295442901850853
182165,0.00015609735315210351
182166,0.0003436743009715285
182167,0.9915602643501946
182168,0.0005445636953919069
182169,0.07692766434559627
182170,0.9947129711401477
182171,0.00047920927167630073
182172,0.01499666760988413
182173,0.003061140704110798
182174,0.00016399033971993012
182175,0.001771869724655517
182176,0.0006672397559605903
182177,0.0007416073026425128
182178,0.000750168287960794
182179,0.00031033114628526483
182180,0.00035006035647080054
182181,0.001194395369578297
182182,0.00018154651947875313
182183,0.03961659754716941
182184,0.0005609892540971386
182185,0.005086727390380228
182186,0.9904849260906577
182187,0.0002722037885335973
182188,0.9917840401127098
182189,0.005750321959129488
182190,0.00023280267211686948
182191,0.00034231213962442373
182192,0.0011681993943545611
182193,0.01666763608865464
182194,0.0011340317904658833
182195,0.0008393077348889722
182196,0.00035787791776719605
182197,0.9817794901824304
182198,0.0031545702809472474
182199,0.018596090604349916
182200,0.00017387135019075858
182201,0.001121688787780368
182202,0.0018568291766027883
182203,0.9936286539433516
182204,0.0020141976937824704
182205,0.0014218119922926712
182206,0.000200435619973974
182207,0.00022023054402828862
182208,0.0012475107800150977
182209,0.007185602448497653
182210,0.0012585655506984976
182211,0.0003300262622243597
182212,0.046876663652934816
182213,0.003168420979887676
182214,0.00038070332723325707
182215,0.0005239445336027128
182216,0.007783932068231058
182217,0.0044571662874260546
182218,0.9852775722832703
182219,0.0024818422018045333
182220,0.00018938817661364767
182221,0.19435262852153562
182222,0.00029756020228690065
182223,0.9903247778189883
182224,0.001179354107000515
182225,0.000986312825590368
182226,0.0001741477404910536
182227,0.0031510321448918826
182228,0.00025031238127669895
182229,0.0007876257293399866
182230,0.000813868314836152
182231,0.00015742661526402772
182232,0.0004382254911494544
182233,0.0009040400091008768
182234,0.001595101925977638
182235,0.0009182088994532253
182236,0.000699498119039212
182237,0.0005076675250927845
182238,0.0023206015613114702
182239,0.009858663600168216
182240,0.001428701449241084
182241,0.0007742228394812012
182242,0.0020242814582461166
182243,0.00095923417041953
182244,0.0003287534770872844
182245,0.0002469661021661846
182246,0.003755977087026025
182247,0.0015367063663279973
182248,0.0009119723202345593
182249,0.0006502380498411585
182250,0.001833797830614285
182251,0.0004056245502380098
182252,0.0005575653901973487
182253,0.9914372486236416
182254,0.0054102802885870206
182255,0.0007059066646409692
182256,0.005847767955320934
182257,0.0002470405268979625
182258,0.0009088231304398674
182259,0.00024861511638746845
182260,0.0003608479289133188
182261,0.00038106874887396325
182262,0.0017049801753318144
182263,0.0002479788841082192
182264,0.00022287182856511843
182265,0.022913589479717836
182266,0.0006841618162468279
182267,0.0006768576519577577
182268,0.9868164761282574
182269,0.00807419249485614
182270,0.0014066124055367615
182271,0.00016741338518447532
182272,0.0013284354050181024
182273,0.0004302001678352674
182274,0.005723818132028314
182275,0.00031065545278124204
182276,0.007993059229464722
182277,0.0010351256668163994
182278,0.000328317727370893
182279,0.8207826076206335
182280,0.7244067479044289
182281,0.0003715047506248
182282,0.0007657145143117873
182283,0.008491405731679159
182284,0.0021214672439716408
182285,0.0040878849081978095
182286,0.018713065372685234
182287,0.0001876420272760186
182288,0.009930030079297332
182289,0.0008399140391983965
182290,0.008433006053615166
182291,0.004989666427391455
182292,0.002816453312480378
182293,0.0008753017117686988
182294,0.00031761785626502527
182295,0.000666404194107171
182296,0.0006426410960620169
182297,0.0019954215684643583
182298,0.04130894058035627
182299,0.00021461758003943246
182300,0.0006389618441802367
182301,0.00023892341747389355
182302,0.0011220324071827598
182303,0.01048132090011757
182304,0.0004975600933073073
182305,0.005248288463877324
182306,9.145233296589356e-05
182307,0.0002512537609299826
182308,0.002082268793026028
182309,0.08190112442863126
182310,0.0008476946648963032
182311,0.0003319880593254982
182312,0.00011216223096218059
182313,0.3628054901960524
182314,0.000773652318150885
182315,0.00023482822220525723
182316,0.9801483831731573
182317,0.003303198956639347
182318,0.0035828054246931874
182319,0.019016824186562576
182320,0.01167434328242025
182321,0.010926390132907035
182322,0.0004293842241628913
182323,0.0698001007895362
182324,0.000491632537790616
182325,0.00085220120707941
182326,0.001509288354465867
182327,0.00018121803097961883
182328,0.002118327784433575
182329,0.0012774984811213415
182330,0.0015838513155752023
182331,0.0011784873192363463
182332,0.0003643419229603439
182333,0.0029359130704033043
182334,0.071986648777224
182335,0.9501522349609335
182336,0.00014544098196875413
182337,0.0009262179960971731
182338,0.0007084170526324337
182339,0.0033637025984843798
182340,0.0004642657260481439
182341,0.05402485914818982
182342,0.001252807069637226
182343,0.0009793747322648296
182344,0.006807541670613075
182345,0.0004502727919767987
182346,0.0008220447221889037
182347,0.0007018675973247582
182348,0.9903577790096497
182349,0.001043239193302949
182350,0.00298903351304712
182351,0.0002751960614314083
182352,0.07387539557100532
182353,0.000523888688117605
182354,0.0010308017451708146
182355,0.00015141323579206576
182356,0.009294775645676505
182357,0.00051587733756884
182358,0.0064677822736446695
182359,0.07242727109456357
182360,0.00041347968986001673
182361,0.0005676314008612179
182362,0.0010980766599947977
182363,0.01886391866537038
182364,0.002398696730877604
182365,0.002707276235479739
182366,0.0008536922414053228
182367,0.0031949862376366533
182368,0.0005315273783515239
182369,0.0015106972238417057
182370,0.00015377854260415353
182371,0.00022513952376850354
182372,0.0004732109315762019
182373,0.012919313727741459
182374,0.7216383630834068
182375,0.0010265960766738303
182376,0.0008484777501585219
182377,0.00421385849255931
182378,0.06452133974973778
182379,0.00020410420111402337
182380,0.990890265595999
182381,0.0015521713155319137
182382,0.9915266270441666
182383,0.00034632925406672717
182384,0.00023733208664416803
182385,0.0020460929889556125
182386,0.0008434163763009115
182387,0.0008559002966680518
182388,0.017471981797857257
182389,0.0005968811568860827
182390,0.002750232034490403
182391,0.02173134744814065
182392,0.0004039916193327491
182393,0.0006117267205966241
182394,0.004860932163685318
182395,0.0019450241615887646
182396,0.5543999354548115
182397,0.001476316966740762
182398,0.0007855192576318492
182399,0.04011173754986571
182400,0.9904951170408209
182401,0.0010954335753274608
182402,0.0013432790769181918
182403,0.000850580342230117
182404,0.06638018337720186
182405,0.0003153135533295564
182406,0.0008503045437925883
182407,0.0031268847970921682
182408,0.0005373469619023374
182409,0.003332430227597149
182410,0.00019105295886211253
182411,0.09336807072886873
182412,0.00022899678136087422
182413,0.0002472869842334774
182414,0.0014211537153607009
182415,0.00029271723334158505
182416,0.022194092190541644
182417,0.00036643903834387254
182418,0.0003728387968033075
182419,0.9961368509161138
182420,0.07152983142495678
182421,0.0005870783625975149
182422,0.0005694633363582006
182423,0.0005292889775579673
182424,0.0022591130570517124
182425,0.0002862491817027463
182426,0.005995919889447608
182427,0.012296993456146483
182428,0.0004613171968401702
182429,0.0006572550403462098
182430,0.00015155456359798272
182431,0.09168137040147156
182432,0.00023954332041321099
182433,0.009617524360504396
182434,0.0003733270295328126
182435,0.00030161859475470265
182436,0.0020797927523764515
182437,0.00016322697645554133
182438,0.0032439580277724314
182439,0.008742190626710635
182440,0.00026251613757802045
182441,0.0006677312274697353
182442,0.0016626636688893922
182443,0.0002888428989577865
182444,0.0023905359649779127
182445,0.0015921863117231872
182446,0.9908826240579491
182447,0.00022211532948981415
182448,0.9866754825504928
182449,0.010875393971814246
182450,0.06112614676529293
182451,0.0003714408885878658
182452,0.6685906375300839
182453,0.00020173124961618712
182454,0.01806571778946503
182455,0.0010820048197745888
182456,0.0010426018236616953
182457,0.0019789478524422153
182458,0.0003637604774143781
182459,0.005553811137406663
182460,0.003847778993924917
182461,0.0015293949812932787
182462,0.0010890008039896053
182463,0.0003225502459584402
182464,0.022477119036312384
182465,0.0010717242870443328
182466,0.9804856934227275
182467,0.0009803858137520539
182468,0.002212070326315462
182469,0.0003705117716344143
182470,0.961075212060561
182471,0.0002457957944610668
182472,0.6374890137601096
182473,0.0026730044973978257
182474,0.0006002266484298725
182475,0.0023002484100098754
182476,0.0021754850476163675
182477,0.007661278900595394
182478,0.00017088775691751995
182479,0.00034416663418601975
182480,0.00038150367490386
182481,0.0005783151847083847
182482,0.0004159180070047812
182483,0.0002275384345383249
182484,0.0005971171220567222
182485,0.007693640465878164
182486,0.033863669612623
182487,0.0012142976317736929
182488,0.4078156305820255
182489,0.027304696383819282
182490,0.000295971641000358
182491,0.003920745227310389
182492,0.9916630007065423
182493,0.03315413423949774
182494,0.0003645797068282232
182495,0.9130115405088419
182496,0.0005037121528948792
182497,0.9942387999172896
182498,0.00042370765174213075
182499,0.0031089486994076627
182500,0.0002823818230092694
182501,0.00016455722044311002
182502,0.0010016750087531265
182503,0.0016738063019036205
182504,0.0012361156408765281
182505,0.001129556004570947
182506,0.0004225946617032497
182507,0.002542961077375298
182508,0.0005394236363229118
182509,0.002013199238770956
182510,0.000511944164819661
182511,0.00022892213650373044
182512,0.0032636355638836446
182513,0.0017780408951593274
182514,0.0024452558091837277
182515,0.0005383002531033356
182516,0.009990870457977943
182517,0.00031546544083111024
182518,0.0025416149430287707
182519,0.006942414874135492
182520,0.0006158990328900477
182521,0.00016732806827236225
182522,0.0006828219060315053
182523,0.06150719129866802
182524,0.0001648991318361177
182525,0.0026732556334060627
182526,0.004968616365051401
182527,0.0011125864482448887
182528,0.0002725549909991553
182529,0.06658277640785358
182530,0.0005624734342520061
182531,0.00029540566096046236
182532,0.00023455762645717233
182533,0.9928918667378972
182534,0.0034224906481276347
182535,0.0019757753416106056
182536,0.013979852107059971
182537,0.0006265370274378409
182538,0.0005083762675924321
182539,0.002742413962395608
182540,0.0005874063774604873
182541,0.0014907081391396728
182542,0.23039139215623383
182543,0.0351109520602968
182544,0.00024050835547199337
182545,0.000381550687706501
182546,0.002146666711445765
182547,0.0008061668180176637
182548,0.00019312813469685568
182549,0.004757834657071811
182550,0.012978952494877528
182551,0.0013526817706714291
182552,0.22671274957896317
182553,0.0010586169029925382
182554,0.0004128854640117314
182555,0.0006010990741299357
182556,0.004645605841476675
182557,0.006344737626008178
182558,0.010892769715153289
182559,0.0003271503207198707
182560,0.0005966579835276741
182561,0.002433272040231895
182562,0.0004781011047250093
182563,0.9503525189934913
182564,0.0004828498497985521
182565,0.002102359408884925
182566,0.01844707985041412
182567,0.0002570665822276996
182568,0.00020052118990309425
182569,0.008222840052482727
182570,0.0005509027856738438
182571,0.0581296362240186
182572,0.000329225650928298
182573,0.02791389680117247
182574,0.001945817254535251
182575,0.22108841636327864
182576,0.007823441172534426
182577,0.044036411913785434
182578,0.0006425571283472403
182579,0.0001420629371836872
182580,0.000514835621459344
182581,0.0008440929152614652
182582,0.00895594935766892
182583,0.011363344852824498
182584,0.008375297090427584
182585,0.0015035098824799456
182586,0.0005766610649536457
182587,0.0003210415162322927
182588,0.0030912215646398703
182589,0.0003054411072461217
182590,0.0017316490300731077
182591,0.00044283992435613346
182592,0.0003542466612440839
182593,0.011630918740605994
182594,0.0002982286961344391
182595,0.012340792310515176
182596,0.00012413775835828583
182597,0.0003901903769043684
182598,0.0007200757389014694
182599,0.001816318675691958
182600,0.001236895718933065
182601,0.058698256807495276
182602,0.015570723295787596
182603,0.009534766781640629
182604,0.991514297405237
182605,0.00026243933898698675
182606,0.00012546933039815614
182607,0.04406020047403398
182608,0.0002467729560403421
182609,0.014912363900319654
182610,0.000397995924851828
182611,0.0006191629096345133
182612,0.013848455518723286
182613,0.0007093200112686664
182614,0.00032996982618414876
182615,0.0026628688249505364
182616,0.0018734165832278694
182617,0.0006278726062320679
182618,0.2205727954292866
182619,0.2896648687001141
182620,0.0009046341197567172
182621,0.0002650793520105716
182622,0.00022904110377327866
182623,0.0012910710228334705
182624,0.0032270406671626654
182625,0.00037300140631640595
182626,0.0006301913348013953
182627,0.002550602004227463
182628,0.000260238363239952
182629,0.0008284319622406045
182630,0.026106540481041576
182631,0.11793962436150206
182632,0.005516284194592266
182633,0.9841471336818459
182634,0.0004193338305366775
182635,0.0008066866112965128
182636,0.0105971130190399
182637,0.012422311732845526
182638,0.00021445549946210474
182639,0.0057382117166268004
182640,0.9039896751694734
182641,0.07258569333298834
182642,0.000654402882043288
182643,0.0006895353291079386
182644,0.0008231337265026701
182645,0.0018690068787363926
182646,0.0004530130273643808
182647,0.000352416158189129
182648,0.0011534209763437381
182649,0.0005597055938107615
182650,0.0009487985315408254
182651,0.11828455503752876
182652,0.0013911690626591047
182653,0.0009311802307294885
182654,0.00036008506597829374
182655,0.007241275997735581
182656,0.0010025501236294468
182657,0.026926644289902796
182658,0.0007163793295571688
182659,0.00047735918167436886
182660,0.07427597857863205
182661,0.0002828694510265962
182662,0.20195600632787808
182663,0.0008567831640314253
182664,0.0013174492969459173
182665,0.003652927497058755
182666,0.9937901995775872
182667,0.0032683511529403757
182668,0.012619707520042855
182669,0.0018024500842243037
182670,0.00042040310184282044
182671,0.007998093623366781
182672,0.9844849929458311
182673,0.874384952380295
182674,0.01594778110485245
182675,0.0004929763970376957
182676,0.16871257326226669
182677,0.0009566322438448898
182678,0.005099255142368043
182679,0.00026765393860080533
182680,0.004443354398163836
182681,0.003980881491756911
182682,0.030326596207593058
182683,0.0003349641370146379
182684,0.0003094122865939431
182685,0.0003843737285962224
182686,0.0010171557507148768
182687,0.0005448250866006424
182688,0.004880689744396183
182689,0.0026354229850747415
182690,0.15411486306452604
182691,0.013403988762592682
182692,0.988051823128072
182693,0.012357806791100363
182694,0.0006236715795335477
182695,0.00039028152499353223
182696,0.9475773938384381
182697,0.009041722973330613
182698,0.04942071226312438
182699,0.0012847306061439998
182700,0.0012286440928115524
182701,0.00040942349183968027
182702,0.0008440431242600602
182703,0.0007251978883873687
182704,0.0019936956539567388
182705,0.000747468627120584
182706,0.00013862432268169585
182707,0.0001610640917577872
182708,0.04443932774629829
182709,0.9932952963769348
182710,0.0001809764746234921
182711,0.002898618370979897
182712,0.0008627332403003282
182713,0.0002620669613113917
182714,0.008739065447996528
182715,0.00815588904127935
182716,0.010560880192110642
182717,0.9888442235226492
182718,0.0012271924009931109
182719,0.9721723500589792
182720,0.00042058707849685956
182721,0.00021463617449649233
182722,0.0001112429320380843
182723,0.9283913524957562
182724,0.0008246698073725435
182725,0.0010773471496128518
182726,0.005447071141871948
182727,0.00021138818466198624
182728,0.0002609730958615413
182729,0.0005776926355394954
182730,0.002773387088774956
182731,0.0059527668119024974
182732,0.015303521286039706
182733,0.00011065800989209338
182734,0.0005350128422952728
182735,0.9809090895300149
182736,0.004179598956996568
182737,0.0013643488711412317
182738,0.9832429103495931
182739,0.0004353216622464276
182740,0.00031695201794933333
182741,0.0018699840413747666
182742,0.3831180757595421
182743,0.5646814119700855
182744,0.9776136389047327
182745,0.0012254790454916055
182746,0.00023091141334942824
182747,0.0001676494537336208
182748,0.000574273864013392
182749,0.6630409915032415
182750,0.0004404269860985707
182751,0.0008054164795038144
182752,0.0005106019595500863
182753,0.0005953334323281686
182754,0.003729922764399376
182755,0.0006107274865718391
182756,0.0007611437140690005
182757,0.006012129417306932
182758,0.0030025040266771713
182759,0.0006213971628781156
182760,0.00044349951554273787
182761,0.0005738626062054738
182762,0.07125254432990873
182763,0.0009427262320728168
182764,0.00016023843703433244
182765,0.0004951646400160509
182766,0.0031011583245580013
182767,0.008237540488059188
182768,0.00019169227668724834
182769,0.0005631017330010127
182770,0.0003514555925981215
182771,0.0001811804721583262
182772,0.0003422413639778105
182773,0.0004134055625072012
182774,0.00780998177132793
182775,0.0010310110266410577
182776,0.0004809860079941808
182777,0.8429177055755035
182778,0.00037305775957812673
182779,0.004375204669517018
182780,0.0016698607381017674
182781,0.0009033769666725246
182782,0.0009872482614577214
182783,0.9966644677303383
182784,0.0017214178657880474
182785,0.0021024874534061795
182786,0.0002647150307758024
182787,0.0043098974716982786
182788,0.0002756195983352054
182789,0.0001589967709996642
182790,0.00018468386528689042
182791,0.9872476900760736
182792,0.045801292331699085
182793,0.0034544070786544337
182794,0.0026288056459780446
182795,0.0001400212295010846
182796,0.0006900334318236785
182797,0.0013833948216885757
182798,0.9942623015936007
182799,0.00027713554727518364
182800,0.001000672938380817
182801,0.0022775070556039856
182802,0.9953816566259452
182803,0.984316975569161
182804,0.0004094056291293208
182805,0.9879450132874581
182806,0.009945506944504363
182807,0.018745832427916657
182808,0.0010393451215496765
182809,0.0005604576062018647
182810,0.004483905579193686
182811,0.0005300239805690286
182812,0.0008328381174228856
182813,0.0034455320672915875
182814,0.00020634505851272597
182815,0.0007451960793810181
182816,0.0005407880722543506
182817,0.019299112108456678
182818,0.9821566216459438
182819,0.00038324098473051775
182820,0.046802799236881514
182821,0.0011319349274445938
182822,0.006338449923918536
182823,0.0006089766941356967
182824,0.0011268367614434677
182825,0.0005853221539380096
182826,0.018508913298539105
182827,0.0010096512736497928
182828,0.0007057766938619191
182829,0.9874635690297191
182830,0.0032454091225972144
182831,0.0038772854838438346
182832,0.24093757592528214
182833,0.0011303783975230943
182834,0.0007349417322008115
182835,0.0013968376596429554
182836,0.00102196618978047
182837,0.015203141422180655
182838,0.000752277447721934
182839,0.0015147866137549032
182840,0.004055286872779067
182841,0.00141627092109013
182842,0.0005586400664693428
182843,0.00018220134976380453
182844,0.0006740381704195276
182845,0.9926664781302111
182846,0.01774580551777349
182847,0.0004314575038946176
182848,0.01009484313250942
182849,0.0006019253504209035
182850,0.0003154846119919657
182851,0.0003720310372089058
182852,0.0002685304502084154
182853,0.00026566010857968645
182854,0.0008541706529325147
182855,0.0005676310049475101
182856,0.00046322173643968055
182857,0.0018277403845751569
182858,0.00028882795327009705
182859,0.015503968075041516
182860,0.7802647821537488
182861,0.0006502539904565698
182862,0.0007835138657447664
182863,0.000296588444332988
182864,0.0011101691892450353
182865,0.00034050753331820745
182866,0.0010833759337190052
182867,0.0006357036125388243
182868,0.0005317078380463898
182869,0.006071913059433937
182870,0.001033870177149057
182871,0.00016129474260568238
182872,0.002106136148371173
182873,0.000160233534757608
182874,0.00019781254012659567
182875,0.00017392838153559853
182876,0.0003078423364304795
182877,0.00038645206847067826
182878,0.9846832409657534
182879,0.0020260522275050035
182880,0.0052671609672165715
182881,0.002635286236257677
182882,0.0005199881931772692
182883,0.9764336210912606
182884,0.00043852174627149294
182885,0.0006612524279864773
182886,0.00013728602862448204
182887,0.6238997821606926
182888,0.011489039676118853
182889,0.0010414013127218408
182890,0.00178522153470354
182891,0.0003126820590815476
182892,0.00029614704744908516
182893,0.0011155975906906805
182894,0.0008280065909636581
182895,0.06403884727458856
182896,0.0004152547543119339
182897,0.0008447798005164413
182898,0.005192438566945611
182899,0.0025890455356633946
182900,0.01291777025780925
182901,0.0006017561912409066
182902,0.017627434826204994
182903,0.010975310120359643
182904,0.9867873901781
182905,0.9807156747354786
182906,0.001372226878621848
182907,0.0005648566278169798
182908,0.00030609315564477193
182909,0.0005181976859447773
182910,0.2754601139712614
182911,0.0006789870804450011
182912,0.047862261950933904
182913,0.0003731060765052113
182914,0.0006798514900069565
182915,0.00024349006089580136
182916,0.00021381224867167623
182917,0.0007281483468899257
182918,0.9650060001207705
182919,0.004122879000669291
182920,0.014392904457493362
182921,0.0026897787972962645
182922,0.010074025720284745
182923,0.07393353403192168
182924,0.006608172685330033
182925,0.0009635252649292164
182926,0.020665463385349872
182927,0.0009980655996181874
182928,0.17663042251804947
182929,0.003871144391468651
182930,0.00035979955708761524
182931,0.0007300660370271324
182932,0.00017297906437138054
182933,0.000760768277229831
182934,0.0003999492218050774
182935,0.004031736227551912
182936,0.00047969930882998013
182937,0.0007575222416006847
182938,0.0008230107798893414
182939,0.993715194867092
182940,0.00028892525862028295
182941,0.002841188452516249
182942,0.0010052527184991828
182943,0.0006984128792254867
182944,0.6694097729887736
182945,0.005890215251562952
182946,0.9854791334752069
182947,0.007365141049471689
182948,0.000785475091170453
182949,0.0005115367753435803
182950,0.00038324759640343144
182951,0.00029496765385529275
182952,0.00035032319067245947
182953,0.002656526939341758
182954,0.003628921417403352
182955,0.004225037854819407
182956,0.0005017981361070522
182957,0.0035598780854208464
182958,0.0002050403314200014
182959,0.006867616624442326
182960,0.9842350557229579
182961,0.0009874563568516806
182962,0.7702460057343908
182963,0.042933650912047885
182964,0.0030355232379571107
182965,0.00028957089264085507
182966,0.0031371289598899213
182967,0.1712791319649726
182968,0.00063687701889652
182969,0.0008302121968116949
182970,0.008460709208301026
182971,0.0001734225447057191
182972,0.00047644906815370446
182973,0.0021779038847770404
182974,0.0008847784189130428
182975,0.9939390760367158
182976,0.0037348393231900904
182977,0.037157665794542896
182978,0.0010985960986774038
182979,0.0006770496414198916
182980,0.0004942080594203823
182981,0.000507898872112955
182982,0.00015761739693222266
182983,0.00027456251182793404
182984,0.02078358525209876
182985,0.0021361644360294594
182986,0.001978278781094372
182987,0.9670197457975075
182988,0.9963757540969875
182989,0.0017440509689590246
182990,0.000601804457207972
182991,0.00027214388838232823
182992,0.0066644838612625
182993,0.00014684108350118441
182994,0.01749306932611142
182995,0.0005726167379143892
182996,0.996690991992903
182997,0.00387111168633426
182998,0.00014618243022802605
182999,0.0005748724888374748
183000,0.00046301712798084665
183001,0.001523363267791944
183002,0.984669193666266
183003,0.000343178609628635
183004,0.02553377111620178
183005,0.0005702423619812141
183006,0.004602040151528124
183007,0.0008124752954436076
183008,0.0035587159447691527
183009,0.010000139109742068
183010,0.007896975534042392
183011,0.0012960737968066
183012,0.0015635557209291457
183013,0.003341048912775108
183014,0.0009178245547427607
183015,0.0018413769239163454
183016,0.0004635147754479585
183017,0.0009981088707892323
183018,0.00031102315337463564
183019,0.9793055313976204
183020,0.0012613591876009349
183021,0.00013116022493319738
183022,0.0002009101242465934
183023,0.016047114959684167
183024,0.0026975640645299625
183025,0.9795195077408109
183026,0.0007058907823422699
183027,0.0002570471343690812
183028,0.00029003281909140713
183029,0.00035810836171478176
183030,0.0005973812492076359
183031,0.0022969798874510872
183032,0.0003752055909254225
183033,0.9930821709773606
183034,0.016968255589349248
183035,0.0019360980863170542
183036,0.0022731214212223273
183037,0.17109476451981728
183038,0.0001734313033829017
183039,0.0007059669533220873
183040,0.0181725013012345
183041,0.00038757270422449706
183042,0.0004339159071904125
183043,0.0003111238566036552
183044,0.0024898095091335473
183045,0.0023282243556906968
183046,0.001247452578199522
183047,0.016208819911949935
183048,0.00022744170557599216
183049,0.0034637639853185957
183050,0.0033278310530948075
183051,0.0002509351156836134
183052,0.0008567957787510627
183053,0.02850762983858497
183054,0.0007594522916368039
183055,0.0017826119329754464
183056,0.0005083502169663139
183057,0.008718976215905888
183058,0.06267018395220672
183059,0.0010078507050956386
183060,0.9836675536432358
183061,0.0003821826862980657
183062,0.0025972691788562277
183063,0.0008727785453587276
183064,0.001489718416869159
183065,0.0005714899904394571
183066,0.0003955385579826296
183067,0.0023685955419370792
183068,0.0012217542039708216
183069,0.0004212761114454563
183070,0.003602292589615123
183071,0.0009806402649361345
183072,0.005588328953459821
183073,0.9866248761169412
183074,0.0005986927367042134
183075,0.0005153789635846749
183076,0.027869821756308706
183077,0.00022362124370794124
183078,0.9033184059136025
183079,0.0008881542387360455
183080,0.0008375527369001693
183081,0.0007086159356954446
183082,0.0009969066964061342
183083,0.0006300612250107124
183084,0.00023007752562518465
183085,0.9914796098890869
183086,0.9887385791621138
183087,0.0002458965690112758
183088,0.00038608539918832854
183089,0.00022170783648707573
183090,0.0010110828565362672
183091,0.08009073032071666
183092,0.004768376290460817
183093,0.0008468029884903325
183094,0.0001516604125815425
183095,0.0018108400074078141
183096,0.00048638899062864544
183097,0.0018493791996194702
183098,0.01309677263222601
183099,0.0002674159816997535
183100,0.03675791765318137
183101,0.02215585345112043
183102,0.00022150149447830927
183103,0.00047316481129668693
183104,0.0023672931842567122
183105,0.0012909181970264649
183106,0.0003237518782377311
183107,0.0003338155923537251
183108,0.0017644188549489385
183109,0.09208973943870201
183110,0.0002602211456765843
183111,0.0025434059609686483
183112,0.0015242372122597752
183113,0.004655068959973301
183114,0.0031297675823253224
183115,0.0009795272411254907
183116,0.9841961216485319
183117,0.0010980666452717973
183118,0.9917200771066336
183119,0.09088001968783463
183120,0.0036614237231505312
183121,0.0022047537582781176
183122,0.0001195177607847744
183123,0.0015754954522317075
183124,0.00017458287227836814
183125,0.0002237495754497352
183126,0.00022439086865734499
183127,0.7347195621335727
183128,0.0005366658745211413
183129,0.010806471270182576
183130,0.00015291536344358927
183131,0.0014244117418405293
183132,0.0013900087982732367
183133,0.0005029916326385551
183134,0.0007145928938146304
183135,0.0007011363261386717
183136,0.004559492290199637
183137,0.9857500220823613
183138,0.01352098376992494
183139,0.0008908012622994867
183140,0.0013468189131824219
183141,0.003174544370495665
183142,0.0010375136431305268
183143,0.0003112692924423009
183144,0.0002406842033135306
183145,0.9955696639088595
183146,0.010789548155817182
183147,0.00591406004732142
183148,0.001265349038603038
183149,0.9938910648798533
183150,0.0007126663632212375
183151,0.0010023480906698164
183152,0.0032334680800765888
183153,0.00016568448663280237
183154,0.00018966343591027575
183155,0.0007149482058391286
183156,0.00739120686357865
183157,0.00035983350213451474
183158,0.0004134152000343597
183159,0.00026465805931118555
183160,0.00022105959164853345
183161,0.0004930659774930694
183162,0.000567270192029125
183163,0.00018412907119708536
183164,0.0004636118565903847
183165,0.003221490037435381
183166,0.0001756681773680639
183167,0.000713059184126745
183168,0.003114717851548185
183169,0.00032423855583448474
183170,0.0009553468429887558
183171,0.045302900274285
183172,0.058654972440900406
183173,0.994132664553435
183174,0.9951459214175341
183175,0.0009810598213222334
183176,0.00032341220649794225
183177,0.010670185034170283
183178,0.994099377368655
183179,0.0013644468218813614
183180,0.0032664190851912156
183181,0.0004726778008539299
183182,0.0003125040444412236
183183,0.0004372694836490927
183184,0.001494681868513025
183185,0.00041114065402768227
183186,0.00011472608203700306
183187,0.002825949692189173
183188,0.00023569340766074382
183189,0.0004562601964510985
183190,0.00034552160905744575
183191,0.00021372126820766758
183192,0.0005523455962499788
183193,0.985950911253899
183194,0.0013960363385032849
183195,0.00142556143981006
183196,0.000844085944769824
183197,0.0009909496362618024
183198,0.006436373938215935
183199,0.0030052048358038637
183200,0.0007956682740714766
183201,0.9886519176481489
183202,0.00045947694589596453
183203,0.00018042057635422851
183204,0.0013809627938285057
183205,0.009235059398037877
183206,0.0010902367562770636
183207,0.007960856300686684
183208,0.0013723547988176849
183209,0.00048588931632558176
183210,0.009160238219105511
183211,0.0007486932972161627
183212,0.0021029617551227273
183213,0.002738590251691892
183214,0.0007829375536714871
183215,0.0008025413401938666
183216,0.004185244308635025
183217,0.0026214765394478134
183218,0.001588735291676763
183219,0.00045136971018610537
183220,0.002405286322677827
183221,0.0002583233663277352
183222,0.028742460473708747
183223,0.0006228144515782398
183224,0.0002409503032232351
183225,0.010036058974419133
183226,0.0013952924930520963
183227,0.00037377847364337757
183228,0.003425625792601623
183229,0.0029557831570919337
183230,0.0005120149701392722
183231,0.004897387455034915
183232,0.00011303250078560913
183233,0.010846201156743805
183234,0.041305603265654085
183235,0.0017935132306456816
183236,0.01224727392003277
183237,0.00036519114866516883
183238,0.9665806184490223
183239,0.001229773099153681
183240,0.0002547056231060464
183241,0.0005098802950929477
183242,0.000329090454141423
183243,0.0005385739266069312
183244,0.00043166923682964425
183245,0.007704510247324122
183246,0.00040298631279967075
183247,0.0005681011118662625
183248,0.0006319638464772765
183249,0.12469976352659123
183250,0.04251677677921072
183251,0.002850789189897708
183252,0.0005841606199622399
183253,0.0009739238901430321
183254,0.0002988308559124247
183255,0.0005754358877270854
183256,0.007168218399453114
183257,0.00038125357131487406
183258,0.9896028801791451
183259,0.9845631435008081
183260,0.0020084284443772082
183261,0.015368094306453197
183262,0.0001430545042375397
183263,0.00030938866274040266
183264,0.15387758579830904
183265,0.003510568312172613
183266,0.0003327359347181885
183267,0.00023757624389958743
183268,0.001994384920386364
183269,0.000518121140175916
183270,0.0005851126373650386
183271,0.008287470335167461
183272,0.991162613189203
183273,0.00021347024544456376
183274,0.00019871723161370258
183275,0.0012698755475568965
183276,0.0003205883210089593
183277,0.0034426399600804712
183278,0.0006111387228694292
183279,0.0021913522340559106
183280,0.007592249606552965
183281,0.016144558351127335
183282,0.0004338873091366962
183283,0.0014792374807119485
183284,0.0006756395862292349
183285,0.0028965119468977773
183286,0.005183846094094606
183287,0.2902443047901762
183288,0.00034031957197898713
183289,0.0029186838687548546
183290,0.0006838424683117771
183291,0.00045023681419573564
183292,0.00030984955968058563
183293,0.0002053248471151563
183294,0.0005971560117582804
183295,0.03592772224457397
183296,0.9965302456054469
183297,0.010029829973015067
183298,0.0003363381307652393
183299,0.0006588698515815081
183300,0.052283937621668664
183301,0.0006014658235928508
183302,0.0035719116928321516
183303,0.0029487414264018877
183304,0.0007198145486639572
183305,0.0006668005410672838
183306,0.9945788217119107
183307,0.00021171126458585649
183308,0.00044283002947336165
183309,0.004247174068158996
183310,0.039038698347936565
183311,0.004551204474256578
183312,0.0014877679042249188
183313,0.038698851074682655
183314,0.0012652856883369251
183315,0.9695643912083912
183316,0.0005330369036027459
183317,0.0009652790984036127
183318,0.26057719495468623
183319,0.8900501087965995
183320,0.0005122678828866469
183321,0.013984348153564313
183322,0.0010200924301860446
183323,0.0007896942000627409
183324,0.00025751691552493354
183325,0.00014619909290128236
183326,0.006524452492689546
183327,0.024113477956340067
183328,0.0021471248370693685
183329,0.00035859049559483784
183330,0.6093598043506
183331,0.5071207494536123
183332,0.0006768347565325838
183333,0.0036240227918287343
183334,0.0022224371055980553
183335,0.00025824765374213104
183336,0.006153405388644575
183337,0.00015829767677518714
183338,0.0032816730553461597
183339,0.0002119929119279287
183340,0.0009909664329479995
183341,0.00025494461640126977
183342,0.7807518216411686
183343,0.9887180432398747
183344,0.001190783240340861
183345,0.0001454148226322293
183346,0.0008603791376625146
183347,0.0002843168423599867
183348,0.0019259594127646784
183349,0.0008407404401921598
183350,0.002272823462134542
183351,0.0009332722270143832
183352,0.00038494189903281475
183353,0.0018143596641510894
183354,0.0008422390395071605
183355,0.0010884716495191031
183356,0.0005661998243709047
183357,0.0003063420255864358
183358,0.001347646423751183
183359,0.0034740268679710556
183360,0.0035161961320999114
183361,0.0020583932502425775
183362,0.0010556313139511299
183363,0.1811624584282326
183364,0.01212782139965709
183365,0.00215699503313749
183366,0.01975472472937792
183367,0.008408199958206245
183368,0.014257605345896462
183369,0.00045647961293010655
183370,0.0004554352887028652
183371,0.0005009876986990275
183372,0.00353935255302098
183373,0.0005475791068822089
183374,0.007569550193317507
183375,0.0003951732334023134
183376,0.9606622763572771
183377,0.0015805742009958117
183378,0.0006200995810468911
183379,0.00041277510849416845
183380,0.002400301281591362
183381,0.0014145213250059954
183382,0.00110601125596141
183383,0.00043972720205352024
183384,0.0001903085458388548
183385,0.0008690672008717678
183386,0.0002637472891649302
183387,0.0018447931449567694
183388,0.004694553603563016
183389,0.0004460768499129641
183390,0.0012387057030723303
183391,0.00814255102480322
183392,0.0002385867307288542
183393,0.0015917252446218978
183394,0.0003849885909887419
183395,0.978904827588497
183396,0.9489206313010888
183397,0.974103483440756
183398,0.00136539361461866
183399,0.0009977483902601694
183400,0.0007941961218267425
183401,0.001173725740185846
183402,0.009287101156463768
183403,0.002427352668130311
183404,0.9716407314838965
183405,0.00043542618867654925
183406,0.007307366649204858
183407,0.019357995123771423
183408,0.0004512899745064307
183409,0.00046468402208330945
183410,0.0023014857717288716
183411,0.04193320681326859
183412,0.9687478896496604
183413,0.0015323437129641892
183414,0.0003550144224896213
183415,0.01609293071780691
183416,0.0006165334571774965
183417,0.00027517189584530863
183418,0.009060473662924166
183419,0.9761219386467838
183420,0.006563333199993261
183421,0.0019471403915285212
183422,0.005013854691253057
183423,0.040889246600646696
183424,0.0023662528719383138
183425,0.0038652251134487863
183426,0.012305717515414339
183427,0.00048216839301314123
183428,0.00020493851657610613
183429,0.9919583713086892
183430,0.03558757607132285
183431,0.9699233177682749
183432,0.004254117267256752
183433,0.0006129579243461733
183434,0.005986360923058127
183435,0.0003709492559438916
183436,0.0001720177302306874
183437,0.0011216895115812766
183438,0.0002860779915970529
183439,0.00039590400364587856
183440,0.0002233377910173985
183441,0.2442237061247794
183442,0.000434756738668869
183443,0.00025779934808232947
183444,0.004837518407903582
183445,0.0007517792111467779
183446,0.7136434051370767
183447,0.0011167363646428265
183448,0.013184072540681647
183449,0.0005436425701795042
183450,0.0012615173066171644
183451,0.013316157578019763
183452,0.0003392942356839231
183453,0.00016694374912066154
183454,0.00352655659064882
183455,0.001494733045978617
183456,0.0003630032375201126
183457,0.001166728926458534
183458,0.00015888066990164796
183459,0.00027769834702961175
183460,0.00037848675112156234
183461,0.000908807094275038
183462,0.009212175185551874
183463,0.015917734797946663
183464,0.9874480102460655
183465,0.6937998185389004
183466,0.8994754299822043
183467,0.0006065238498838342
183468,0.00022151660056219568
183469,0.0010075932523815265
183470,0.00042059263942799554
183471,0.0007240352884038739
183472,0.000576857869903506
183473,0.0017744552863410972
183474,0.00026803211617849827
183475,0.00031225243957542327
183476,0.00031532141616915293
183477,0.0008100612349094275
183478,0.001211328033107626
183479,0.0004604065761563818
183480,0.00038566636745157373
183481,0.0021341921324893503
183482,0.0010927759224790457
183483,0.0009244079198306068
183484,0.0008010563073570215
183485,0.0006911541338636738
183486,0.38892072065815475
183487,0.002390969895000409
183488,0.021444032771767502
183489,0.00036314608836947846
183490,0.0013628991128593689
183491,0.04100620761963637
183492,0.0005691636667696636
183493,0.0003820549381834035
183494,0.0009538035379868909
183495,0.009380605400519543
183496,0.033517877346817944
183497,0.9862812083091609
183498,0.02590647745314189
183499,0.965800350642272
183500,0.00033067071489329244
183501,0.00037956614350305283
183502,0.03058430731687325
183503,0.13295423016582528
183504,0.00045054346038997725
183505,0.00045315799493130974
183506,0.0002237148982857782
183507,0.0024025985513904946
183508,0.0053616009375663486
183509,0.0012592813035740167
183510,0.994797596502838
183511,0.001067884471403334
183512,0.0006532016365691413
183513,0.003948897125058054
183514,0.00040502489447078436
183515,0.016057223468249015
183516,0.0003612332606968211
183517,0.0015371810721863447
183518,0.0011406237714564882
183519,0.9873309123202513
183520,0.000279014316149924
183521,0.00019298476130795176
183522,0.0003033586688840369
183523,0.001424191524321267
183524,0.0029818698450173996
183525,0.003156643736709565
183526,0.0017308305861070683
183527,0.0015738028144748326
183528,0.1881033878132624
183529,0.0007113295930513985
183530,0.00022243984906112789
183531,0.0070061954006480414
183532,0.0003470144644550125
183533,0.39905189865066965
183534,0.0006047402824157042
183535,0.00022011602349206747
183536,0.991243542288414
183537,0.0018094509126678755
183538,0.0008112126005881138
183539,0.010637170473354302
183540,0.0006259183651920864
183541,0.9952269258380694
183542,0.0013667573060147816
183543,0.0002138774589152945
183544,0.00425349292111762
183545,0.03871107361978008
183546,0.008818785852171144
183547,0.00020023981387887326
183548,0.0006085984282553938
183549,0.0021088844720122068
183550,0.0003375861866942812
183551,0.0006845113587255259
183552,0.0016559164014445142
183553,0.7836756870144198
183554,0.0003177370049256561
183555,0.03699296374465509
183556,0.00018785977111649926
183557,0.0019047240108477684
183558,0.00033413700426127057
183559,0.0018255895747025393
183560,0.29449810720002717
183561,0.0031698192360421094
183562,0.00042646433587242936
183563,0.00019381581796330732
183564,0.0021270260560463453
183565,0.00039706349472916835
183566,0.0025189207677566495
183567,0.0005118157699619756
183568,0.0038639005722346377
183569,0.9808108635273165
183570,0.0011748611107605662
183571,0.0002926223999788303
183572,0.0020339325801289674
183573,0.8197677068418927
183574,0.0010872969435319194
183575,0.9910426555365681
183576,0.0007583190732630315
183577,0.00018566828919214747
183578,0.0035614471915572285
183579,0.0011373850683596655
183580,0.0015883266896099175
183581,0.0005201184433166311
183582,0.0034027409340177863
183583,0.00039957279281556873
183584,0.00044718103617189854
183585,0.797567313029697
183586,0.00018336544345368415
183587,0.0003193560191338431
183588,0.00028441958074211114
183589,0.0022400690573283278
183590,0.01812426164823948
183591,0.0002038230865015863
183592,0.0003613616892293176
183593,0.10581056708296797
183594,0.017265847358384906
183595,0.00041882125772281677
183596,0.002477483605020941
183597,0.0018292896265174963
183598,0.0010861051229539744
183599,0.013693960718695034
183600,0.0003742663505039591
183601,0.0003872472276022984
183602,0.0005771313547348227
183603,0.0003273063399810821
183604,0.00861798683308268
183605,0.00018327229415572205
183606,0.00035046107031956315
183607,0.002994112384363001
183608,0.00021999922221128203
183609,0.007953948164883774
183610,0.0029406637599387873
183611,0.011627964257381973
183612,0.0007236285534066183
183613,0.0010823565798132272
183614,0.0005445256381445388
183615,0.008339849900922623
183616,0.0006299676497490392
183617,0.00028477845690813824
183618,0.006393048484894719
183619,0.006064164491978268
183620,0.004638358133102046
183621,0.002328887183298155
183622,0.00022434266086199798
183623,0.0020397856097136963
183624,0.0010086186317451928
183625,0.0038863427590671265
183626,0.010199788723406171
183627,0.0004126976189879886
183628,0.0006564732408933653
183629,0.004426707574748687
183630,0.00018794801099681222
183631,0.0006157355349157723
183632,0.001912601029248714
183633,0.003130429738521975
183634,0.05002460267591336
183635,0.00019636241938214197
183636,0.003007657780904333
183637,0.16865873955849287
183638,0.9844279518422643
183639,0.00228539725765792
183640,0.00014992009559216616
183641,0.0007295770731218737
183642,0.0016124438029134415
183643,0.000236308302594361
183644,0.9882334779250213
183645,0.0005345701176772056
183646,0.00030155054400513183
183647,0.001976796591367183
183648,0.0012739863299525119
183649,0.0025631785430335822
183650,0.002060253874538164
183651,0.00042437606107974973
183652,0.002147686120094273
183653,0.00038423538756690177
183654,0.0024547235702927768
183655,0.0004775489285738688
183656,0.0004614942132143451
183657,0.0004579623925553948
183658,0.0008453044301247258
183659,0.00030802794216601144
183660,0.5627380993412389
183661,0.0014418869502274886
183662,0.0009752561620875942
183663,0.00017131035735369756
183664,0.00023237976655260587
183665,0.0007062012022321056
183666,0.00018990347480665054
183667,0.008738784396933418
183668,0.9886941430466714
183669,0.0007390527403422257
183670,0.00029212750911806736
183671,0.0015945758424700377
183672,0.0008938445335175293
183673,0.018605427371051853
183674,0.030586829543322563
183675,0.00024215104436588406
183676,0.0012549049070375055
183677,0.04406808298351593
183678,0.0003335127337907734
183679,0.0003932257218611956
183680,0.00023326077903955175
183681,0.0009850250194892887
183682,0.0004519371783337524
183683,0.0009380054621834662
183684,0.010377713529989256
183685,0.0027477386392806727
183686,0.0003404914052035807
183687,0.0002683304119832463
183688,0.0009263768040940834
183689,0.007894721009361562
183690,0.0003976734423055011
183691,0.024525690709380987
183692,0.00029192531532198685
183693,0.9953315432078624
183694,0.1256565475642768
183695,0.0015428574992935955
183696,0.9939097128923043
183697,0.0003495037486771998
183698,0.001047729464198819
183699,0.9875222150872602
183700,0.0016563511799632968
183701,0.0004842818686101448
183702,0.008492343977405281
183703,0.0004214409542464977
183704,0.001561805051833349
183705,0.007683771510664555
183706,0.08675874258430477
183707,0.0005913793803160747
183708,0.0005833851431701024
183709,0.9905390080340128
183710,0.18628663371206064
183711,0.17271979616120678
183712,0.003989530028264332
183713,0.0006881274272555132
183714,0.00039454885614451134
183715,0.00035109570749683445
183716,0.0017818209094293074
183717,0.964104119930988
183718,0.00020089526721075892
183719,0.00028296444421065694
183720,0.2364607738480155
183721,0.9944503884599126
183722,0.0010268584089942318
183723,0.005604781107381683
183724,0.00027448180378079423
183725,0.0007695323840956858
183726,0.005034737901398683
183727,0.0021006918518543397
183728,0.0002633948956672717
183729,0.000768719485387226
183730,0.00027434415255789203
183731,0.000426367855859314
183732,0.9900952168625701
183733,0.0007898415249168697
183734,0.005995069194466602
183735,0.0006637463203983838
183736,0.012146372724331528
183737,0.001454033526292484
183738,0.0022208802455305826
183739,0.002099687146636038
183740,0.00033580652017654476
183741,0.0010534084659274791
183742,0.0008438220019386909
183743,0.00015275508305172245
183744,0.22921466524357834
183745,0.039104113489750236
183746,0.016329042181362698
183747,0.9905551418553113
183748,0.2707206706241693
183749,0.0010474586132677547
183750,0.00026688409411005346
183751,0.0017247187393147742
183752,0.0003693073382924312
183753,0.0001706010507434564
183754,0.00881207698567976
183755,0.0003628809858304547
183756,0.00018748187656487733
183757,0.0012618327481259816
183758,0.0019797098887742192
183759,0.0004133608285578378
183760,0.9948016789982512
183761,0.0002834432770260359
183762,0.977502275842627
183763,0.0001707929530877874
183764,0.0001374021525458962
183765,0.00737174037534868
183766,0.9852650185044598
183767,0.0032461368151231063
183768,0.0004952796873729717
183769,0.0006782126348841445
183770,0.0002936284271968252
183771,0.006039141170107739
183772,0.005491271732356999
183773,0.00929341759816815
183774,0.0007298288522566893
183775,0.0010308924443380308
183776,0.0014268173124904271
183777,0.9910088616193805
183778,0.0007175749206119873
183779,0.0005248316474428856
183780,0.0013642760437889078
183781,0.001963582822839251
183782,0.0006559557382017348
183783,0.0043581462719384815
183784,0.000764340176623818
183785,0.035359596052642585
183786,0.0003527577999752037
183787,0.9864364516646127
183788,0.06192366051539217
183789,0.0001828191704733202
183790,0.0005321732109469034
183791,0.0004243981105563231
183792,0.0002238127213522243
183793,0.0013724632637469728
183794,0.00034592734777127933
183795,0.0003063316825765441
183796,0.0009440532376438638
183797,0.0013254787843309448
183798,0.0012514333112013543
183799,0.000211250926368267
183800,0.0007086546363731057
183801,0.00321110163102767
183802,0.004534737786771333
183803,0.0002916194967976791
183804,0.00047980056025013953
183805,0.00030548164583225174
183806,0.020311586480533547
183807,0.0038344446113703014
183808,0.0009561772537564162
183809,0.0006309569840689273
183810,0.001285142823113064
183811,0.0004125772525564757
183812,0.0019907783634525895
183813,0.0003505401826567809
183814,0.0031058583137980713
183815,0.000146141617169662
183816,0.9925654462907539
183817,0.008819340602256032
183818,0.0025429782132574265
183819,0.04178954033066392
183820,0.002238884705310755
183821,0.00040974013504772085
183822,0.0008016629182154534
183823,0.0013569188968778547
183824,0.002614001974298386
183825,0.00030826939419328783
183826,0.0016096610211766248
183827,0.00023042673665159584
183828,0.005381562707959727
183829,0.00842110526186195
183830,0.0003855562751495706
183831,0.0004642083689321268
183832,0.5020613751285925
183833,0.001734905618255261
183834,0.00020186845635648893
183835,0.2541771809496272
183836,0.00022873377104138607
183837,0.003779438977724899
183838,0.007951739595925184
183839,0.6532281776092149
183840,0.00047021477764183964
183841,0.0015973525560932908
183842,0.9844391438415632
183843,0.764342972673184
183844,0.0006429075654641924
183845,0.007243834441176966
183846,0.0008648113358987528
183847,0.0012437250992712705
183848,0.0014081606324039295
183849,0.00016742724130870264
183850,0.029388310362780452
183851,0.0001374150654412721
183852,0.0008282865520869247
183853,0.00034466983689912116
183854,0.006086427549772598
183855,0.005784216513673763
183856,0.9867863861525776
183857,0.0287235336167938
183858,0.9938219240002596
183859,0.0012734012740405157
183860,0.012210794550459442
183861,0.0006214377385484174
183862,0.0004848380642443904
183863,0.002652995601917903
183864,0.4843134235612311
183865,0.9932270732736208
183866,0.03903858199770671
183867,0.0011157639045701318
183868,0.00019736420555203888
183869,0.00020520359658739607
183870,0.0003541499138800921
183871,0.007610729947394947
183872,0.0004209184106512581
183873,0.00026444345480684095
183874,0.0019071370021675352
183875,0.001166073269368247
183876,0.003086919424777451
183877,0.0005155176142983412
183878,0.017513346458222136
183879,0.8820338680265
183880,0.0004290727027505237
183881,0.012263962843316411
183882,0.9956617593405999
183883,0.0008293369513926999
183884,0.0006785480160057561
183885,0.00030902999158780655
183886,0.8465502502821078
183887,0.00020931693754417147
183888,0.0003512713900367334
183889,0.0012273920597334865
183890,0.0005677851533909468
183891,0.0013881312252949462
183892,0.000835546839974332
183893,0.0007929738619699325
183894,0.00022657528697403779
183895,0.985147081067217
183896,0.0011317573952806558
183897,0.00034743060599701594
183898,0.00033415147569747054
183899,0.00042290470684700393
183900,0.00024260027004982057
183901,0.004846395298062279
183902,0.008429313830953819
183903,0.005141312508244332
183904,0.004387558655988014
183905,0.002667640219271487
183906,0.00031398049457092984
183907,0.003499825307182168
183908,0.0008695422379605425
183909,0.0016657233598172997
183910,0.0005944027595846393
183911,0.0001855399750241475
183912,0.007894632750146771
183913,0.0020531606507934817
183914,0.0002920291526849665
183915,0.0004065467198290962
183916,0.0011395435716794646
183917,0.0029778377388053625
183918,0.001953770801747852
183919,0.01027255365107776
183920,0.006868700944203777
183921,0.011143703757688712
183922,0.001970249191568799
183923,0.0010258333797404104
183924,0.0019370673586492225
183925,0.9911572864378997
183926,0.0011777367862557285
183927,0.00095443532100181
183928,0.9760883625395511
183929,0.00042077147099030536
183930,0.00015052086572007277
183931,0.0006694323035762224
183932,0.0016601517495292326
183933,0.24675969435245845
183934,0.0011765330490171708
183935,0.007224187918415072
183936,0.0047352384964653585
183937,0.0009083316450844743
183938,0.0005643884384356054
183939,0.0002806072259594839
183940,0.0004281947434088344
183941,0.0007190635244388602
183942,0.0445429223809302
183943,0.00019609386103042593
183944,0.0002754771886535754
183945,0.0007008412627884082
183946,0.0011241932756220017
183947,0.05224563678305455
183948,0.013112786470029463
183949,0.0012760612749814068
183950,0.0034785681861698673
183951,0.00031766898309139286
183952,0.0014040599915163489
183953,0.00018619434906888335
183954,0.0005542320411614078
183955,0.0038635899870798577
183956,0.0013057282202046825
183957,0.0007097385358734058
183958,0.0022976025532125332
183959,0.002137250933391531
183960,0.0005927690501949706
183961,0.0024921696748301772
183962,0.00037544125876984606
183963,0.0008252800524816779
183964,0.00011325232308842218
183965,8.4744852590768e-05
183966,0.9667263508828322
183967,0.000604838495052101
183968,0.0004128129834789067
183969,0.9901289958337411
183970,0.00119967095818112
183971,0.002305959397918353
183972,0.0005425545033046751
183973,0.0008189063908001337
183974,0.0009896180158681799
183975,0.8988545486454257
183976,0.00029578397070544206
183977,0.9648128702268717
183978,0.03832627667104333
183979,0.0011188330785866071
183980,0.002082662710691536
183981,0.6297795296466026
183982,0.00015855041061444046
183983,0.00026055752014271825
183984,0.0004223809946262098
183985,0.05205426058035339
183986,0.005365411966680962
183987,0.0006455614245469762
183988,0.00025100438458344537
183989,0.0002426275943524658
183990,0.019812828334297657
183991,0.0015032739865550422
183992,0.28767242063211257
183993,0.00027490446658397444
183994,0.035586182655800214
183995,0.0010870568011094597
183996,0.0029567734764214602
183997,0.0020472127666200665
183998,0.00038382448562087316
183999,0.002412559479925631
184000,0.00039350095832617614
184001,0.0006546995726608412
184002,0.993615998838456
184003,0.00016766893907137865
184004,0.007317914747149698
184005,0.0026741675719758775
184006,0.07118046107428669
184007,0.0006700945264267303
184008,0.0013338959125991925
184009,0.9861239151765295
184010,0.000750077885258609
184011,0.0006422516104452004
184012,0.806178153601839
184013,0.04034427842418317
184014,0.0005047072347246061
184015,0.39710580482821833
184016,0.006725575858119249
184017,0.0025816666827845284
184018,0.0002332418195291289
184019,0.0007915853038386192
184020,0.00017225226853088214
184021,0.004747900630015513
184022,0.10112583294213907
184023,0.0004112728771866728
184024,0.000713049356369554
184025,0.00019975782095418991
184026,0.00033885134395155695
184027,0.04253419920105755
184028,0.0003009280903117071
184029,0.007218236464769855
184030,0.0017928363577628793
184031,0.012098403405246096
184032,0.00096624013112613
184033,0.000229481015496262
184034,0.9829365306399037
184035,0.00046973203605044013
184036,0.00042498903597069736
184037,0.004511210769724541
184038,0.0034746063829456295
184039,0.0006065110245861624
184040,0.006816463068976108
184041,0.0004884651726290178
184042,0.004335056568601756
184043,0.00031715778137094574
184044,0.0012665492032860799
184045,0.000253404760291063
184046,0.0004805750454857439
184047,0.013882671229796313
184048,0.989274885883751
184049,0.0009255574656656999
184050,0.003572708499591496
184051,0.0002286937634305281
184052,0.028105554379045175
184053,0.0021196291644435855
184054,0.005865878428536639
184055,0.19371646909180576
184056,0.0003119769845995509
184057,0.001660346931404119
184058,0.003941857085926492
184059,0.005979949573989779
184060,0.00258013523581197
184061,0.1528685119251432
184062,0.00047238963012590765
184063,0.018969064162190463
184064,0.0010081608515087486
184065,0.0044842810284397286
184066,0.0006183742256573577
184067,0.002910837405436077
184068,0.4096603483615621
184069,0.001038670222393512
184070,0.009603628859410965
184071,0.0002161210142824299
184072,0.9824051256803926
184073,0.005899940315538678
184074,0.0002499476247458576
184075,0.0003534298752050226
184076,0.058703847124873344
184077,0.989305381463406
184078,0.002995291912274175
184079,0.0004125375940438841
184080,0.0004956995778371634
184081,0.0013019557758404989
184082,0.00021089651963459934
184083,0.0022535224785379935
184084,0.0013439594837034437
184085,0.002711799004350701
184086,0.9809445082355556
184087,0.0012181313048492516
184088,0.0007384872315983499
184089,0.004501088937826731
184090,0.0001649643654774293
184091,0.0009416738088239187
184092,0.00023428714642071948
184093,0.005429413996434155
184094,0.00403057705555983
184095,0.00039051493623212395
184096,0.03795471583096642
184097,0.0008060018842576919
184098,0.2915308687440086
184099,0.0014678569159791797
184100,0.0008018429097665881
184101,0.0072958261178044425
184102,0.9919131620601789
184103,0.008818661937481308
184104,0.0006198781407410124
184105,0.0024752586568659173
184106,0.00018844020355436673
184107,0.0005358028804733106
184108,0.00025422760758193945
184109,0.0018925527523551051
184110,0.00022794472376741031
184111,0.008053864166249695
184112,0.00046825227528146874
184113,0.00031039015956853516
184114,0.031677204169081874
184115,0.0004351456118367142
184116,0.00037569555458477394
184117,0.0007908013150751016
184118,0.006836830824874056
184119,0.00026515097903332915
184120,0.00023916361286315755
184121,0.0027086612950050974
184122,0.0008297968384167986
184123,0.003754181713816985
184124,0.0004046233450993443
184125,0.9119441320845385
184126,0.0003058984290052553
184127,0.00040461410130204463
184128,0.00019327797346843805
184129,0.0004590150448824277
184130,0.0007559426479334205
184131,0.00021682485028793857
184132,0.9842883944355217
184133,0.0007726871281216973
184134,0.0006030948783092905
184135,0.00018995473155679877
184136,0.0021017553222932635
184137,0.0020760542271053358
184138,0.002404636414347944
184139,0.0008001111828025054
184140,0.00025198916913007544
184141,0.0037257648825324468
184142,0.004383949442774114
184143,0.02008164485589239
184144,0.00035612685689791456
184145,0.004469668852825393
184146,0.043825954396052615
184147,0.9869815913306879
184148,0.0007673623239870216
184149,0.9921503722913133
184150,0.0038946438809962626
184151,0.0025065026839827696
184152,0.0008091419124334558
184153,0.00040597354192487104
184154,0.03961472567550858
184155,0.00046110333590901825
184156,0.0003476494491882363
184157,0.002517502383944215
184158,0.010040586893840412
184159,0.0017983978877546558
184160,0.03854579009666693
184161,0.0010930669035586075
184162,0.9941341340111901
184163,0.0006753467238456433
184164,0.9891877947468839
184165,0.0004151981743281717
184166,0.0034598092049020973
184167,0.015681406009075624
184168,0.0198114257590899
184169,0.011517760222177003
184170,0.0002968199413271473
184171,0.9971292746174593
184172,0.005507311853180713
184173,0.006276003889466103
184174,0.002182774537762265
184175,0.015459516995053995
184176,0.00024753994652596445
184177,0.0020517952784893283
184178,0.002618352595113782
184179,0.0003521048093763582
184180,0.00020376013189192193
184181,0.0005263059957412435
184182,0.005780794509598927
184183,0.0017833907908694935
184184,0.07424009153292443
184185,0.0003807276380164121
184186,0.0003611057981032004
184187,0.00036939216962407945
184188,0.00032286001856334347
184189,0.00017287224402162183
184190,0.00021861135977569585
184191,0.5915786806276159
184192,0.0018066017619707217
184193,0.9649569211147634
184194,0.9774815768938047
184195,0.00025607398712729256
184196,0.001836620899490997
184197,0.0005405024628067013
184198,0.0003748974535994015
184199,0.0003508661415227627
184200,0.005339929371347621
184201,0.3543868493135895
184202,0.029082701980052496
184203,0.0005295573169831417
184204,0.0003793383475111083
184205,0.00017000417128897
184206,0.0007238400128571886
184207,0.0030581792558600648
184208,0.000722743273886486
184209,0.0015650908690859604
184210,0.9898207683244221
184211,0.0007990028711982673
184212,0.0056533038986632785
184213,0.02740431527884005
184214,0.0010743160446912926
184215,0.0006090484884739735
184216,0.9895893778275574
184217,0.002694788620699422
184218,0.0008814153628677731
184219,0.9898658242548781
184220,0.0008536105098985322
184221,0.0004927523503194923
184222,0.0017674849083588926
184223,0.0038845178031381303
184224,0.00044084940869501576
184225,0.0027806360123815567
184226,0.0008851195189434469
184227,0.0005770365313963727
184228,0.0002163528783775565
184229,0.0014599981368645905
184230,0.013185678212043053
184231,0.0017867805532710923
184232,0.00021066839418674153
184233,0.000252686732437857
184234,0.0029404176903878644
184235,0.0002555510206454781
184236,0.00033655605241011754
184237,0.0038884758214196504
184238,0.0007242948469941362
184239,0.00025103265613217923
184240,0.03655748038755962
184241,0.01570105522840657
184242,0.0003994004756900932
184243,0.00032706405793709155
184244,0.011403565831379787
184245,0.9835777722791273
184246,0.0001849531653253012
184247,0.0002385335524660354
184248,0.0014824075784285972
184249,0.00027848020718098667
184250,0.0013329566132411566
184251,0.02168495672819699
184252,0.015262446645745683
184253,0.001352542451252257
184254,0.00015735519389240243
184255,0.0003162389114770748
184256,0.004370535666405092
184257,0.012407423154186227
184258,0.00033469903484570574
184259,0.000703919242951828
184260,0.0008952013788113721
184261,0.0016561694329264571
184262,0.0002985565046420126
184263,0.017571520552104106
184264,0.0029985285925125567
184265,0.06667439239176208
184266,0.001374595276543151
184267,0.0016393617504923941
184268,0.00450051425368218
184269,0.0006995849355565945
184270,0.00031201206351865834
184271,0.009554328024233788
184272,0.013165909520915732
184273,0.0010610504078877774
184274,0.00024404985989862158
184275,0.00027041499589802324
184276,0.00032713055415759304
184277,0.01819576466175864
184278,0.8920287234501871
184279,0.8962296705658607
184280,0.13312608566760295
184281,0.00027462694235530494
184282,0.0007429885026180249
184283,0.0005947567763320366
184284,0.00019862261933980548
184285,0.00014035381681697846
184286,0.0005074283147219236
184287,0.001250093490764362
184288,0.0006895629505008069
184289,0.00032644662365917263
184290,0.0003839737162348773
184291,0.0008101269245908388
184292,0.0023700843054654166
184293,0.00011953678641018304
184294,0.8657355259682945
184295,0.0004864529961209911
184296,0.06277360966360446
184297,0.0005563155895703884
184298,0.011839073071305653
184299,0.001790622291859723
184300,0.9945320767979208
184301,0.9910823053346761
184302,0.00017810057699630175
184303,0.000360318059033518
184304,0.9246346201289091
184305,0.0031155418608640037
184306,0.9863477373121134
184307,0.00033390155446589583
184308,0.0003299105647893384
184309,0.0002970684646510027
184310,0.004729198720874452
184311,0.009926951812570297
184312,0.978591178625432
184313,0.004446893878188051
184314,0.004073728200531507
184315,0.00024593322698134777
184316,0.00023976872698930663
184317,0.0006491286425474899
184318,0.0001362298170439481
184319,0.0010182235753624024
184320,0.0008349844262359805
184321,0.00046380322769612746
184322,0.0002519589019898348
184323,0.00023058472281112856
184324,0.09354795986704244
184325,0.0005926965978991365
184326,0.9874257845771259
184327,0.0007873573511497159
184328,0.0026728223239155095
184329,0.003979585717945888
184330,0.025332710625507175
184331,0.0012713023002834045
184332,0.007882586711177142
184333,0.992317155460011
184334,0.00036085210101462586
184335,0.017922584759377545
184336,0.051353650951024975
184337,0.0009327943483776181
184338,0.0038862970353514825
184339,0.9848293137662312
184340,0.00024789945237588983
184341,0.007124615101014218
184342,0.006857410947336477
184343,0.0004050621087434435
184344,0.0005399506059781289
184345,0.013818245669281285
184346,0.08398418789986166
184347,0.00020613794630582944
184348,0.002112398836241045
184349,0.009918967318150935
184350,0.5375473303007511
184351,0.9930758795929103
184352,0.00039248747794408655
184353,0.00028903735551829207
184354,0.0002386333602309011
184355,0.0003201993870225631
184356,0.014936363894336183
184357,0.00019402655082553072
184358,0.000862702879375651
184359,0.0007577701578517755
184360,0.0002383640993802823
184361,0.0007152218877711854
184362,0.01767086237442856
184363,0.0003389380394455747
184364,0.0002646416716423067
184365,0.0006969214993793194
184366,0.01884287635748271
184367,0.001812302828455632
184368,0.000295284270325638
184369,0.007043645772562512
184370,0.001883751919583323
184371,0.00030237949380943944
184372,0.0023051311794605326
184373,0.002544998312707427
184374,0.0009773006298909883
184375,0.0007436187477139737
184376,0.0002015394498805011
184377,0.7462994943289201
184378,0.010377300860198568
184379,0.11710426392940462
184380,0.00029638150097403056
184381,0.00038757851731512256
184382,0.00024491733943729775
184383,0.0034499068691278205
184384,0.0018165260884310443
184385,0.987965012173276
184386,0.0002931581052278713
184387,0.0020114931531043357
184388,0.0004854188769410086
184389,0.9906898760459629
184390,0.008015433209234462
184391,0.0006098007226033265
184392,0.9947070364633114
184393,0.005428208928407944
184394,0.9975704248827714
184395,0.10138799681681668
184396,0.0009270718110815009
184397,0.0003181599197858478
184398,0.015357117428542637
184399,0.0003312859764579954
184400,0.0003087607836686905
184401,0.00046044712289324734
184402,0.0007767810145231098
184403,0.9225153563201778
184404,0.004378794960470112
184405,0.0008011880541394093
184406,0.0018840522186994526
184407,0.0020317460364999364
184408,0.00485492668573852
184409,0.0021501921284805036
184410,0.0001977193957343393
184411,0.001054607166666136
184412,0.0003712878525095687
184413,0.0015106997941583859
184414,0.0018745343671099641
184415,0.9940203930626799
184416,0.009352056520829983
184417,0.00018040685558231233
184418,0.0003196196444198428
184419,0.00029726826423506184
184420,0.0005306007715247687
184421,0.00018728021249292672
184422,0.00026130596288630127
184423,0.00025616790703167504
184424,0.00031070392756826694
184425,0.9891440510691983
184426,0.4034572202404792
184427,0.0013447970822538773
184428,0.028608982750787097
184429,0.012284154508961186
184430,0.00024575382036979833
184431,0.0007583211972587822
184432,0.001642211489623797
184433,0.01187885918805759
184434,0.0013861514546555395
184435,0.00042618336603807475
184436,0.013724485961550898
184437,0.0010543820957943182
184438,0.0010315085082465809
184439,0.0006541021919706684
184440,0.02556767539634758
184441,0.0002668914364969255
184442,0.0004688894435800437
184443,0.000194068325351447
184444,0.0004635023675730941
184445,0.0005266432866194889
184446,0.0009000312066299017
184447,0.0002015437485013476
184448,0.9895107347892254
184449,0.0264006001173177
184450,0.9918049968931603
184451,0.002499708314635693
184452,0.00036400613276952345
184453,0.0030103610517069
184454,0.00036561181580579684
184455,0.004417293700429941
184456,0.0005121308143062438
184457,0.00039077699622891226
184458,0.00028724667582470697
184459,0.0022743305008306835
184460,0.0005398801083897091
184461,0.0003036899760764327
184462,0.0008452747398070601
184463,0.00151648814273673
184464,0.012397656554097221
184465,0.0007437492022046169
184466,0.016108898555747663
184467,0.0006666621242928439
184468,0.8368073249128296
184469,0.001534223168859638
184470,0.9913316648996842
184471,0.0003781276170596837
184472,0.00611368862816044
184473,0.001904243006389252
184474,0.9870869538998078
184475,0.0004542104192749509
184476,0.1160567598052501
184477,0.09230163115340835
184478,0.0015301849108265131
184479,0.00017295151868864216
184480,0.00021906656629501895
184481,0.0023218991734588203
184482,0.0008963223681743134
184483,0.8319673817143226
184484,0.00023509514646244758
184485,0.0006557559674122386
184486,0.9504731816716222
184487,0.9944673449018554
184488,0.0005980311877373349
184489,0.0010330770592878718
184490,0.0003663770449927033
184491,0.00026535531812175235
184492,0.0013623981534200468
184493,0.003929704803989902
184494,0.041127075028780956
184495,0.016134815960794562
184496,0.04193456971975559
184497,0.0014713460089301339
184498,0.0006813373855863804
184499,0.003049868816289388
184500,0.0005964357148697956
184501,0.0006400948960765005
184502,0.024601174566390025
184503,0.001351515508575678
184504,0.0036805443285135146
184505,0.007001763863065661
184506,0.0019825132048333837
184507,0.0006703320954018684
184508,0.0006660613775698074
184509,0.0008049692661130457
184510,0.00010723332432106689
184511,0.00026559094294951823
184512,0.0013248504998771026
184513,0.0004428949496463453
184514,0.00033577466149726305
184515,0.0001786454804227878
184516,0.000263713365766279
184517,0.058618274428076864
184518,0.01844732510694696
184519,0.00022423108669301353
184520,0.0001462248632563285
184521,0.0030680781387809703
184522,0.0013736374105204768
184523,0.00032756377870362085
184524,0.002405942506561482
184525,0.9931513432881847
184526,0.004102946220510089
184527,0.0006700225770479175
184528,0.8372556726325868
184529,0.0007110255865108463
184530,0.04319348817041775
184531,0.0005224356893224708
184532,0.0011294624894161488
184533,0.0007196382350687281
184534,0.003197618458287556
184535,0.0008252886820979906
184536,0.032666965841009254
184537,0.0008771132889521287
184538,0.0012873449463873814
184539,0.00037407723994662616
184540,0.0007023086904267922
184541,0.00013729465493793311
184542,0.0033556018049231673
184543,0.0009293363679444223
184544,0.0038960671159326958
184545,0.0031538296096884264
184546,0.000498237920333413
184547,0.0006264344459601651
184548,0.0027725052841281886
184549,0.00017755753665241804
184550,0.0038064673094950737
184551,0.0011668638457859202
184552,0.37186875602800307
184553,0.0006509437588654211
184554,0.00029451352244972464
184555,0.0003691410129904902
184556,0.001295834175236949
184557,0.000471787603822898
184558,0.0006871521489933394
184559,0.0014726042991267763
184560,0.9930352715641895
184561,0.00812168873272984
184562,0.0010950866751140067
184563,0.0005574622266273266
184564,0.01652681522582638
184565,0.0002955570290781607
184566,0.005185229753058215
184567,0.15470879585634115
184568,0.00020101386878392636
184569,0.00064959297833017
184570,0.035909457183788296
184571,0.006340909018261633
184572,0.0006454241697178472
184573,0.0803471905740565
184574,0.003006725547053689
184575,0.0006749205149736537
184576,0.0002565743418340436
184577,0.029701243251190976
184578,0.00022583557010806663
184579,0.0007023629595018906
184580,0.000523858444230709
184581,0.036476635522787154
184582,0.0003527047172668295
184583,0.000619396671466199
184584,0.0013886760472866235
184585,0.00023912847910349152
184586,0.6526870449639591
184587,0.0007624157900933353
184588,0.002083910221320034
184589,0.005199947473127454
184590,0.00022002625879830582
184591,0.00616428815697768
184592,0.008590552045866902
184593,0.0030024844096741875
184594,0.0003793106101532416
184595,0.02917681111592037
184596,0.0009711879035146743
184597,0.044361867578072096
184598,0.002109782704237515
184599,0.00038895748138745046
184600,0.00015685452119120838
184601,0.0003730310475018623
184602,0.023042323645610926
184603,0.002383318784998189
184604,0.0009969652304108096
184605,0.0003453068401538941
184606,0.0007516444780274322
184607,0.01790078062121174
184608,0.0003891251506589606
184609,0.012660895720112154
184610,0.0016059274585145669
184611,0.012308595296298425
184612,0.020126604125727705
184613,0.0154481461052227
184614,0.0011841981153914059
184615,0.18007723064316453
184616,0.00022581189501962
184617,0.0017881027981901925
184618,0.00038552341194958423
184619,0.00023244367335476313
184620,0.001240839177885069
184621,0.0011813057434110704
184622,0.006923978485767445
184623,0.00047513136931269333
184624,0.00028819629988786975
184625,0.0001560508181132415
184626,0.00029098314288936443
184627,0.3113180494937337
184628,0.0013705414896250047
184629,0.005558087391618203
184630,0.00025458783775261546
184631,0.0016325981440688457
184632,0.03808114803107956
184633,0.003525104396396967
184634,0.9888859068540873
184635,0.00038608640735704724
184636,0.001172204683270768
184637,0.001002604256468501
184638,0.00029138260421595014
184639,0.00036765565822210046
184640,0.01287924695567753
184641,0.9751073527058303
184642,0.0005167474775830863
184643,0.6195952845677845
184644,0.00037123780407321216
184645,0.003526031432162997
184646,0.0018015972914677558
184647,0.0005829632752599096
184648,0.00012935053717500522
184649,0.02377926210625517
184650,0.00025235298152237565
184651,0.0003745821362150991
184652,0.005879700488172461
184653,0.0013809371233197603
184654,0.0020295305448212024
184655,0.9122883926849132
184656,0.0017800386239531106
184657,0.0016462896876836479
184658,0.002389320514129121
184659,0.0009046552959170466
184660,0.006226306571818802
184661,0.9813448248851047
184662,0.00026005831992042
184663,0.0019154768999423556
184664,0.0014261345465929008
184665,0.007342607126896783
184666,0.0004418155824650325
184667,0.0012204077730415053
184668,0.0024822846571088512
184669,0.01297603028506014
184670,0.0006029210596374602
184671,0.16835131385173455
184672,0.00018729941186258796
184673,0.0004981577440337958
184674,0.0035387477503921985
184675,0.0004363806064616523
184676,0.0041905723852480765
184677,0.00042602130560222696
184678,0.0005233143637556395
184679,0.0004288172203980512
184680,0.0007403095956585484
184681,0.0004355997368540682
184682,0.0006852898586978875
184683,0.0003000252971203195
184684,0.9861524858426803
184685,0.009024095480380597
184686,0.002842973398327016
184687,0.8653661160435817
184688,0.0008669300673536174
184689,0.6271655474689156
184690,0.00039835845054048174
184691,0.0009844853252443284
184692,0.00015562765322512672
184693,0.9902175076144325
184694,0.0004394864032307757
184695,0.991857007639058
184696,0.9949946153242446
184697,0.04124765114813356
184698,0.006372228521263317
184699,0.011243935270426898
184700,0.0005826588366559096
184701,0.13216361142536134
184702,0.0003855585152787043
184703,0.0003221792555049776
184704,0.00412002399439567
184705,0.0008044922117612634
184706,0.010378066309615729
184707,0.0023475550553061133
184708,0.0013343513361075195
184709,0.0011146119223805417
184710,0.003155064272198395
184711,0.0005234070583014546
184712,0.00020534301550362952
184713,0.9901883094316178
184714,0.009538018130867373
184715,0.02887783898411001
184716,0.001833288652701782
184717,0.0002929452846787316
184718,0.9235618107209974
184719,0.017857513748575082
184720,0.00036288644098768656
184721,0.002175061220458576
184722,0.9740905894668183
184723,0.002167745486607064
184724,0.0009059445924257696
184725,0.0007926242077251609
184726,0.0015370446216843236
184727,0.0012621167591211604
184728,0.00101666646216118
184729,0.0002117587022275669
184730,0.01736579928719319
184731,0.509387663539718
184732,0.005252119227842582
184733,0.009942509619898182
184734,0.0003038192413116729
184735,0.003416056217871932
184736,0.0002644392178874017
184737,0.00018471826424752518
184738,0.991450764934609
184739,0.00030210258806594056
184740,0.0003539787363851135
184741,0.00030798112425621125
184742,0.00033976409893503453
184743,0.00089487110566768
184744,0.008917235410279474
184745,0.0021604082990842187
184746,0.001965478662383045
184747,0.0037070883021185805
184748,0.0006423185491220827
184749,0.007523983206573913
184750,0.000727191800512643
184751,0.9790460828338796
184752,0.1575962274136557
184753,0.0002551912978417336
184754,0.00046630845973106395
184755,0.049717091857215664
184756,0.006754379314279235
184757,0.00032288191695755146
184758,0.9032805615630919
184759,0.9738996231910636
184760,0.000356015759987238
184761,0.0016925728248090993
184762,0.9918266892847245
184763,0.002437475756752188
184764,0.008430420037620488
184765,0.015314862985967919
184766,0.0007696385911121875
184767,0.002441901874656321
184768,0.003438685619172197
184769,0.0011243468144865223
184770,0.001028239129579822
184771,0.00015723470596948447
184772,0.003330754877115916
184773,0.0005103138144897363
184774,0.0004589988640578711
184775,0.20408139678567735
184776,0.0003697180049539306
184777,0.0010652723570461356
184778,0.01263334492987672
184779,0.005149728185050612
184780,0.0014460970935797886
184781,0.0013843874044829367
184782,0.0007986848079695071
184783,0.001164201678717168
184784,0.002607692504629626
184785,0.00045303963445758854
184786,0.9887750980128761
184787,0.0005741686956460768
184788,0.00030071876206663246
184789,0.000297253785602117
184790,0.00019196861555822228
184791,0.0034548436439287775
184792,0.01954657749843225
184793,0.0005628765094775886
184794,0.0005543740284068639
184795,0.0006511904545389663
184796,0.0005652897982267722
184797,0.000308033634814344
184798,0.0007336320892033115
184799,0.0053821269658315225
184800,0.0012735889243131809
184801,0.06542927766436049
184802,0.0023389239401251883
184803,0.0002150463471196916
184804,0.0006957407490108329
184805,0.0185198855708145
184806,0.9903194764300389
184807,0.0006166527322580958
184808,0.0003568779043149593
184809,0.001970408893288757
184810,0.007319021313248497
184811,0.9743078578920158
184812,0.0016378120971801784
184813,0.0014774682070485888
184814,0.0006105050455304373
184815,0.00015747601189466996
184816,0.0018593239736180815
184817,0.000379663826870404
184818,0.005977013173417435
184819,0.907014322273359
184820,0.0003323355936666484
184821,0.00031935383739435755
184822,0.010720256336630998
184823,0.0009129715332528411
184824,0.0012961841830550105
184825,0.0005762690207998629
184826,0.0013513288105027265
184827,0.0006450597251903712
184828,0.992573587763687
184829,0.23949516139830332
184830,0.0017316829438097606
184831,0.0005745515884213365
184832,0.0008415762415403707
184833,0.00023466809456420743
184834,0.988449265123484
184835,0.0011608921725312941
184836,0.0012003568463457932
184837,0.0003303872914487332
184838,0.010340242495032263
184839,0.0009751762396879722
184840,0.0001645612682508965
184841,0.0024414293552277753
184842,0.006598257834431825
184843,0.0041081085729987935
184844,0.0007077178503798357
184845,0.994087202860944
184846,0.9863641153641798
184847,0.0007831955951457944
184848,0.01286032046399323
184849,0.00034002772196234355
184850,0.9830171611010908
184851,0.0002690198964866738
184852,0.002204238313924264
184853,0.0005893066219933335
184854,0.0007355263205490559
184855,0.0017205294961060043
184856,0.0007298405186529771
184857,0.001924901107229719
184858,0.0015053904052785008
184859,0.003595780944657611
184860,0.002870298502080159
184861,0.00033491630805450475
184862,0.0003677315628001904
184863,0.9952505254421591
184864,0.0016328271073345975
184865,0.0010208501154603197
184866,0.001973375504980725
184867,0.006315819986469678
184868,0.0009297487676875564
184869,0.010665131563597037
184870,0.0005424122654250883
184871,0.0012985689402185017
184872,0.0015976242878779584
184873,0.0005530659589599009
184874,0.000659351195306307
184875,0.0002088346805813337
184876,0.0009070911656710451
184877,0.0007107869426493175
184878,0.012317567493879081
184879,0.0006652312484262729
184880,0.0002444608258842634
184881,0.0029729587991760413
184882,0.0150960319393861
184883,0.003988422151174152
184884,0.00081526541110885
184885,0.0009768173786801893
184886,0.002990798031919373
184887,0.0007095092711488645
184888,0.00015541234501816268
184889,0.00019528798507962027
184890,0.006801827427088514
184891,0.00016784373310936324
184892,0.0017801375212141697
184893,0.0006088836962514503
184894,0.0008881479976235734
184895,0.0007001012177413877
184896,0.0002255015913861561
184897,0.9900633373656877
184898,0.0041921905609109255
184899,0.0012343663884935305
184900,0.00019122539837510108
184901,0.00027857260028816996
184902,0.0018180232475593456
184903,0.0050871110010335275
184904,0.09267377683278338
184905,0.01381791864638732
184906,0.9884077549323365
184907,0.02205185330575036
184908,0.00017603865317440497
184909,0.9943435752112142
184910,0.006308428177832872
184911,0.0002497944886459816
184912,0.005910965474393474
184913,0.0004706196079718701
184914,0.00040957912657063676
184915,0.9883147273574249
184916,0.0005398789866127893
184917,0.0014750037384346493
184918,0.0008790572130880288
184919,0.013141969770878668
184920,9.901418631362011e-05
184921,0.0029022600381238372
184922,0.007252697120658073
184923,0.014840775785218743
184924,0.00029678293719661235
184925,0.0007918481138158678
184926,0.0005628767046226888
184927,0.0004845623895696132
184928,0.0009401081028270852
184929,0.0008728382166866978
184930,0.00021588838501163698
184931,0.004904890290732295
184932,0.9893402000843917
184933,0.0012347400660440162
184934,0.0037355202739919407
184935,0.608665761866879
184936,0.002045060315394021
184937,0.002510957549704819
184938,0.0013980820722206372
184939,0.0006532103956526801
184940,0.0022038821074709574
184941,0.06940412290994288
184942,0.0008987176355274108
184943,0.0005972020225850899
184944,0.0004117654682910446
184945,0.0015475020758055297
184946,0.003311822859120712
184947,0.004381804655792763
184948,0.002669175799843526
184949,0.06505817677018479
184950,0.0009598107197681048
184951,0.0001708976329635672
184952,0.00028447419672519473
184953,0.00020408591943830211
184954,0.0014547295475867779
184955,0.0014078156578225419
184956,0.00965957414736451
184957,0.0006786083618866861
184958,0.990856437606861
184959,0.0005663161912706547
184960,0.00022391547266843498
184961,0.0005466156382824756
184962,0.002473342343847112
184963,0.0001939163891074406
184964,0.00036751563906233734
184965,0.0036002897042469585
184966,0.002097941736901578
184967,0.0009367337457638936
184968,0.0012503513322465944
184969,0.0002981402966907696
184970,0.004120137244991115
184971,0.0004205411327515324
184972,0.0006358295289843191
184973,0.046945447838675006
184974,0.005492013237319541
184975,0.00022808296920313707
184976,0.00025489472204663264
184977,0.018085657377605018
184978,0.0003656486996332966
184979,0.004382325101133374
184980,0.004204048921091619
184981,0.0015450820037069695
184982,0.1065460560865788
184983,0.028974784955887338
184984,0.0006561838178493843
184985,0.0019151084356504244
184986,0.0005512117458945607
184987,0.015648009112263606
184988,0.0010123826718710005
184989,0.0014520532495665742
184990,0.002043290632480196
184991,0.9814661259137277
184992,0.0013012191610940387
184993,0.000897654604798236
184994,0.000378843341674314
184995,0.0009279082248394374
184996,0.9828362714129412
184997,0.0006214452556574045
184998,0.00018691363762320088
184999,0.0024047546415712066
185000,0.0007103084482159653
185001,0.003673616650024805
185002,0.002676405614127995
185003,0.007913210241519822
185004,0.0031559351868721925
185005,0.00026981558697254323
185006,0.0005358293163161803
185007,0.03794126010984129
185008,0.00039813578387387297
185009,0.0005601682669532423
185010,0.0002149089352792574
185011,0.0005767533538786004
185012,0.9925054260916467
185013,0.0031249123472711126
185014,0.9831808054698915
185015,0.0005951025224210522
185016,0.0006032205568907488
185017,0.9824364011583424
185018,0.0011306329008816025
185019,0.006084989276222367
185020,0.002458241548578751
185021,0.9799496423219118
185022,0.0012086914351662399
185023,0.0006373287048267412
185024,0.0014325517018772883
185025,0.00047539595710783134
185026,0.000942499652033121
185027,0.0020863330091934256
185028,0.00026857469006114765
185029,0.007831580376976288
185030,0.3933984018115474
185031,0.002871111689042636
185032,0.9912186447436176
185033,0.0002968175121578491
185034,0.08359164985588288
185035,0.00048380755833705383
185036,0.0029925735156164494
185037,0.9228110126144387
185038,0.04919327023937092
185039,0.00033872886858533907
185040,0.9707198341747406
185041,0.0018758305708147646
185042,0.00021774221782724682
185043,0.0004450935347275914
185044,0.03614653927012963
185045,0.0009299501606573108
185046,0.1042447007896361
185047,0.0002776058607583282
185048,0.0008311422313019346
185049,0.00016374880005351876
185050,0.0002717865601193111
185051,0.19975866502308565
185052,0.00017668846350803
185053,0.00017735288905274847
185054,0.00043123539498065883
185055,0.00030564890904343915
185056,0.00261663104339209
185057,0.0010882879883570954
185058,0.0009126683124322285
185059,0.0002537622016841945
185060,0.00030293795252523146
185061,0.01877302891499618
185062,0.00023451569779206445
185063,0.0002638103553133454
185064,0.0006633550941443294
185065,0.00040514989179711147
185066,0.0015827316961362383
185067,0.989006889696068
185068,0.022944504072688734
185069,0.007015819753797182
185070,0.00232163240890916
185071,0.0001671621294962639
185072,0.08243513236171657
185073,0.001024857019836016
185074,0.007123254811754429
185075,0.002818276057045521
185076,0.0007109043325900238
185077,0.0009120503707941329
185078,0.0003641586345543887
185079,0.002882563903100399
185080,0.0004007756762868978
185081,0.0005084615671627909
185082,0.9962103528332298
185083,0.0031386186286569227
185084,0.0009066741004286831
185085,0.0004634041779883681
185086,0.0206701620528075
185087,0.0010432987465768555
185088,0.0001418653738032931
185089,0.047659601828031896
185090,0.002532198256953306
185091,0.0002508961774158235
185092,0.0068455103318447435
185093,0.0015561857640847179
185094,0.0011364653050231312
185095,0.0015350401650140704
185096,0.0001544595731541375
185097,0.0003382312584675102
185098,0.9966205666711075
185099,0.0015559253925865224
185100,0.00045812566384113574
185101,0.21359470959055152
185102,0.0007002685277046538
185103,0.0003056053429841638
185104,0.0006061813212092159
185105,0.9688839401198881
185106,0.09727387273209827
185107,0.008004379748051762
185108,0.004134478732450479
185109,0.00055841729045352
185110,0.00021786275572506665
185111,0.0006675103832901122
185112,0.18992662067149196
185113,0.003913843951951821
185114,0.00187135289882497
185115,0.0007989876837398667
185116,0.0002349524298004745
185117,0.00043269845343483164
185118,0.000258638635355629
185119,0.00018409261140897663
185120,0.02574082781705064
185121,0.0005345015204535944
185122,0.0003149785975221025
185123,0.0014885684290326326
185124,0.009554192780084243
185125,0.0009365907478959672
185126,0.0004492572937221986
185127,0.0007619371812854279
185128,0.00310387594206032
185129,0.0042682681792587124
185130,0.0005606638206228097
185131,0.00020309768078575252
185132,0.0009083581268713928
185133,0.00109682740572172
185134,0.9876355318834209
185135,0.00033422460408907763
185136,0.004297553659206058
185137,0.003274561378356068
185138,0.00037421896206267285
185139,0.9925962209093065
185140,0.9828018388003112
185141,0.0042278840934726
185142,0.0005142198638972706
185143,0.00023054745515336243
185144,0.0010376966684851959
185145,0.0003448188432442364
185146,0.0002965125987175547
185147,0.00034105413392276847
185148,0.001408924294400003
185149,0.0009247713369269452
185150,0.0006700242663039795
185151,0.002476859868091362
185152,0.0010232645174636456
185153,0.0004851207032584433
185154,0.0004256854867372208
185155,0.0013076693590259967
185156,0.0002568261211478485
185157,0.00030439490120790137
185158,0.022922081228266725
185159,0.0040041835908041735
185160,0.00030039342225912977
185161,0.0009048765382885735
185162,0.0027957632293183067
185163,0.00032318891599795383
185164,0.0002858724604524656
185165,0.19173973170706934
185166,0.0009217461616993059
185167,0.0010477721163259085
185168,0.00017471865889143247
185169,0.0010551771692030652
185170,0.002254955501208297
185171,0.006914943717969912
185172,0.9888500398111825
185173,0.0007731915776573859
185174,0.0002754018796785889
185175,0.001233897938017172
185176,0.0011532710632661282
185177,0.002792905531215611
185178,0.00013587346311647212
185179,0.0003908893657591262
185180,0.00058975742767602
185181,0.05359935431909829
185182,0.0002636714169888037
185183,0.0051386883165988545
185184,0.9927749641731584
185185,0.004489863974509398
185186,0.01448928638445666
185187,0.0008693680990923823
185188,0.00022617726539929432
185189,0.00037173819433940355
185190,0.0011290814393253093
185191,0.001389032194961011
185192,0.0014065316023152952
185193,0.00037584188029385086
185194,0.0008860522504614725
185195,0.001332354813516727
185196,0.0005240072811751526
185197,0.0056437096081444075
185198,0.00025778018397346254
185199,0.0005474859044634895
185200,0.0001584987234293493
185201,0.0006168930685080526
185202,0.00020231468803716063
185203,0.0003325243679858027
185204,0.00014805754888763125
185205,0.0005112398835125229
185206,0.0010223163705152098
185207,0.019111572510259113
185208,0.00033225912660039407
185209,0.9578731420682586
185210,0.019197787868186676
185211,0.0011086126106700828
185212,0.9932881479796682
185213,0.00022281873232110036
185214,0.00019066841952118373
185215,0.00016208722893817508
185216,0.0009587000036802274
185217,0.0001665079593143687
185218,0.00019942383797300618
185219,0.005409700842375586
185220,0.005606268531326356
185221,0.0006054813864667333
185222,0.005248783532819041
185223,0.0015980265372723612
185224,0.00042186410936805507
185225,0.0005946303906996941
185226,0.0002716431932777092
185227,0.10848773023443058
185228,0.0013513411601023713
185229,0.2754773007329283
185230,0.009341508253694349
185231,0.0002915346850497398
185232,0.0011643304329596589
185233,0.001755870295330957
185234,0.9020277799719759
185235,0.003836010957038618
185236,0.0012974949788477548
185237,0.012800389190447405
185238,0.001785646346888779
185239,0.0005470856087300435
185240,0.0007260082150702855
185241,0.0010396156173782165
185242,0.0003461611671245716
185243,0.00026583240930705355
185244,0.0009326323104309948
185245,0.0009332851604148761
185246,0.0008026656427297412
185247,0.013105468643526772
185248,0.0015212945069242576
185249,0.0030568010029768415
185250,0.0017908115980469447
185251,0.00041300493632045104
185252,0.015387588174183632
185253,0.0005102433599522915
185254,0.9847510773965251
185255,0.0017158236908118454
185256,0.000502425609572467
185257,0.0003316387609956748
185258,0.0020771515990004636
185259,0.0005312496807575431
185260,0.00043073879861215477
185261,0.0014781770733570399
185262,0.014402106987465583
185263,0.0009753881670397721
185264,0.004170574870503001
185265,0.0008591825183866725
185266,0.006107691458456983
185267,0.0010885248518514563
185268,0.0004410155184759315
185269,0.400533511380313
185270,0.0093340215245062
185271,0.00020275934610749255
185272,0.9880443538200769
185273,0.0002527010370681225
185274,0.003425111034031098
185275,0.02123873712841291
185276,0.7121796579139678
185277,0.0020253762822504888
185278,0.0010819732097855593
185279,0.00021770364383411233
185280,0.902710511071326
185281,0.02726518737994823
185282,0.014404123438896313
185283,0.9896919593476072
185284,0.00034339949923554715
185285,0.002114138113007083
185286,0.0002170562077786665
185287,0.00880315080793065
185288,0.00040148674654546406
185289,0.9664508065250463
185290,0.8749070896628528
185291,0.0013962572221721114
185292,0.00043991142434325213
185293,0.036941053500915255
185294,0.023236120002028834
185295,0.004126823904487492
185296,0.0005783567243130666
185297,0.0305205857028134
185298,0.004301259228051322
185299,0.0012264308418132757
185300,0.0007784002205110525
185301,0.00031007763249721033
185302,0.00036322195318003625
185303,0.002358548912826396
185304,0.0034330344020919337
185305,0.0010068979640138363
185306,0.0004938633661776922
185307,0.0015067503486115442
185308,0.0006623382229534436
185309,0.0004277787112016588
185310,0.201000472657721
185311,0.9935301754751106
185312,0.0002524819697300167
185313,0.0005164368058139011
185314,0.9898210534422989
185315,0.01363661611649934
185316,0.0007340910244873265
185317,0.000727113536209873
185318,0.0010297674583120493
185319,0.00044734412952576595
185320,0.0016593419082069616
185321,0.14357038937050892
185322,0.00044797425730174894
185323,0.00030538834001277295
185324,0.024412169072823963
185325,0.0006742649640533311
185326,0.2665118028008573
185327,0.0013478184773254684
185328,0.229030525683014
185329,0.00030844435506809196
185330,0.00023458969501547285
185331,0.9821148449680487
185332,0.00039334702444224857
185333,0.009076418782274168
185334,0.00488202234542362
185335,0.8425986299502132
185336,0.0361003335225314
185337,0.00668494268034642
185338,0.004968244367184879
185339,0.0003538425299318349
185340,0.0004953642870213762
185341,0.00024772338100588113
185342,0.9871235085526561
185343,0.00509720473857609
185344,0.0005887272370629618
185345,0.7146510081327787
185346,0.9890456968390059
185347,0.00023163959086422176
185348,0.005735849230270642
185349,0.0001487439742804871
185350,0.018742039559504216
185351,0.0010654046501746251
185352,0.0010959588852899125
185353,0.00021757566271581524
185354,0.017084176684323736
185355,0.012501856203858864
185356,0.0010762881833288789
185357,0.00037108608992783007
185358,0.0009211076390905699
185359,0.007876526624672779
185360,0.0006148197805322347
185361,0.0010888695797812422
185362,0.010505243399521889
185363,0.05647072428741801
185364,0.0018397536421878168
185365,0.00023534095785305255
185366,0.21798493204567906
185367,0.00024280617813864138
185368,0.00977227123032297
185369,0.00644087812109336
185370,0.0004885045093617977
185371,0.0012319257843983438
185372,0.021089787497211913
185373,0.00040027135846578825
185374,0.00017292506367287005
185375,0.00018841245223007088
185376,0.011420422669744662
185377,0.00039682755407959274
185378,0.008556235856552307
185379,0.0008336654677802067
185380,0.0022399047825071147
185381,0.00033592100744843573
185382,0.024521567186050888
185383,0.0008895941020045138
185384,0.0015575052593286365
185385,0.0018682926227425508
185386,0.0018477758788896048
185387,0.9869530765181967
185388,0.0008158748974223856
185389,0.07232591637029927
185390,0.00012718631386313166
185391,0.018218089953253185
185392,0.0010479932965958897
185393,0.0030817129713625662
185394,0.0003135572481390702
185395,0.0024802756366999966
185396,0.0004907404333938164
185397,0.04791359902299575
185398,0.0005897073750092614
185399,0.0011361733940143295
185400,0.0003543467867994312
185401,0.0003459509200409551
185402,0.00021531751115115287
185403,0.0010326522439993641
185404,0.03669073010786848
185405,0.0014620266900626881
185406,0.014591761392125082
185407,0.0028491511935564108
185408,0.0005594369004897799
185409,0.00022150423122034097
185410,0.003258384248102918
185411,0.0004641759731740665
185412,0.0028395079809797287
185413,0.004066433713777161
185414,0.00022652397115334962
185415,0.0014663797633852563
185416,0.0002031649073533246
185417,0.0003593775798335103
185418,0.0007635904527290307
185419,0.0011487296975978567
185420,0.0006521280541134072
185421,0.0761133743296535
185422,0.009438710753308585
185423,0.0032551554006223
185424,0.0009321383561337134
185425,0.0002075545450061544
185426,0.00017287503484738272
185427,0.0002441867357541036
185428,0.7892766378434549
185429,0.014591195833731857
185430,0.00022391681913930419
185431,0.09648647956391802
185432,0.001670541708448407
185433,0.0026461016101970913
185434,0.0009174813722309442
185435,0.0006136634285872155
185436,0.010251247468848635
185437,0.0019661118728015784
185438,0.00059876006079595
185439,0.05040795944915513
185440,0.0008694325951467537
185441,0.0009607649046787257
185442,0.003675066284169626
185443,0.0016783197206917848
185444,0.0010832794397672813
185445,0.981868833519004
185446,0.0023579628392460107
185447,0.00787255814866392
185448,0.000884674145202115
185449,0.0023372588989111066
185450,0.0007979507602086227
185451,0.00043722599685680355
185452,0.9881291248002131
185453,0.009214078201294239
185454,0.003418876683652856
185455,0.0038689980845122937
185456,0.9895040488408451
185457,0.05616861599222394
185458,0.0035821005045575632
185459,0.055936063875577965
185460,0.0004987472959922122
185461,0.0005478418032500137
185462,0.000654387360873435
185463,0.06676004914639788
185464,0.0017825847613603793
185465,0.3889467832379394
185466,0.0006407730757504678
185467,0.9914100249338085
185468,0.0003649651754126937
185469,0.06034361220516622
185470,0.0013390716476070854
185471,0.0007755837874059586
185472,0.0002035960126640736
185473,0.6633296872449422
185474,0.0003349067771399747
185475,0.00442539304608072
185476,0.7535393740067886
185477,0.0022366957641832227
185478,0.0006097743161598386
185479,0.9876203623633206
185480,0.0008421796651608716
185481,0.0003757066903569013
185482,0.0010734027244301784
185483,0.00032236295480480583
185484,0.011860442494955763
185485,0.0008974417454107218
185486,0.019682941522349024
185487,0.0008855853268900974
185488,0.0004919439599960379
185489,0.0012839585654671848
185490,0.9914462177417006
185491,0.9529292844470569
185492,0.0007063857050088145
185493,0.0002960024400491256
185494,0.0034557731440822345
185495,0.000595782549401229
185496,0.01576021132973474
185497,0.008145377521230443
185498,0.9832502064641075
185499,0.4749347899232329
185500,0.00037576775478877434
185501,0.00017620160304301346
185502,0.0009000924668531335
185503,0.005405966998023237
185504,0.0017531542480739599
185505,0.015468191823572517
185506,0.9888846345044662
185507,0.00020267255618847192
185508,0.0003974363230083703
185509,0.00013070593027791034
185510,0.0004110913777788646
185511,0.621397661964054
185512,0.0015000350742211562
185513,0.0005336882439946648
185514,0.013571685056601479
185515,0.021756220867615274
185516,0.0001995681709293467
185517,0.986591444834095
185518,0.0002542439256548731
185519,0.0035912547169883384
185520,0.0016044828878716494
185521,0.009529416634569752
185522,0.0009167973129743194
185523,0.0008696206772468928
185524,0.0002830199334290366
185525,0.0007348902266652043
185526,0.006447211981878876
185527,0.000210983437934721
185528,0.00016590519735017168
185529,0.00029644434408384777
185530,0.0005225060017613954
185531,0.00026809850271259256
185532,0.00014169168111970707
185533,0.01995212851373952
185534,0.013783276699139393
185535,0.0002451090079135271
185536,0.0010015318260222865
185537,0.0011977240627459936
185538,0.0006369048422359403
185539,0.0007842595004918859
185540,0.03245094608439631
185541,0.0011217443509485524
185542,0.019173754562236946
185543,0.005150263844929401
185544,0.0003152898531296734
185545,0.025811918896287877
185546,0.001010066348636872
185547,0.0002671723949899522
185548,0.9973339057894753
185549,0.0005499961674498763
185550,0.00037534924126592133
185551,0.014773170080347358
185552,0.0005871421289406824
185553,0.00019979058893693195
185554,0.0003039620374968511
185555,0.017944381372934134
185556,0.000759895773563454
185557,0.002062387749056164
185558,0.020330370972908827
185559,0.030282871607691494
185560,0.0004573266291598516
185561,0.0009442569776217273
185562,0.0012555909151318835
185563,0.0003390567211916802
185564,0.005901263654879507
185565,0.0006851773874579577
185566,0.02438362097301584
185567,0.00039733625340150456
185568,0.00038871580417299754
185569,0.0001105355399560831
185570,0.0003886115049218993
185571,0.001701411486288649
185572,0.0005684854114532397
185573,0.9847673156276409
185574,0.016048439448588515
185575,0.03395152000202727
185576,0.016239315623897358
185577,0.00030963925253098084
185578,0.012230136694619217
185579,0.002149775578159422
185580,0.15876878351817336
185581,0.0005721519976729923
185582,0.0031093340122537354
185583,0.0005916742680702985
185584,0.023640280850116477
185585,0.001723983370252614
185586,0.009989849779098779
185587,0.0005438908168536586
185588,0.00047912643563619435
185589,0.000211223145071397
185590,0.0004937952519769065
185591,0.010100199985582078
185592,0.0001830105370490756
185593,0.000667979048486821
185594,0.026335589393221556
185595,0.00023283709694806685
185596,0.00032134223720514584
185597,0.9937238026446084
185598,0.9809650906757679
185599,0.009934296794451717
185600,0.0002796998660197305
185601,0.027931617711300816
185602,0.0004522618507978634
185603,0.9903815576613426
185604,0.0008780865724108814
185605,0.0009539894503978456
185606,0.0008597762605659957
185607,0.00018829771615712989
185608,0.0031683649814950444
185609,0.41809684430461097
185610,0.00024114405183565604
185611,0.00021971302544716658
185612,0.007633951386213351
185613,0.990726568623643
185614,0.00030072401144152523
185615,0.00029794471233278463
185616,0.009132641337588045
185617,0.00048610974060398426
185618,0.002051119797035844
185619,0.008629853279973948
185620,0.0009282046789843294
185621,0.0007664054059533691
185622,0.00090385454168531
185623,0.0007326596775505284
185624,0.00038074211980589095
185625,0.00019673293883219683
185626,0.003558499422315567
185627,0.008375005987615591
185628,0.0009696974144512369
185629,0.0003835525530604811
185630,0.00021993494756792863
185631,0.0002557738282929797
185632,0.02236185766242007
185633,0.0014916097050038748
185634,0.0002582086772335297
185635,0.001743696952904817
185636,0.9940507097287189
185637,0.2776016087291367
185638,0.030710304384588192
185639,0.0021136989118595356
185640,0.00041998208092427613
185641,0.0818904230946552
185642,0.10915069380498364
185643,0.0014675031347931224
185644,0.2794569182028585
185645,0.0010232631897909004
185646,0.0024997669086426586
185647,0.00029314353477659166
185648,0.0008111025226212215
185649,0.002070306459033424
185650,0.0009468570418525575
185651,0.994793090063154
185652,0.0006286011394999503
185653,0.0007184291793493517
185654,0.08035321548312566
185655,0.00036367109149274923
185656,0.004194411490422475
185657,0.0016310622284561951
185658,0.0004971051256951366
185659,0.00015695995417233484
185660,0.002147447546147515
185661,0.9941865765347329
185662,0.019887391638662263
185663,0.0005382162886310896
185664,0.0012115563391774315
185665,0.0017144706013602175
185666,0.0038043581437283347
185667,0.9911846298358181
185668,0.9847656906811576
185669,0.0002985045284942763
185670,0.0003264140498155929
185671,0.0009458910135967506
185672,0.0002671146629139119
185673,0.000404204611853145
185674,0.0005815709892008346
185675,0.00766641003887757
185676,0.0016937713507219096
185677,0.00022506369413690942
185678,0.0008580538443964007
185679,0.00050710701372393
185680,0.0032839989167222318
185681,0.0015898981701547314
185682,0.9928499573417656
185683,0.0016755039130473641
185684,0.0005586622752595994
185685,0.0017134722060320922
185686,0.0012046673408364229
185687,0.015247273020922374
185688,0.002151556334123728
185689,0.00014867549604355632
185690,0.00035246751556283106
185691,0.0008971696509304959
185692,0.0002652919510458802
185693,0.0008235342189442871
185694,0.00028977879601663306
185695,0.0636076276221778
185696,0.0015611002557988111
185697,8.988373701739992e-05
185698,0.00048406414130798016
185699,0.0015141787770154584
185700,0.003949726716034888
185701,0.15374803629206438
185702,0.0005888479942167365
185703,0.0009847064525814477
185704,0.9922352902098116
185705,0.0006546471494527644
185706,0.007693706696991052
185707,0.01067581027796311
185708,9.985672505666629e-05
185709,0.0010821683125585159
185710,0.001344184539382258
185711,0.006852568286585689
185712,0.00022448672486051398
185713,0.011280471503697776
185714,0.0016827897540994143
185715,0.014626677730405437
185716,0.009132051202761898
185717,0.00023289897273000705
185718,0.003310270219165123
185719,0.011721880366984934
185720,0.042537631670856786
185721,0.000331234713700282
185722,0.0005440741383850348
185723,0.0011720269367496935
185724,0.16094259482836742
185725,0.0018786364349622883
185726,0.0060381605966205905
185727,0.00011942038634120988
185728,0.059778210444839074
185729,0.0006946211176558418
185730,0.0012158913348969081
185731,0.0037206050258179997
185732,0.0007479560395104507
185733,0.0006394005528363423
185734,0.0016423682526625738
185735,0.0021609846334620006
185736,0.004062278980450011
185737,0.00015970638971347988
185738,0.0029395881246405235
185739,0.0007886377410626305
185740,0.18621963814826273
185741,0.9846456392133496
185742,0.00021751481871344194
185743,0.0006219749986455536
185744,0.014426213827341244
185745,0.0013214528210388709
185746,0.001171219299943327
185747,0.0014349301178524238
185748,0.00043644351238613483
185749,0.0011491623565062967
185750,0.033386494556254115
185751,0.004740439628759349
185752,0.030305312787793963
185753,0.9845644157298342
185754,0.01679688780707331
185755,0.0281309065959223
185756,0.031832077599515875
185757,0.0004640959283610843
185758,0.0004716385216635918
185759,0.0006702886437741684
185760,0.00035318787910378454
185761,0.001454268306106321
185762,0.0004987431307748734
185763,0.0005017853236264633
185764,0.9234209797305533
185765,0.008131036234602235
185766,0.00013721569535659898
185767,0.002756458042257886
185768,0.00026899901719542365
185769,0.00020306466701374345
185770,0.0022763535458803262
185771,0.00037744513969639536
185772,0.9757331963686026
185773,0.000286416918639578
185774,0.0011368360300340046
185775,0.0006889017183877009
185776,0.00038101740231286053
185777,0.4417333858739801
185778,0.0004953792514297158
185779,0.047949800793502584
185780,0.003595879656197484
185781,0.0009396399656723596
185782,0.005976138332038105
185783,0.000351487374370393
185784,0.0009664155425788381
185785,0.02211925074129933
185786,0.013717073048388446
185787,0.003143324288118981
185788,0.7748066984710427
185789,0.000986897379448072
185790,0.0014478430279635183
185791,0.0018193011612303105
185792,0.0005320606900395198
185793,0.005034149742326438
185794,0.0010956973986339417
185795,0.0003467804053423484
185796,0.0036869532540778844
185797,0.0002706218104155627
185798,0.00013462074677114957
185799,0.041440847461894345
185800,0.0002030627761295824
185801,0.9860476388079886
185802,0.00899292664672497
185803,0.0003598829007006237
185804,0.0002096204114278139
185805,0.003374273656321954
185806,0.020910618064815065
185807,0.000680191333699987
185808,0.9839918648452354
185809,0.0006633892376489437
185810,0.00036894471908569324
185811,0.0002778063085349731
185812,0.0005681261892451331
185813,0.9953354550930945
185814,0.00030801381297746014
185815,0.000387428229613164
185816,0.0004509300718571742
185817,0.0004299084705119071
185818,0.0003846896446130052
185819,0.0001839255131988053
185820,0.0003532515057378563
185821,0.00017683545349288015
185822,0.0001961553617898455
185823,0.005714626835813058
185824,0.001332221129385983
185825,0.003192416732905366
185826,0.04335925663548296
185827,0.0015291355479577291
185828,0.0005278165845120598
185829,0.003132802802871985
185830,0.0016018034845422244
185831,0.0001885239339505764
185832,0.013740566764425291
185833,0.9839338745131855
185834,0.44860546469474905
185835,0.005688673506597012
185836,0.025803444379238566
185837,0.00035339972200408505
185838,0.1556121820449274
185839,0.002047782157215514
185840,0.9346567946822474
185841,0.0021911606791573447
185842,0.07580092388327664
185843,0.00018385343109915815
185844,0.860240730798793
185845,0.0002702489803875033
185846,0.9943721907518912
185847,0.0001945770657675193
185848,0.00025225461487435585
185849,0.0002088259980954955
185850,0.000751370869437122
185851,0.004473539627768898
185852,0.7770376740365859
185853,0.0003109203286723763
185854,0.0006343277639869957
185855,0.0003345650416463765
185856,0.0030591758769572827
185857,0.0005527987084934067
185858,0.0003062518761403966
185859,0.00019551188292433897
185860,0.0023505994295845286
185861,0.0004558997665106883
185862,0.0002924284851318637
185863,0.004896491376845052
185864,0.12492120659442452
185865,0.001596938141177545
185866,0.20325152855561732
185867,0.0046950058121788246
185868,0.012968806205870364
185869,0.0012528423263629294
185870,0.015826997959616552
185871,0.9821321569853657
185872,0.9838389118604471
185873,0.00214942939886637
185874,0.0001355877275747683
185875,0.012206335455388273
185876,0.00065751338039274
185877,0.0003299789650120695
185878,0.00030339643773605015
185879,0.22101858026097346
185880,0.010458080341891988
185881,0.008571093033406179
185882,0.010740416684333627
185883,0.003775700545133856
185884,0.9912611165526751
185885,0.0008247432736339493
185886,0.0003713656663188343
185887,0.9812478594121852
185888,0.00030465952912379484
185889,0.07340264755423909
185890,0.0003324940537291321
185891,0.1782670935759938
185892,0.0002884852649128331
185893,0.00029670998700896396
185894,0.0014424478092522285
185895,0.008083120584426964
185896,0.0002994934313928499
185897,0.00034963590910758283
185898,0.594363124850078
185899,0.000581552106671856
185900,0.0002227080240952754
185901,0.002116349284124967
185902,0.0018015604266147299
185903,0.0016714530278542743
185904,0.0009683742202289728
185905,0.0006618873733455208
185906,0.00040472361509540403
185907,0.9928670964005749
185908,0.00044528884483930855
185909,0.009659333426893143
185910,0.0012774633143705178
185911,0.019947452305015562
185912,0.0033174444117338806
185913,0.9851369966244058
185914,0.004655764311328576
185915,0.009238907530534676
185916,0.0010231344729415412
185917,0.0014973681359154438
185918,0.0008658159156043085
185919,0.0038743861781037263
185920,0.04528937885292209
185921,0.0002469833051293311
185922,0.0001086494110790363
185923,0.00028833551582603106
185924,0.005016311735705603
185925,0.0001106540663159908
185926,0.0004626637709496116
185927,0.0011201556641538065
185928,0.0031912204179609313
185929,0.000583590756033036
185930,0.02682935856148195
185931,0.3334538381949948
185932,0.01809146421739852
185933,0.9292171714072986
185934,0.000241708038627891
185935,0.004845732162522795
185936,0.018374434373943545
185937,0.0013752530466262065
185938,0.00020916029940404248
185939,0.18943059573889268
185940,0.0018941472197393009
185941,0.00012894077599960276
185942,0.0014374827222701453
185943,0.0013542355226512381
185944,0.0008867917589045464
185945,0.003934308779938412
185946,0.9332373499097909
185947,0.009740797911643758
185948,0.9878491229263472
185949,0.00032291891372231
185950,0.000353542241162388
185951,0.00022628480423920943
185952,0.0006036203783648124
185953,0.00043756836879378717
185954,0.0004045859732855896
185955,0.06465798007276179
185956,0.005878968808157419
185957,0.018896137849755433
185958,0.00583398728689317
185959,0.00013080096562684593
185960,0.0005281495692598029
185961,0.009038729252887005
185962,0.00022700333262375467
185963,0.06982292302962496
185964,0.02907687455624542
185965,0.9958341777413504
185966,0.0007991627430118947
185967,0.0003451963203542633
185968,0.03670200243670952
185969,0.00034895629519966325
185970,0.0009456654017349008
185971,0.00361395886574987
185972,0.002492138628749626
185973,0.0002669502973485418
185974,0.037094737489874824
185975,0.0003092203014539421
185976,0.00015006170619609943
185977,0.0005984194331604632
185978,0.00015026295523189946
185979,0.0033489092379032194
185980,0.14448734845185268
185981,0.0003687066795107848
185982,0.0012790760289552283
185983,0.00024247568793532085
185984,0.0006925265239761188
185985,0.0006770235397539476
185986,0.009108142425100513
185987,0.00025641095151647075
185988,0.001422118199584697
185989,0.000524724980668828
185990,0.00016209140321931097
185991,0.0011937819575027681
185992,0.0007126542337217458
185993,0.000985492710395001
185994,0.00025929941501533666
185995,0.00036155167690396197
185996,0.9763469637607035
185997,0.00024460507800192155
185998,0.0025894271636361346
185999,0.0002649656929648451
186000,0.00013406059680657234
186001,0.003530287026859572
186002,0.00016023193592490547
186003,0.0002889186460470864
186004,0.0013910648003876004
186005,0.00780454298211826
186006,0.0009717366274074852
186007,0.00025783894392478424
186008,0.0007768756975538967
186009,0.0005263320924861615
186010,0.00475644995303697
186011,0.001154649904987564
186012,0.0010272656666559467
186013,0.0011244299223536428
186014,0.11638983512022526
186015,0.005733316107600745
186016,0.0014075347706091375
186017,0.00672459400024564
186018,0.013701514916401557
186019,0.044751243342040954
186020,0.0007481218503460484
186021,0.004738463741465536
186022,0.996198328870171
186023,0.021008695288504176
186024,0.04570594230026624
186025,0.0020024910231036556
186026,0.00036878158005640156
186027,0.004492889582736958
186028,0.0016008761671261848
186029,0.0023381801259210596
186030,0.0004967554000321084
186031,0.008072790120510855
186032,0.0005289890074967946
186033,0.985472360615336
186034,0.0004120257382536379
186035,0.000562273773381478
186036,0.0003972500173727328
186037,0.0006026700095589732
186038,0.0004120345868905311
186039,0.9894685261115906
186040,0.0066911336809858295
186041,0.001275659409361461
186042,0.0002977274943152837
186043,0.9909532940200073
186044,0.018010155775192785
186045,0.00156950491794694
186046,0.00037286292616449976
186047,0.7611689700609077
186048,0.0014258303425321124
186049,0.00960008600636183
186050,0.0017922781594853269
186051,0.001497444331554792
186052,0.00022043820091805156
186053,0.0006514122023131016
186054,0.000417467428805892
186055,0.0007898552572618986
186056,0.9249815064171093
186057,0.001930024539440402
186058,0.0005115551922422971
186059,0.005984934289135498
186060,0.9836943644453449
186061,0.0003385144829850341
186062,0.06656812777580344
186063,0.0006280417519114159
186064,0.0005957302983333177
186065,0.007409913696169174
186066,0.0073712190682412885
186067,0.00025044544953776077
186068,0.0001875971484077225
186069,0.9890156404968303
186070,0.0005202510875733773
186071,0.02826568147845791
186072,0.0012759867598962076
186073,0.02867754707063689
186074,0.00029012976488836285
186075,0.044833802128279296
186076,0.04107018565348085
186077,0.0003009908483460361
186078,0.9745801522647268
186079,0.00032940669327367894
186080,0.0007591877063348294
186081,0.17368569996437586
186082,0.0006496857383917263
186083,0.0022813487397773287
186084,0.7358893737277321
186085,0.001455401155907366
186086,0.3379261798613205
186087,0.0003329421744845212
186088,0.0004026557021158787
186089,0.00821980835620343
186090,0.11345521054021657
186091,0.00010030181822124223
186092,0.00024777779401529077
186093,0.0012545620337945623
186094,0.0003811676236815142
186095,0.028823821313498643
186096,0.004066447559179548
186097,0.0006360909062448739
186098,0.007591857954559544
186099,0.0003250262676247221
186100,0.0004889456832055611
186101,0.0002244082703958295
186102,0.056515352054939565
186103,0.00033899724343758564
186104,0.9929439772847937
186105,0.9838324783670459
186106,0.996531050542732
186107,0.00018710871424177506
186108,0.0006651620489634532
186109,0.09068979024116841
186110,0.00854835929836927
186111,0.0003279585230467811
186112,0.008321942331241014
186113,0.153146824939622
186114,0.0004880051781716344
186115,0.0009212358506771722
186116,0.4033294833257264
186117,0.0007745928799514385
186118,0.0176835494478829
186119,0.015926080929088822
186120,0.00020221150221929268
186121,0.0007890235324648285
186122,0.0016594520207828308
186123,0.0007946691670950981
186124,0.008991721201020998
186125,0.06894943167257164
186126,0.016873589735225566
186127,0.0005319453632757198
186128,0.0005630882708892387
186129,0.9745807006521389
186130,0.2578249301877271
186131,0.0002519962609218511
186132,0.0009900215058973854
186133,0.0002755079948792472
186134,0.0007741819613848317
186135,0.0011126846997149516
186136,0.005813630340945765
186137,0.0013008990451208752
186138,0.00037138323751499886
186139,0.0012311478392152723
186140,0.00068042302617757
186141,0.9908314660908775
186142,0.005576564007769815
186143,0.0005473651066267228
186144,0.985873277274057
186145,0.011840062260656465
186146,0.021336789264722135
186147,0.00028552720730987195
186148,0.037157181911907346
186149,0.0007823112670066846
186150,0.0003456014988367544
186151,0.00020921426177534505
186152,0.006218128694413023
186153,0.0006514066895797356
186154,0.001633467660642268
186155,0.006506030348977421
186156,0.003731565597522739
186157,0.007035057362073885
186158,0.0009644623566868239
186159,0.0010215690464337283
186160,0.00020744104686339215
186161,0.001820665777174217
186162,0.061828110944277294
186163,0.0008184677697021145
186164,0.007408585486612223
186165,0.0003336068978579108
186166,0.006373227549183915
186167,0.0005634679508858582
186168,0.00018165092865311117
186169,0.008634758686479978
186170,0.0009907581806943796
186171,0.0016831637735589785
186172,0.0003291643840099318
186173,0.0010825987573293517
186174,0.00030801771220631335
186175,0.0004755707972916213
186176,0.0012386469834430173
186177,0.00580462742210451
186178,0.0014378101506073953
186179,0.003924774415274715
186180,0.001516375305234311
186181,0.000740146135024301
186182,0.0006248637507306276
186183,0.002609345598378284
186184,0.0004683947384653494
186185,0.003190520295592381
186186,0.9925778088284138
186187,0.0004746748835561093
186188,0.0012282471257508247
186189,0.0006044997126910996
186190,0.9917123617193215
186191,0.0008050643186942103
186192,0.0011129497765574566
186193,0.001212565793814698
186194,0.0001610701911205253
186195,0.9833882923839672
186196,0.0017572175506777627
186197,0.020961241824047225
186198,0.0002597375126861489
186199,0.000662803361623503
186200,0.92701287939047
186201,0.001050730381329212
186202,0.001310674490361274
186203,0.0004993850838022679
186204,0.002569037254244591
186205,0.008622547447106645
186206,0.0003562545933247773
186207,0.007921519803212844
186208,0.00034401083265574216
186209,0.46949947351219556
186210,0.6282749953855871
186211,0.0005006083646075769
186212,0.00028639728385236856
186213,0.000489326263001319
186214,0.001099797582131703
186215,0.0005418616024903495
186216,0.0004092483975981251
186217,0.000554483030445075
186218,0.003817186478049615
186219,0.0006835020386284632
186220,0.001668703796788754
186221,0.0012364451133729216
186222,0.00014309168297328475
186223,0.01089733239037181
186224,0.005115138843708205
186225,0.000420314303097793
186226,0.0007438326192982108
186227,0.00014691291409071357
186228,0.0002835398528750361
186229,0.002335030347929726
186230,0.006331022346956018
186231,0.0033514218630157256
186232,0.0032696146181630066
186233,0.9857634921727293
186234,0.0002223050474020679
186235,0.003941523191524244
186236,0.00040208857351385445
186237,0.0003292609449128447
186238,0.0019283399467465191
186239,0.0002812508562240903
186240,0.0025582461984659213
186241,0.00038612339786336074
186242,0.00033855647078609197
186243,0.000961258481643699
186244,0.029766112790826034
186245,0.00046214450070197684
186246,0.00045191940416038957
186247,0.0007761544050697359
186248,0.3438551227685244
186249,0.9411551502449773
186250,0.9524337991518823
186251,0.994645935559117
186252,0.0016588278338727385
186253,0.00029256357190133935
186254,0.00020821343311801783
186255,0.9837457276357301
186256,0.0005835915694206554
186257,0.011436031558922151
186258,0.9877476999533086
186259,0.0008318327064000385
186260,0.984999344996532
186261,0.0004360449996188555
186262,0.0002238539539271794
186263,0.001607503598637591
186264,0.9837498655305289
186265,0.013268744863636155
186266,0.0002760043255830917
186267,0.0005282692630867501
186268,0.0002917032689875779
186269,0.0012168020367234681
186270,0.00034355661469805533
186271,0.001037539873752826
186272,0.0002547527373655859
186273,0.0005208515401153975
186274,0.0006602208951811947
186275,0.0004300676367674637
186276,0.0004669872807850202
186277,0.001424314539700101
186278,0.00014711717389406906
186279,0.013963202313056765
186280,0.00044302472017701127
186281,0.00030683567212369143
186282,0.9409840372063704
186283,0.012271159299024035
186284,0.0005232952604701795
186285,0.004954231653833512
186286,0.036719449575090574
186287,0.0033338219653403314
186288,0.0004169742757670008
186289,0.0006814353552821521
186290,0.0004581853912489523
186291,0.02116154658941732
186292,0.00799485048428678
186293,0.05850834727403137
186294,0.00048242325264046465
186295,0.9807313078753728
186296,0.001471887934717463
186297,0.0010472906819995807
186298,0.00026742268264904587
186299,0.021845987884499533
186300,0.0011343941724868065
186301,0.0001364228123270444
186302,0.0009398239249276685
186303,0.002342697290608355
186304,0.005219962717115409
186305,0.0002810388811785216
186306,0.0011051153967735043
186307,0.23050095740509577
186308,0.0009762912523495844
186309,0.0017750770072135044
186310,0.986961128961006
186311,0.00031796036431801
186312,0.0007433036829447572
186313,0.0012562692883018398
186314,0.0026255047036133363
186315,0.0003974455633578078
186316,0.001117519948211676
186317,0.00023182606735541787
186318,0.019885650482131957
186319,0.9733790622977165
186320,0.015298400223277038
186321,0.0006055427216597786
186322,0.00023335893147811
186323,0.02109258840252079
186324,0.003857641722374412
186325,0.0009039775823240312
186326,0.00034831936870746857
186327,0.0025614356440491863
186328,0.002177429105327644
186329,0.09872770650880745
186330,0.005976388646170867
186331,0.010237047221177258
186332,0.02206386203276165
186333,0.0023161930471698403
186334,0.005371290409368802
186335,0.06007455029434897
186336,0.0003478441469820896
186337,0.0003202089585096973
186338,0.004465649747604122
186339,0.0007231150433709717
186340,0.0007980608517966514
186341,0.00033501439926615303
186342,0.006683379128762747
186343,0.0004696859880479712
186344,0.0006199936497281803
186345,0.0003467795046231413
186346,0.011838936932542324
186347,0.0021250913430995995
186348,0.00011850321585294565
186349,0.002101263884428532
186350,0.0032354071219591204
186351,0.003955513569486976
186352,0.2598493791517242
186353,0.0005270662317863006
186354,0.0027750442048418444
186355,0.0009816089908016893
186356,0.00030996559704535965
186357,0.9849340775770274
186358,0.0006056168063654438
186359,0.0006782871292035278
186360,0.9879551607717568
186361,0.016816010881714135
186362,0.0004425079460379129
186363,0.0010012109903376326
186364,0.006268394124449796
186365,0.017024487728275674
186366,0.00028287630040586706
186367,0.08640783886041088
186368,0.00025093925557602854
186369,0.0008083183456700632
186370,0.0022258347303742328
186371,0.000601515377252732
186372,0.0009991107250285028
186373,0.0010920124868238925
186374,0.026882022237888763
186375,0.9934157320855893
186376,0.0001766823372819804
186377,0.00014506074516054836
186378,0.001484013662702948
186379,0.0004010468933695403
186380,0.0015935481916992712
186381,0.0003797219375913413
186382,0.0014326791062502548
186383,0.006838431112575254
186384,0.022754902963297796
186385,0.0008528545278654682
186386,0.0004612289911594663
186387,0.00860865449165655
186388,0.0011821267366083285
186389,0.0011811538655103796
186390,0.00041673215164975
186391,0.0006551663296828785
186392,0.002559536139283401
186393,0.991561303048236
186394,0.0030457350389167352
186395,0.0024374417575456922
186396,0.0013705127507632232
186397,0.00017101062048416525
186398,0.001954355526645372
186399,0.0006463124408274096
186400,0.01127753784306655
186401,0.00038194709447932014
186402,0.0035192537638023876
186403,0.01422437468644909
186404,0.941489837996954
186405,0.006078948694641215
186406,0.005373461680723632
186407,0.0020966556587607675
186408,0.0021408622767802575
186409,0.005484158890366725
186410,0.0003253486971514715
186411,0.0002895618929203449
186412,0.0013927972096891073
186413,0.0002860993844091179
186414,0.007488422960510943
186415,0.00045959342150154585
186416,0.04325402118483055
186417,0.0005715230803254584
186418,0.0006162722482776948
186419,0.0007280334787355692
186420,0.0004365571408865942
186421,0.004244619371147353
186422,0.00039300970824016805
186423,0.030604185761680898
186424,0.0002894281240237095
186425,0.00310864385996478
186426,0.9759607467247244
186427,0.004667712501154461
186428,0.0002675015601428893
186429,0.001155433651763755
186430,0.024324429046615664
186431,0.00032185618802575217
186432,0.000609803653376197
186433,0.00022364038217358376
186434,0.00020376911166802316
186435,0.0022766223790336945
186436,0.0002695419285566218
186437,0.9939069278336118
186438,0.00109646405499702
186439,0.002006507581140832
186440,0.0010331618406520808
186441,0.000479185512633521
186442,0.215536539040313
186443,0.0008115501990480168
186444,0.0008829794142469223
186445,0.0010924015300799914
186446,0.08928785888384362
186447,0.00019459382945243538
186448,0.0012372122329675312
186449,0.0021550178747801354
186450,0.0002629713350763655
186451,0.002584283077389524
186452,0.005026412846535069
186453,0.000316127250609409
186454,0.00028121422959720947
186455,0.0006862906092227617
186456,0.013505376475363234
186457,0.9877618958407663
186458,0.006282470546226543
186459,0.9870165129054016
186460,0.002333104884723592
186461,0.0013825045620656804
186462,0.9961924045869417
186463,0.0020461162773300597
186464,0.0010006250599818194
186465,0.00043482804925183574
186466,0.0013767881376731913
186467,0.00031814617722575707
186468,0.0019533880772867065
186469,0.0010074672958715134
186470,0.0035070652213182855
186471,0.005108612550789587
186472,0.0008527545609887439
186473,0.0013468987237890394
186474,0.000426401876656015
186475,0.0008869735687971902
186476,0.9963407212345154
186477,0.0008948227668474116
186478,0.000525162942315025
186479,0.002653826865919688
186480,0.0007484402521109042
186481,0.0006998217454450987
186482,0.15452537212175602
186483,0.0012529670717334614
186484,0.01748554592755526
186485,0.0009602052596151545
186486,0.0014241039844087604
186487,0.002096227158354942
186488,0.0007811391599775893
186489,0.00035618499624944004
186490,0.8144264369011173
186491,0.0010448809257119843
186492,0.00037902532244898734
186493,0.0002526527078134219
186494,0.0006715828250017982
186495,0.0011874962843117336
186496,0.0004769173700463655
186497,0.00047249849115335276
186498,0.00015479523842690384
186499,0.00023244972489598004
186500,0.009689714401012298
186501,0.046600064258329146
186502,0.00054116587399071
186503,0.00881840823095044
186504,0.0002785673138767963
186505,0.00026715055881029693
186506,0.0025149729395756823
186507,0.0004600594935883437
186508,0.00013600984553251578
186509,0.0005486884331462197
186510,0.0009667825147900829
186511,0.0007747116271868226
186512,0.0011330392541862898
186513,0.0002608471952494125
186514,0.0017357555207558498
186515,0.000312938628299856
186516,0.00024281081270228726
186517,0.0005024493509413619
186518,0.9849851627620767
186519,0.003450643653298916
186520,0.9883133748292338
186521,0.9935772143578155
186522,0.0011259889233537308
186523,0.000507346909149847
186524,0.0019974783647773377
186525,0.014748453091309753
186526,0.0005093252545346374
186527,0.0002031335752200563
186528,0.11199261452390441
186529,0.002641969276019547
186530,0.00017750882537073963
186531,0.0007655614738088449
186532,0.004935442577065667
186533,0.11269256157306573
186534,0.00042516144419295734
186535,0.0005263814096596057
186536,0.0009431640705794262
186537,0.0005623716659491173
186538,0.0004656306827752125
186539,0.0004098869378587698
186540,0.9948538817150259
186541,0.00026404842067088264
186542,0.0016928867849010114
186543,0.0016908025308089885
186544,0.00045220798083137916
186545,0.0008031543120441708
186546,0.015813709370673588
186547,0.000304458650280558
186548,0.0005563326802033357
186549,0.0007685912933959292
186550,0.0031462909424971
186551,0.00029180570945043033
186552,0.09229876213924311
186553,0.00038583086807647554
186554,0.9860982979855532
186555,0.00039399866627034435
186556,0.005613561533453295
186557,0.0006623132011628104
186558,0.0015078001220145097
186559,0.005520406793974402
186560,0.1823095193984951
186561,0.9899558973855924
186562,0.008976615036178262
186563,0.0028911866778371107
186564,0.0004434025363341117
186565,0.0007182731321325424
186566,0.001447535946515771
186567,0.00045239863137520436
186568,0.00019827709920604007
186569,0.0003164174891130214
186570,0.0011765124386032314
186571,0.023466277161803707
186572,0.000963284669184452
186573,0.006546192681981325
186574,0.0005566967189437082
186575,0.014441846241764044
186576,0.008929760768582871
186577,0.9900997411239215
186578,0.00037777943347520426
186579,0.001184307884849427
186580,0.03050477182974642
186581,0.0003422364920538442
186582,0.003057761518992767
186583,0.0012614125569583084
186584,0.0002923740273928748
186585,0.001245398560157963
186586,0.03309272428796982
186587,0.001442647778309467
186588,0.9834120142198233
186589,0.0004925293316701408
186590,0.004594560580967629
186591,0.0003493204201081436
186592,0.002499556510045201
186593,0.014892953360074079
186594,0.003970252402538246
186595,0.00038794647027916713
186596,0.0011705855003603424
186597,0.0009143474769047864
186598,0.008592761035247332
186599,0.0021075923917663387
186600,0.0004235411292953479
186601,0.0006288092448475009
186602,0.9945242812003876
186603,0.00047846226060584363
186604,0.0009955214636166636
186605,0.0004824642078498989
186606,0.11715283046726944
186607,0.0007687674829146252
186608,0.0017529755842495534
186609,0.0002406481784044934
186610,0.0008287544999607
186611,0.0007256953665809596
186612,0.0018017825012474722
186613,0.9872198764379712
186614,0.0002808686189396506
186615,0.0012762500464093365
186616,0.015641818179301825
186617,0.0005684504455662266
186618,0.00017994980434757929
186619,0.0005104679956326201
186620,0.9864248349759067
186621,0.0013948834453805072
186622,0.0029430202135660153
186623,0.001287575442318402
186624,0.003558585614666491
186625,0.0002779304228168336
186626,0.0007921370126627496
186627,0.0015610867039996376
186628,0.03390055174689199
186629,0.00028646567627039343
186630,0.033297826132302345
186631,0.0004686319228854061
186632,0.9921219542816747
186633,0.00024547220631827653
186634,0.00031055788383144373
186635,0.014003693169139162
186636,0.0002538051202392684
186637,0.0002185299697924349
186638,0.001996166939632632
186639,0.000777813872340629
186640,0.0018739710837168207
186641,0.0008640321555325293
186642,0.01696229707909811
186643,0.003727733177470102
186644,0.0027389840051044766
186645,0.0006254296814593801
186646,0.05388971178824634
186647,0.0007758047651189392
186648,0.9967023640444209
186649,0.0013445434945108968
186650,0.9895712446713891
186651,0.007181697697969312
186652,0.000506963233055619
186653,0.00044828049678527173
186654,0.000683523179832547
186655,0.0017894105150779618
186656,0.00034921002219404833
186657,0.9238605013800736
186658,0.013833405134030452
186659,0.026388364380488985
186660,0.0006817714452550476
186661,0.0013750902577133067
186662,0.0003559673977869758
186663,0.0005265767084050629
186664,0.9874284545881147
186665,0.005944547032966599
186666,0.0009800876858589692
186667,0.0002921233079601365
186668,0.0019209550067697228
186669,0.0002364396060552047
186670,0.00025994123335756187
186671,0.9928943220053765
186672,0.0002614300623086975
186673,0.0002431003816334136
186674,0.0005657699280948832
186675,0.0003350849014001898
186676,0.0007658820712624576
186677,0.11055782052707815
186678,0.004836631698095491
186679,0.00036848634738014826
186680,0.0011354734519286411
186681,0.0018821709322176152
186682,0.005656899956520037
186683,0.00027033628321627555
186684,0.0023653427535915064
186685,0.010742699931241162
186686,0.0005445194451362755
186687,0.0027781608435850725
186688,0.0023096076928989843
186689,0.0012756457806120563
186690,0.0001788642165191752
186691,0.04991869558493889
186692,0.0005526196011900356
186693,0.00024991784461894846
186694,0.003707581789756721
186695,0.0026070932501802186
186696,0.0005491991200746178
186697,0.006620614015674984
186698,0.0007206863175467396
186699,0.014076764658146166
186700,0.00022861947441697326
186701,0.0006774385307113436
186702,0.000148841499566351
186703,0.004109621767991317
186704,0.008674952682579227
186705,0.00027731782565148676
186706,0.002458350334235981
186707,0.02259291702523647
186708,0.0006544205056373067
186709,0.0015897709522161609
186710,0.004121125581886588
186711,0.0017345995018484067
186712,0.039324862712405526
186713,0.0006556617965653478
186714,0.015248857456868058
186715,0.0005011085357309731
186716,0.0022420822053532134
186717,0.0005256009038657554
186718,0.00011623094909921513
186719,0.015697033364931244
186720,0.0011099920651051849
186721,0.00040140302111652047
186722,0.000652181591805758
186723,0.0006889084692293532
186724,0.015850315944975275
186725,0.00011024982622495344
186726,0.014449704688198358
186727,0.00014304238157928351
186728,0.0011789213000052287
186729,0.00017167819516359582
186730,0.03299457537616917
186731,0.004954858727679356
186732,0.001417091955367876
186733,0.584499864803462
186734,0.0011874901523222568
186735,0.0016391694106661645
186736,0.002392707561952415
186737,0.004271263043174472
186738,0.00030505142295852923
186739,0.010179143986891293
186740,0.0001748022475797711
186741,0.0001999577576300512
186742,0.0006092408768316674
186743,0.0014890173285797227
186744,0.0003303143633934323
186745,0.0017929774719917663
186746,0.013104379787576831
186747,0.001609573019274426
186748,0.935459159357791
186749,0.018000232247886022
186750,0.0002676305381326114
186751,0.00041587377081031974
186752,0.0009253708999175379
186753,0.0007474491176822833
186754,0.0025821556712601755
186755,0.06415401783699586
186756,0.0002943042920938499
186757,0.9917609735143426
186758,0.0009640015744696751
186759,0.0003071053255763683
186760,0.0010543842397917123
186761,0.0021221978954425406
186762,0.025442036212707943
186763,0.0030198472494894417
186764,0.0016032319536703485
186765,0.0013678232708465058
186766,0.00024894813463806326
186767,0.0008022247845994258
186768,0.00032816040522465665
186769,0.9881991604705231
186770,0.26947942128806707
186771,0.002815036934324866
186772,0.0011183649744560668
186773,0.0006887644490028829
186774,0.0003097532950798027
186775,0.001792203217182247
186776,0.0014134638270470667
186777,0.004447462083410095
186778,0.13492897114998242
186779,0.0003619468793860871
186780,0.00025132023575309627
186781,0.002935616816276979
186782,0.004065998667044419
186783,0.004258736714872912
186784,0.0002949193386679626
186785,0.0011150234765899794
186786,0.0008694495547596785
186787,0.022705697831692132
186788,0.0029187308317198775
186789,0.00016633888908487807
186790,0.008629937154422698
186791,0.9832825362947736
186792,0.0014399756649671473
186793,0.00043120421602945184
186794,0.0003012001721094992
186795,0.0003696060655953247
186796,0.000405650980932801
186797,0.993175049145065
186798,0.9848342940658762
186799,0.0008364664100972729
186800,0.0037306462140613613
186801,0.9880182347458284
186802,0.00024857034250622985
186803,0.003785768663581174
186804,0.017969444643687826
186805,0.0022842457323913956
186806,0.0004723007047991823
186807,0.0072378893810237386
186808,0.0652150833284752
186809,0.003969169240996404
186810,0.0014319409753209254
186811,0.001005157743758248
186812,0.007310871720625017
186813,0.0003692632721396755
186814,0.017929772705053075
186815,0.0005428110414293873
186816,0.00020976863018806234
186817,0.015209000858999719
186818,0.001380009180020524
186819,0.05749974390243572
186820,0.00022932988557961595
186821,0.000230905210941458
186822,0.008073549774265186
186823,0.006624030994319719
186824,0.002325932997652772
186825,0.00021203294949636081
186826,0.00021236434513800486
186827,0.00021426255673098377
186828,0.9905768220808406
186829,0.990663812925587
186830,0.007249199206002691
186831,0.0009942293086052803
186832,0.029635855994439176
186833,0.017715589156812858
186834,0.0005790636879181847
186835,0.0004388628848652341
186836,0.014441689354995946
186837,0.17266294414896702
186838,0.0006460236792119956
186839,0.019222278571719775
186840,0.0010870282865088868
186841,0.000416388947844009
186842,0.00040216859992169875
186843,0.0005718777650442675
186844,0.008877409853015227
186845,0.00035053059197655035
186846,0.03496315587720601
186847,0.007469007076271685
186848,0.0006409217154229683
186849,0.0007770011055403729
186850,0.0003996751466820376
186851,0.0003077887287586747
186852,0.0006533723216350799
186853,0.0002526552241308589
186854,0.0007665731965702492
186855,0.015310275520535346
186856,0.026520388124430326
186857,0.005207021984669962
186858,0.0010064458660544982
186859,0.011707842253573903
186860,0.15139102411706323
186861,0.004848539880483522
186862,0.0002944237334619649
186863,0.023299510414921176
186864,0.051339302634429505
186865,0.006513144160295391
186866,0.9860749580702085
186867,0.0068287702675812415
186868,0.000568159886479789
186869,0.0005499481908663287
186870,0.00016881222399911338
186871,0.0011711396696502134
186872,0.0026354537579813663
186873,0.015709066029773427
186874,0.0013047865984832548
186875,0.0059514019357707545
186876,0.00874754556925438
186877,0.0005581165289265203
186878,0.0004693341159931731
186879,8.626336898106673e-05
186880,0.0003570510916362587
186881,0.03204710001138945
186882,0.0027960549457320336
186883,0.004710671592585304
186884,0.00036670134106815027
186885,0.004939020650525094
186886,0.0018226521788414578
186887,0.001020462219823758
186888,0.0025894822475877478
186889,0.015618388874698741
186890,0.0010316666202249698
186891,0.7931581259230058
186892,0.001412480126710709
186893,0.000431100368252017
186894,0.00021170742070179634
186895,0.0003729771045941738
186896,0.0030699053884629566
186897,0.010245629336192727
186898,0.00024125079319411205
186899,0.0005474920876804907
186900,0.0005132337226256464
186901,0.03223631169084384
186902,0.0031152470730671034
186903,0.0009064551274166922
186904,0.0007221442723112051
186905,0.0004574096308123165
186906,0.016270477746332584
186907,0.00019513727891240195
186908,0.0036996582433021126
186909,0.010955092033989401
186910,0.0008536535150455352
186911,0.0011935380483372444
186912,0.0020461889702799415
186913,0.0010881524744545028
186914,0.006021519723346548
186915,0.001490362447834369
186916,0.0013167677860830757
186917,0.040103726711017834
186918,0.0011383528953530962
186919,0.00029437443557213795
186920,0.0003623495913596749
186921,0.0038551247655994395
186922,0.00022816051462934132
186923,0.0003617964646241946
186924,0.00032149382374827153
186925,0.00015268699573063919
186926,0.00039799248795384644
186927,0.0068081085506419515
186928,0.00027489390074565305
186929,0.0003392566495127391
186930,0.0013435322938250439
186931,0.0038326171775078964
186932,0.0005236597744332703
186933,0.9928405773060587
186934,0.0006287746957388959
186935,0.0007159612576217927
186936,0.004968478986893564
186937,0.0002953589731162613
186938,0.022139413331108176
186939,0.00014316455417001002
186940,0.0002919123669538389
186941,0.0010557632098654845
186942,0.006544345950691918
186943,0.0004954123700488008
186944,0.002471985795640861
186945,0.001912609033252548
186946,0.0002149642902986146
186947,0.003555632377839435
186948,0.0002236990024681927
186949,0.004077816444803483
186950,0.0001858883600500391
186951,0.0005503017119926466
186952,0.00044549265956332884
186953,0.0003735475068263887
186954,0.0015593914761433628
186955,0.009020670116095345
186956,0.9971678315634338
186957,0.013067339527634742
186958,0.0004264044936702634
186959,0.0006651841454821115
186960,0.0003918400241483072
186961,0.05022219203229429
186962,0.9963440676212683
186963,0.00021530053986764197
186964,0.05351129989271161
186965,0.0049754099653621965
186966,0.49503909181983935
186967,0.045459146177586084
186968,0.00023668702737371705
186969,0.00021694880451106815
186970,0.0002770809008521961
186971,0.005970529404810525
186972,0.00039164182576707915
186973,0.5412662296631917
186974,0.7879443745807101
186975,0.0001647719677536046
186976,0.0004381562900594499
186977,0.004539227489783752
186978,0.0073981163819916065
186979,0.027089723098640873
186980,0.0023626903610098494
186981,0.009345195536429018
186982,0.9925768813063862
186983,0.00023959153326821118
186984,0.0013842600580658896
186985,0.00028322906918377527
186986,0.0450092622547063
186987,0.0013463593055773298
186988,0.001699164837402226
186989,0.01563645994164494
186990,0.02023842293275935
186991,0.32440294952693566
186992,0.00034342531515209074
186993,0.0008833614449139159
186994,0.9834372686467571
186995,0.0005102072468389985
186996,0.00026600913114747113
186997,0.0039624666873875804
186998,0.0018222558768128322
186999,0.005838914066748309
187000,0.003154141687296174
187001,0.00030170891974552343
187002,0.00017858955919371704
187003,0.00018365843738158208
187004,0.023732183196256678
187005,0.0009625783173630246
187006,0.9938038247818107
187007,0.0025599348064753867
187008,0.04823365831533032
187009,0.9928413449383551
187010,0.0006700694433951358
187011,0.020308059065598898
187012,0.00035648448861278875
187013,0.0006648706119611529
187014,0.0009271352591421652
187015,0.007524413153475299
187016,0.0008138408028647695
187017,0.0003453772973811321
187018,0.000949330892146619
187019,0.0006157170481600645
187020,0.00014353137426879355
187021,0.0007133083262300679
187022,0.0002389128268059406
187023,0.0002725623223045352
187024,0.10703133202794016
187025,0.001513781307718729
187026,0.00030731058238595
187027,0.00030282980288046075
187028,0.024099547908515297
187029,0.007758192947310163
187030,0.001633048346598768
187031,0.0012494260045136526
187032,0.0009574574037805405
187033,0.0008815898772743176
187034,0.00035538684485336957
187035,0.9721928190370448
187036,0.012458588232654905
187037,0.001173719498121546
187038,0.0014233198125955364
187039,0.00020228918719494198
187040,0.0010988981621968944
187041,0.0010781978404693917
187042,0.9165238554480747
187043,0.00015027674049853046
187044,0.00961482866082171
187045,0.0002059661634560102
187046,0.0016832787816198902
187047,0.000869803778051787
187048,0.0016275517723073779
187049,0.0009172114000440753
187050,0.0030532911475433006
187051,0.0007457730337676421
187052,0.0002643216003931639
187053,0.004721711302700602
187054,0.004059390275618399
187055,0.00031463941928035075
187056,0.8334246717324841
187057,0.00014004524075789918
187058,0.00029801046926849773
187059,0.0019828354929785214
187060,0.0032138385454405743
187061,0.0014781738304463622
187062,0.015876390030571133
187063,0.00026904693337689894
187064,0.0014153514713192274
187065,0.00036483188505044046
187066,0.9879670276832363
187067,0.0002234215695796488
187068,0.0005831882868265025
187069,0.9821177731280687
187070,0.0022504993511946614
187071,0.0006549689259412592
187072,0.011515096439245906
187073,0.0015239510276253818
187074,0.0004015839208735641
187075,0.0005095534152163296
187076,0.024090500193774463
187077,0.0006031558067586171
187078,0.00038691990507466685
187079,0.0011416714335323803
187080,0.0010518272369750995
187081,0.004050120572783771
187082,0.00038459310939892896
187083,0.001126503679726035
187084,0.007657667470365878
187085,0.0009210515852828137
187086,0.0010225087046545282
187087,0.0007819742997746949
187088,0.0015501410418885878
187089,0.9909391278196658
187090,0.0007611533688061329
187091,0.04161764304020605
187092,0.00032396307219719747
187093,0.00031597595808677937
187094,0.00044907481036576027
187095,0.0007455193979480998
187096,0.026278230561392637
187097,0.0005311959530811066
187098,0.000844371443550059
187099,0.0005837698807054481
187100,0.0007315498023041468
187101,0.0005484705220981621
187102,0.00043820578370388537
187103,0.000928790368691902
187104,0.02031630140705869
187105,0.0005221272924258887
187106,0.000563086309695845
187107,0.08922060367791744
187108,0.05921632416389719
187109,0.0009661731464863843
187110,0.08419962299220005
187111,0.0007973016538483581
187112,0.0010058487730865815
187113,0.0005383098835071603
187114,0.00026334036356996643
187115,0.006067365075488693
187116,0.0007726010194188208
187117,0.0008349579503681277
187118,0.9892094405850989
187119,0.00021531762035274335
187120,0.0010074528876265149
187121,0.001605800605858276
187122,0.0023626513878692045
187123,0.006459210454826534
187124,0.00161923801087668
187125,0.10020232929085739
187126,0.9902352500495647
187127,0.01940785861907978
187128,0.0010386128691455586
187129,0.19591223734067767
187130,0.010787517589756785
187131,0.0014464797800493568
187132,0.14791344614231633
187133,0.0002751457921209452
187134,0.0010431792777631005
187135,0.005994289659202479
187136,0.00036695385031147194
187137,0.00021269702174272584
187138,0.0008520053459206159
187139,0.9926841524395632
187140,0.00047364637996935664
187141,0.9935337751912849
187142,0.00016446303153790318
187143,0.000468103516476786
187144,0.0004872641357225849
187145,0.0025538984598752488
187146,0.0013903617925086975
187147,0.0025748819106270284
187148,0.9791734370893979
187149,0.00267408176877928
187150,0.0007781989328613497
187151,0.0008822951758428907
187152,0.9782027283271456
187153,0.001500427819738036
187154,0.02445283518600327
187155,0.0015024521604674731
187156,0.0012980029859766262
187157,0.00023013626429283426
187158,0.0008103046672966179
187159,0.0013048116954541113
187160,0.00044818622591791013
187161,0.05565393923242632
187162,0.008250841503988289
187163,0.001060693889102873
187164,0.0062135138769284564
187165,0.09607259175776502
187166,0.16222297514272976
187167,0.0009378699640546653
187168,0.002559014367016939
187169,0.0023444355500393836
187170,0.0033873296149539425
187171,0.0007448544046595135
187172,0.0008214323067580506
187173,0.0009184127937643169
187174,0.0009808683678226694
187175,0.9938745250272548
187176,0.0010414657081225956
187177,0.001592274545708945
187178,0.0015028454290411213
187179,0.006015555683973404
187180,0.0003983033568926891
187181,0.0008298303720936744
187182,0.0004860617770774603
187183,0.0005090796350889984
187184,0.05671543383362119
187185,0.00022641331404793855
187186,0.006730482648770717
187187,0.0013845165470527242
187188,0.0002583272166210504
187189,0.9903979706196672
187190,0.19866484756158076
187191,0.07964274456214164
187192,0.011390758264663004
187193,0.0007686986967778176
187194,0.0008993260687759276
187195,0.00025354474528179084
187196,0.994032061551039
187197,0.05452267744102671
187198,0.007816513531909285
187199,0.0003817392946300455
187200,0.01839008790942744
187201,0.0023007420795085054
187202,0.00040268966305547697
187203,0.00021894799098488643
187204,0.0013390635711293356
187205,0.0008085640935075769
187206,0.046040583062524336
187207,0.0013274493957049058
187208,0.012873240717967117
187209,0.0009449696129599778
187210,0.0016407427582412171
187211,0.00029827054791209824
187212,0.0059129544171581255
187213,0.0001684118007379556
187214,0.8948598320430224
187215,0.9903233684536685
187216,0.003296999455512395
187217,0.00042816703881743345
187218,0.0006926824457468135
187219,0.028763343510609635
187220,0.0009728649972196076
187221,0.000566532432352274
187222,0.00028890248635001794
187223,0.0031383019585427877
187224,0.000239055395982851
187225,0.0017331241677426504
187226,0.0004513501649277084
187227,0.0021161124227395164
187228,0.008227479189433338
187229,0.0022252941424229533
187230,0.0013856202528448915
187231,0.039165077349979115
187232,0.0012561287564261602
187233,0.0005130137986906818
187234,0.9915567964374534
187235,0.9934537608626548
187236,0.008473108451989033
187237,0.0003451007214165641
187238,0.0006220800542582115
187239,0.006699778960044653
187240,0.0002075180043512461
187241,0.0009301999772548499
187242,0.013408777343830829
187243,0.0008201727785993134
187244,0.001796612509345384
187245,0.000644663721215211
187246,0.0004920054740253432
187247,0.00022222517189136436
187248,0.004615899085792505
187249,0.9830628609203279
187250,0.0005355916690047835
187251,0.0002967031802739568
187252,0.0015083693035207676
187253,0.00027078358512479874
187254,0.000653688524040521
187255,0.0008729551932069624
187256,0.002061027816386508
187257,0.0005342370180212013
187258,0.9871231451632456
187259,0.0025769941505677588
187260,0.00829921454649864
187261,0.00020974639648896841
187262,0.9923139927002246
187263,0.0005848990994512337
187264,0.00024975050276304466
187265,0.002503969229251576
187266,0.00020724900451368007
187267,0.0007403040431257301
187268,0.001180650610093899
187269,0.989344863581901
187270,0.00039390543486134876
187271,0.00110570421716581
187272,0.0004355795451265446
187273,0.008930933389323069
187274,0.006256479081310955
187275,0.0004226680883916718
187276,0.0006883064998220137
187277,0.0027584083316506973
187278,0.0012276501381814546
187279,0.0003891441093113517
187280,0.003752449012222178
187281,0.03529012783011912
187282,0.00019493159599454633
187283,0.9979627680100951
187284,0.48957647049638253
187285,0.0008064877665024384
187286,0.01917731322310119
187287,0.9862717211248424
187288,0.0009007525467693664
187289,0.014460470374003711
187290,0.4054363408793423
187291,0.05287845499932153
187292,0.00037271798282190004
187293,0.0029351778747592435
187294,0.000569476971002945
187295,0.037470468160233694
187296,0.000322057886077244
187297,0.00017447653666285913
187298,0.00019667029851605167
187299,0.008915369924330693
187300,0.002135586141613615
187301,0.0005180358316182536
187302,0.0006753694002791296
187303,0.0009335164009389726
187304,0.9867269972490244
187305,0.0002482611714474104
187306,0.014256582793392977
187307,0.002689973636440137
187308,0.0003613497039176919
187309,0.0021600671007809802
187310,0.024887676592957042
187311,0.0006738710103660863
187312,0.0005377180981558685
187313,0.001014084168595633
187314,0.009570268605732565
187315,0.9196464000410824
187316,0.0002859870960809125
187317,0.017305654120966362
187318,0.00022920648557274036
187319,0.0046780656953902605
187320,0.006717308744969254
187321,0.00023128664091168083
187322,0.03934679887595211
187323,0.0005681952811026715
187324,0.0022403160603785438
187325,0.01339112052495481
187326,0.016316909311808746
187327,0.0004021830540720417
187328,0.06861539685981174
187329,0.9811020817957692
187330,0.0009439065125734364
187331,0.9932805723012328
187332,0.00031759233190108453
187333,0.0012124685435348276
187334,0.001035998169873123
187335,0.9652982193265688
187336,0.9877743056576423
187337,0.000338589420343766
187338,0.0007173602737655579
187339,0.003559166266809515
187340,0.0002084497314772742
187341,0.006078005580151104
187342,0.02980613491403736
187343,0.9848691257991598
187344,0.00017489547989695103
187345,0.9906880115594502
187346,0.0006559028773975639
187347,0.006708444361662718
187348,0.0010120556605447458
187349,0.0013608940805779149
187350,0.001730479117943498
187351,0.9941781814550577
187352,0.0005826418941942953
187353,0.0010683482179976126
187354,0.9931148599767369
187355,0.0017932311786698445
187356,0.00044415271236964847
187357,0.004466426503356766
187358,0.0004109889556743572
187359,0.0006579758418208181
187360,0.0006964123868707188
187361,0.0003064030699152327
187362,0.0003169251540738699
187363,0.00015554713699107207
187364,0.0003677706598992932
187365,0.0003630415912071081
187366,0.0006759683613750055
187367,0.000365390447738464
187368,0.0007461337162461201
187369,0.99459456825096
187370,0.0020081840246431565
187371,0.00030406188093359284
187372,0.0009848478404714848
187373,0.9919982092208233
187374,0.0012836887754150805
187375,0.00012317696440193978
187376,0.990973020812572
187377,0.08372862003007964
187378,0.0032661156439087336
187379,0.0027449899435979404
187380,0.0034540679499129047
187381,0.002675770597520953
187382,0.00024830252223208705
187383,0.0006777341856485645
187384,0.00027369033990422704
187385,0.0018438994973097118
187386,0.0016062118015286464
187387,0.0015991998448854905
187388,0.0010502523926517308
187389,0.17736408517967112
187390,0.2099708604336213
187391,0.9929963423086413
187392,0.993756785867085
187393,0.00012863636767351496
187394,0.00021341169109244544
187395,0.04365494212540144
187396,0.00036352584679776625
187397,0.0012449865444651954
187398,0.0013035247705073822
187399,0.0075443986610901365
187400,0.00833072154733148
187401,0.0022041733238602106
187402,0.04298620128050074
187403,0.008081693245944889
187404,0.00016963755609450027
187405,0.029425958117363062
187406,0.01956878080583168
187407,0.00044046141394142206
187408,0.0007545120452449345
187409,0.0003930993255359835
187410,0.00016733365402752276
187411,0.0010623515113555523
187412,0.9928391165590378
187413,0.010700845217040064
187414,0.0003485740936890098
187415,0.0007693136562056129
187416,0.005352083158842665
187417,0.0002687123507567568
187418,0.00048359782713007016
187419,0.0006357388078399052
187420,0.0005081730257451214
187421,0.0005601553774025616
187422,0.00010988252749004407
187423,0.008034545539537823
187424,0.005598500674452739
187425,0.026988133362024307
187426,0.0034110591668876783
187427,0.0002655093962558595
187428,0.0009289748754878805
187429,0.001092799362575572
187430,0.0013600890838673127
187431,0.0003053247547376505
187432,0.0003177248018553164
187433,0.0016700730996324963
187434,0.0002212329737231898
187435,0.00016183800872618216
187436,0.0017350137958664208
187437,0.0006122864065436549
187438,0.00031423594443170456
187439,0.015309478040586515
187440,0.008997251289208724
187441,0.0006952632973423517
187442,0.008537504536558898
187443,0.002109766018827994
187444,0.003915641035283586
187445,0.00025322564675628843
187446,0.6697358382912844
187447,0.0006611025852603055
187448,0.2828667376108653
187449,0.0003918176625032337
187450,0.0060942072602232665
187451,0.9813540797371912
187452,0.019603604131640646
187453,0.0005766973374414194
187454,0.30929190851709026
187455,0.012953853868195624
187456,0.0007075034115263217
187457,0.007034304368364124
187458,0.01811321771399234
187459,0.005064860109185557
187460,0.0038500044021289844
187461,0.0030881733402495564
187462,0.023781263367468133
187463,0.7571146961258648
187464,0.0005187569828739557
187465,0.003643542178251152
187466,0.00210867339534235
187467,0.006278184170128502
187468,0.006642233828440568
187469,0.0007488452644742269
187470,0.00037138853412423
187471,0.9940059700142743
187472,0.0014382718176582732
187473,0.0004739911970179055
187474,0.0006198577241190278
187475,0.014217217288461769
187476,0.00366337153105858
187477,0.00022798270286114223
187478,0.0005752256560026659
187479,0.0022249481162273706
187480,0.3278718903787077
187481,0.004798550446382429
187482,0.002162187613435358
187483,0.0009060859876222504
187484,0.007254111668692605
187485,0.00035642558392046103
187486,0.002344505691599285
187487,0.004222910740610523
187488,0.00033252342601155924
187489,0.0005622732620408701
187490,0.04108103400304289
187491,0.9683305046225229
187492,0.009088477046110079
187493,0.000523223335090787
187494,0.014387903119630256
187495,0.011445854293480882
187496,0.0008827299278843559
187497,0.004866470399916728
187498,0.005131355527413147
187499,0.0007887737099367049
187500,0.013397238444294836
187501,0.0005404523740447684
187502,0.08001125661025921
187503,0.00060237083281942
187504,0.5015734057491278
187505,0.0023665699227981237
187506,0.00036860738090203335
187507,0.00010963868615548101
187508,0.002022224149894104
187509,0.000587110352180969
187510,0.00029774592172170507
187511,0.003929101809896697
187512,0.0005493707602637875
187513,0.008240335866715347
187514,0.0002697009362312928
187515,0.0009136339648234505
187516,0.0002609055449618232
187517,0.0001705042526248489
187518,0.0014205988700417833
187519,0.0007628805944417532
187520,0.0012001525787046355
187521,0.0008588243136861274
187522,0.00024486089230111983
187523,0.0017200336600030806
187524,0.0003096376129067474
187525,0.002802748118941111
187526,0.00014845516335494437
187527,0.0002711773809008708
187528,0.006891993300470792
187529,0.007046970080077795
187530,0.01461550721965299
187531,0.9862965109857057
187532,0.00022497490039866979
187533,0.001557200778207701
187534,0.0007450570554139265
187535,0.000995296247622782
187536,0.00048118645542190997
187537,0.0008003580274703124
187538,0.0009462376590247656
187539,0.10439201121126711
187540,0.00017157795723478437
187541,0.0006664933492047879
187542,0.00046547773498675706
187543,0.00043019344110677344
187544,0.0021383868383567897
187545,0.9935889564383349
187546,0.01791695418984604
187547,0.022271361588910916
187548,0.00026645076268664355
187549,0.004405559789338678
187550,0.001508259702307658
187551,0.00019848216209516773
187552,0.0025231389096557343
187553,0.0011760245296261731
187554,0.0001750377678726833
187555,0.0014270431292918568
187556,0.0013282136839071817
187557,0.0014131483182020469
187558,0.0017642631181778083
187559,0.9922484477764033
187560,0.0003440229639568387
187561,0.000531042281262442
187562,0.0047054976374249925
187563,0.0008124963876491954
187564,0.0002919983869741145
187565,0.0012697970820700073
187566,0.0003092484621624068
187567,0.007723861384558921
187568,0.0007099183853551562
187569,0.008561734689895432
187570,0.00019460126233883786
187571,0.0006860816632489521
187572,0.0034961021803748362
187573,0.9784375167290413
187574,0.0005510195165222172
187575,0.000685897920669526
187576,0.0002918962993617399
187577,0.0006129437223318942
187578,0.00016853827597742432
187579,0.00031963121559637627
187580,0.00044655623296465795
187581,0.00037180318539212367
187582,0.04471855316559263
187583,0.0004434454883930307
187584,0.569225459996901
187585,0.00545496260746636
187586,0.0002482118865002209
187587,0.0007710840717540603
187588,0.000497995508230486
187589,0.0002245048013648838
187590,0.0017061122341909287
187591,0.0002849677704403572
187592,0.009796671983504802
187593,0.0003876262337869024
187594,0.9945740848894966
187595,0.010216807427102185
187596,0.0005871997819708704
187597,0.0018652618349650394
187598,0.00018223574794633523
187599,0.000334442985260904
187600,0.0001901889688847669
187601,0.0004085257890429713
187602,0.6858928301931645
187603,0.0011179644145725995
187604,0.0002759530332750387
187605,0.0019819712990374423
187606,0.00024121347936247798
187607,0.0008619644987896415
187608,0.0004244216686288848
187609,0.00023120356150318485
187610,0.0025424890748527228
187611,0.00019228225273204498
187612,0.00027735466674192225
187613,0.0004616244597071682
187614,0.000268150635511139
187615,0.0007251300676984527
187616,0.01090317147654633
187617,0.0014466702843564218
187618,0.0003161384780318071
187619,0.007019783810746842
187620,0.007938524778186965
187621,0.0019282468343498444
187622,0.006414746744275731
187623,0.0031214654685783917
187624,0.0005930983339738704
187625,0.00017386011242792612
187626,0.0010439521754731758
187627,0.0006157621035747467
187628,0.0069086221754196715
187629,0.0004712237540227157
187630,0.00020624622307288868
187631,0.00017680319619785184
187632,0.0002425918016031725
187633,0.0004819660971096708
187634,0.010433977747850936
187635,0.9944592690551753
187636,0.0016215812991759871
187637,0.0014188551950447602
187638,0.001448732021605413
187639,0.0002986852014496316
187640,0.000404145109904344
187641,0.00019315407999597432
187642,0.9915065724609777
187643,0.0013120985004066664
187644,0.0020940867830737914
187645,0.0007713275368481747
187646,0.0016836460752023936
187647,0.019009299472606347
187648,0.0022603928413202977
187649,0.41894352757936454
187650,0.0009545747116645945
187651,0.05759175545377671
187652,0.993460149858014
187653,0.013604625570966537
187654,0.007751835694522538
187655,0.0008097919980433295
187656,0.0003632398819851611
187657,0.0007234702594097104
187658,0.9889624156360196
187659,0.0025441104911359163
187660,0.00023284155386661277
187661,0.9772489349393059
187662,0.9819906798117155
187663,0.009462129002383699
187664,0.00040079412251636825
187665,0.049255259609813404
187666,0.0002373048497463853
187667,0.0014603724144815029
187668,0.003592343226143745
187669,0.049898364478673456
187670,0.0015447455774484395
187671,0.0006168994305262332
187672,0.0004427387987295391
187673,0.0001750250228014728
187674,0.005553124876717709
187675,0.9714344299522166
187676,0.9923626281134983
187677,0.9884174732521143
187678,0.0002164472944601075
187679,0.0003665204505174466
187680,0.9929595509231732
187681,0.0009170390955661922
187682,0.9933710067135897
187683,0.007895446110120408
187684,0.0005185868031911234
187685,0.00033535214035754847
187686,0.0007320399558252868
187687,0.00030058359380886275
187688,0.005703253504996445
187689,0.00040031802027709927
187690,0.0012506824744786225
187691,0.00036176770171867723
187692,0.0010638707430089757
187693,0.002710040453138967
187694,0.0023135998222266435
187695,0.00071207089813539
187696,0.0002460754736674498
187697,0.0004273140731623759
187698,0.0030189925491722345
187699,0.0016014601659663757
187700,0.0203680979250728
187701,0.0008127052798298249
187702,0.0004926377343923106
187703,0.19236753950436317
187704,0.000295718501754061
187705,0.00467668792380343
187706,0.00017561516981473945
187707,0.00034862023114535026
187708,0.0003492108918969061
187709,0.00011987200284700882
187710,0.037153494806168974
187711,0.0009825425094020894
187712,0.004490297448952776
187713,0.00021029856797699504
187714,0.9892533249767712
187715,0.9934387484282222
187716,0.006137918395578635
187717,0.02536976061860908
187718,0.00031894064149651875
187719,0.8842056534969521
187720,0.0005667245906102444
187721,0.0003613517942968248
187722,0.0006883226039299951
187723,0.010010974327578394
187724,0.00033191444154291816
187725,0.001670188911304297
187726,0.001456600297794741
187727,0.0017623867250152728
187728,0.0008100861635833023
187729,0.0009399183548831735
187730,0.0001593948515445358
187731,0.8944633538554018
187732,0.012246786508784427
187733,0.0003383619271146303
187734,0.0008977206962307729
187735,0.0036131840387469906
187736,0.00041693343260525953
187737,0.0002827954058366182
187738,0.0004485324032597238
187739,0.005513518699825173
187740,0.0007914820985147229
187741,0.003967555240523174
187742,0.0006022007911162107
187743,0.0006054335303893419
187744,0.0008119357917118305
187745,0.0026188929713925864
187746,0.00019564464459946102
187747,0.0006127632984821022
187748,0.0021914986732339352
187749,0.0003353064807319155
187750,0.03355160337486833
187751,0.00019136233033082169
187752,0.08271288549475343
187753,0.0006880296726446195
187754,0.00029374746851862626
187755,0.010634841294178805
187756,0.003919438449598923
187757,0.0009563347007650228
187758,0.0006574117213862077
187759,0.0006238050879410091
187760,0.00034265643123860027
187761,0.0003616068942160252
187762,0.04044857254527946
187763,0.0003153427298757858
187764,0.00015565269511618943
187765,0.00011167053230162962
187766,0.009928911278787401
187767,0.00035079885146754153
187768,0.0003666449118766596
187769,0.037302577037847215
187770,0.7020344497408723
187771,0.9910971870350279
187772,0.0008950512961816157
187773,0.002880399760891421
187774,0.0008821840027111856
187775,0.0018400404047968619
187776,0.0003501420549539429
187777,0.0019162887184134714
187778,0.014113684499203612
187779,0.0013792437414809418
187780,0.0002937195159923028
187781,0.0003523371988955392
187782,0.10332636407961705
187783,0.0049415956870511
187784,0.0007657333601145904
187785,0.0006931105474792725
187786,0.0008312479803367359
187787,0.9930536047726476
187788,0.0008140569118750036
187789,0.00018148546996723286
187790,0.029686041766090212
187791,0.00041975865299139127
187792,0.0003668729035646287
187793,0.0003296944274518922
187794,0.0016377112958695782
187795,0.0021352587607151264
187796,0.00113713884969267
187797,0.031165923861869935
187798,0.00082799977369081
187799,0.0009417259338160503
187800,0.0055928348218823075
187801,0.00091069481844839
187802,0.0014790215437883562
187803,0.0005028852226478452
187804,0.5389831598735614
187805,0.00018124425384387016
187806,0.0027201334621247035
187807,0.34921739308151417
187808,0.0001999075573756937
187809,0.0006802165295740424
187810,0.0007715478245329503
187811,0.003103269407789806
187812,0.23179500338138362
187813,0.0007089437903820884
187814,0.00023284128984948384
187815,0.0011126687949314122
187816,0.00044191258220185534
187817,0.0023707534507381505
187818,0.0012997157186847227
187819,0.003292450497776747
187820,0.0037185466897857278
187821,0.00033715192667587953
187822,0.004181882030681093
187823,0.0015234528832801895
187824,0.0027763494612372468
187825,0.0010422954295425068
187826,0.00715824120415858
187827,0.0006406610323068531
187828,0.001392263921478015
187829,0.0008054644879370177
187830,0.0017266493500816263
187831,0.0006052660508982254
187832,0.005646701092180316
187833,0.0004549780785408558
187834,0.00028901879114280864
187835,0.0004707723272790774
187836,0.00027734029692822284
187837,0.006791202301024642
187838,0.00041126574924209877
187839,0.16377068879346274
187840,0.0005486091169697064
187841,0.002012407602978558
187842,0.9949348112855386
187843,0.006063005224609206
187844,0.9952399456187253
187845,0.974928447483509
187846,0.0006171403127199547
187847,0.0006577713074068186
187848,0.0007436171698862202
187849,0.0005270396786836455
187850,0.0001491429673486647
187851,0.9868848814958444
187852,0.0008856540186953476
187853,0.054539670270683856
187854,0.00015921018251407266
187855,0.0005277965929495161
187856,0.9958979057667035
187857,0.0007637656470693311
187858,0.9868090290838591
187859,0.0004799530876896558
187860,0.00041709543403859524
187861,0.9941294514877341
187862,0.004364681614004022
187863,0.00028569286147367396
187864,0.0012350149351154098
187865,0.0005639988153436087
187866,0.00850378794689493
187867,0.00908936065128112
187868,0.0021353703051840956
187869,0.04196102324481538
187870,0.00017140093592753528
187871,0.001770656843909869
187872,0.018270986701255404
187873,0.0006366374828124903
187874,0.00023960396798275704
187875,0.04635695925482321
187876,0.00025204065212743813
187877,0.7459612069760972
187878,0.1490783183078864
187879,0.0010223867745626195
187880,0.0009363329671589073
187881,0.09044761407602785
187882,0.003356074230212969
187883,0.0003394599684151682
187884,0.001613148125915456
187885,0.005058681529809428
187886,0.003362924819145226
187887,0.0005451570525120716
187888,0.0009112446011651209
187889,0.004275713283044759
187890,0.001424334953453932
187891,0.004068462263717203
187892,0.0068956429184032445
187893,0.9822227182353425
187894,0.0012205284676900662
187895,0.055189252181618756
187896,0.00036979353352985727
187897,0.0027706385602553002
187898,0.0021387695327277816
187899,0.005967295472371944
187900,0.0018830088363322502
187901,0.4228370559540124
187902,0.0002905527903054525
187903,0.0002813953944770026
187904,0.00034405942025624356
187905,0.001338757360390544
187906,0.0021664843920743276
187907,0.001120668486084622
187908,0.9196225886346303
187909,0.00019977873010801561
187910,0.00032483710088282734
187911,0.01642212639120769
187912,0.00031071992176609357
187913,0.9838939605343766
187914,0.0020105825541984444
187915,0.00038917399986864126
187916,0.0007285095703989768
187917,0.003059506071139117
187918,0.9910566388256136
187919,0.0007634939780062118
187920,0.0007693834993144086
187921,0.0008049079385107996
187922,0.0004743352193491538
187923,0.021838088104643556
187924,0.0007440810325541663
187925,0.005155860241867945
187926,0.0003818257839987212
187927,0.98250165696695
187928,0.03851583410556817
187929,0.990114382641196
187930,0.0003924226792086257
187931,0.001101454383500137
187932,0.00019245441026567172
187933,0.00012901368317709774
187934,0.98715010235096
187935,0.0006541542561460966
187936,0.00036472331876334033
187937,0.9771070979151947
187938,0.003565133424488808
187939,0.0017105272693073595
187940,0.00026071869168052086
187941,0.04303159016479223
187942,0.00021831676186646892
187943,0.00040699546792115305
187944,0.003913903729693596
187945,0.0006348468600443369
187946,0.008348866348042789
187947,0.001387628366438092
187948,0.0017778276709269057
187949,0.0025890747692437007
187950,0.03809394821299585
187951,0.002628321734327782
187952,0.00021140533727635118
187953,0.0004394840768615186
187954,0.18073853132674625
187955,0.000469410317037232
187956,0.00027466910796251654
187957,0.4983064306198572
187958,0.0006324384861308059
187959,0.00033843834493990296
187960,0.05610295332626547
187961,0.00022201874196176174
187962,0.0009699638421171235
187963,0.00016378057166219713
187964,0.00033938665880872064
187965,0.15758669038290152
187966,0.9802144114006344
187967,0.0006136358631459902
187968,0.005583650767262844
187969,0.0004192015112080047
187970,0.0003881830867258296
187971,0.007095803925747881
187972,0.0003344087356958435
187973,0.007422154502788906
187974,0.0001988507107603718
187975,0.00020352790995164903
187976,0.00016202360763283474
187977,0.010957015696553158
187978,0.10350949617487315
187979,0.0002839498913852237
187980,0.004579128997729564
187981,0.00016660865201396094
187982,0.00042255798515339284
187983,0.000561497001249415
187984,0.12365050393065223
187985,0.002442794243811671
187986,0.005427878812981058
187987,0.9959483078505583
187988,0.1547125859970833
187989,0.00022216468660049768
187990,0.002111091634275218
187991,0.0004976986447134478
187992,0.05916894114120787
187993,0.00024210289554831054
187994,0.006312617557004575
187995,0.0005816896557693123
187996,0.0010677348942230759
187997,0.9565412227540336
187998,0.0009726054898503303
187999,0.989680044754911
188000,0.0002899238562134072
188001,0.0007027038907119285
188002,0.00035025255040750295
188003,0.0011975612229372917
188004,0.0002235386359912203
188005,0.016931991858413903
188006,0.007127456277047715
188007,0.001939298911281768
188008,0.0004337837011126641
188009,0.00047508460381647536
188010,0.0003796085156275305
188011,0.0007076889427373149
188012,0.0002684222280021243
188013,0.0006179325236352915
188014,0.061284501075798636
188015,0.009278207599359775
188016,0.010994191115322575
188017,0.0013540863463102223
188018,0.0005373867454872066
188019,0.0027070638762582496
188020,0.20447196427041092
188021,0.0008655994705335431
188022,0.1106588666794851
188023,0.007399353860322445
188024,0.002207938892197643
188025,0.000200769589766435
188026,0.002359246428278729
188027,0.001449189912833173
188028,0.0014883303351135046
188029,0.046946536873224046
188030,0.0002765806957543193
188031,0.0001367883117875945
188032,0.00022749290791047644
188033,0.06278218414398579
188034,0.025844085176112863
188035,0.0001709903939594587
188036,0.0003549564977344838
188037,0.004181761789174346
188038,0.8883869269785108
188039,0.00025358481046572855
188040,0.002332333923231398
188041,0.0032619008265884655
188042,0.9903847416421416
188043,0.005950827454281639
188044,0.00039467244910585184
188045,0.000281774932917319
188046,0.0004379895217904916
188047,0.0009084773384693557
188048,0.001465850935126509
188049,0.0004530025771870113
188050,0.0005288109082599119
188051,0.0002438279729574998
188052,0.010552496608836755
188053,0.0005252533889597793
188054,0.00038587759676929155
188055,0.0006073199868085525
188056,0.9839857789957411
188057,0.00027314327938346796
188058,0.00027166258113754335
188059,0.09540545056921326
188060,0.1474235978830326
188061,0.0006384814052581003
188062,0.00753643153312413
188063,0.0007621533775868758
188064,0.9914404782572445
188065,0.000643089284950335
188066,0.01571991335317978
188067,0.0006320602770661371
188068,0.000178007471016098
188069,0.01357031398362747
188070,0.0014867766501906082
188071,0.0001861740078009787
188072,0.991327090731232
188073,0.0034273132075573454
188074,0.0014003822891089253
188075,0.0021545149562959163
188076,0.07066632412268396
188077,0.1097410550109031
188078,0.0005351714723215768
188079,0.0002553614871702524
188080,0.9634207177341738
188081,0.060665683651600924
188082,0.0026781602309414692
188083,0.9860536331988229
188084,0.0003005827952880773
188085,0.0006597159434637379
188086,0.001458148168173452
188087,0.0002606495437006405
188088,0.0023611705340794765
188089,0.9855997828347501
188090,0.35524806118453806
188091,0.01342895296964798
188092,0.0012099273722960325
188093,0.0017347271829977204
188094,0.0008155656747723183
188095,0.0003169803604748633
188096,0.0003222875436985553
188097,0.012446736452799622
188098,0.00014687268032167574
188099,0.050583712214361025
188100,0.9968268675698433
188101,0.0005943842718662641
188102,0.00029264026654552566
188103,0.0021824679151762386
188104,0.9910866082230785
188105,0.0003598726558256715
188106,0.00024601929638415224
188107,0.0056978440461074725
188108,0.025863004731214893
188109,0.0007987733913849118
188110,0.0006890799062171664
188111,0.0018398107467219964
188112,0.00029210719539900264
188113,0.0068483049781294025
188114,0.0006272241682459304
188115,0.00046352841593230373
188116,0.0009131760146913033
188117,0.00958799250339006
188118,0.058142873367296705
188119,0.0053240972919189845
188120,0.00040274695346399645
188121,0.0002852036717391915
188122,0.00028987623261445976
188123,0.000178020558379483
188124,0.007996420594869246
188125,0.03532991519161928
188126,0.10086454090441287
188127,0.0005599418149410179
188128,0.0004914205338803738
188129,0.0015561975365931695
188130,0.0016931263401077712
188131,0.00320535384783219
188132,0.002403974267725462
188133,0.00024965060798876905
188134,0.9440624418713695
188135,0.014639618856106908
188136,0.0028628137652454734
188137,0.011980504224816484
188138,0.0002569761425433541
188139,0.00047152758116291734
188140,0.9968572169370712
188141,0.0003594048009970582
188142,0.9959288368963299
188143,0.10106535093502421
188144,0.0018353044593653368
188145,0.0002002458406461122
188146,0.10433309069230844
188147,0.008783279590979087
188148,0.009076199630009265
188149,0.00037282664471858487
188150,0.007573821484533436
188151,0.0018828268491164386
188152,0.0016669343968130374
188153,0.006374174119378488
188154,0.05507682495489875
188155,0.0017187133170190345
188156,0.00025256559624965133
188157,0.9837978362458791
188158,0.0002797850068393519
188159,0.0031321537021281984
188160,0.0006680355442414471
188161,0.0006117468481728728
188162,0.000670644768118372
188163,0.0017736556217913151
188164,0.00035556401058735185
188165,0.00033914791235748566
188166,0.9957953281275465
188167,0.022506489994170802
188168,0.0012795333794725066
188169,0.00561157775428992
188170,0.0006264252641142273
188171,0.9883217309767344
188172,0.993848052746565
188173,0.04366634271620648
188174,0.011928253354598834
188175,0.000686024999193301
188176,0.000512016338110366
188177,0.0027601090899757193
188178,0.8060155555026545
188179,0.0005250724386748394
188180,0.0009647258448732416
188181,0.0003865851557659545
188182,0.0017429919086597476
188183,0.046563619590634445
188184,0.0005778502949951579
188185,0.006747175420428863
188186,0.00018734891038881297
188187,0.00020676126696787285
188188,0.0005690596390625249
188189,0.001097441597269563
188190,0.023938262519090706
188191,0.00041486827017783164
188192,0.00022326035557337446
188193,0.002545862492825585
188194,0.0008696905321042279
188195,0.0021307619208944906
188196,0.008767525927944561
188197,0.0001770889963005318
188198,0.00044918138167888695
188199,0.0005722106855869621
188200,0.012589961660867403
188201,0.0012966172774064317
188202,0.00024617914020616657
188203,0.7988051848053932
188204,0.9488510833574685
188205,0.9928516020877116
188206,0.000337895594118141
188207,0.000763996510400684
188208,0.001434603855766966
188209,0.0007507263529780536
188210,0.00023583424360742097
188211,0.20402996711448695
188212,0.002143373895887428
188213,0.0013010104752477019
188214,0.00014708395639903834
188215,0.8885853335294001
188216,0.00029067007272951635
188217,0.004323057973408615
188218,0.00014157576301932365
188219,0.013407859476684644
188220,0.00021218053754648578
188221,0.98605836458843
188222,0.0004863632350606273
188223,0.001230218453682275
188224,0.0004813017873677551
188225,0.12374835852276009
188226,0.11981094305014373
188227,0.004456487593117916
188228,0.0008326033785228528
188229,0.00022487951065156006
188230,0.0003051186383335827
188231,0.0015323369984201092
188232,0.0016993158409392898
188233,0.0005993755742525982
188234,0.0001721642758294993
188235,0.00027457626745631383
188236,0.0006197396238651468
188237,0.00027539252749932716
188238,0.0004766422894142535
188239,0.0010375165597694307
188240,0.009868763022883063
188241,0.06238038107420236
188242,0.0023979132785144726
188243,0.0006243795425126586
188244,0.32679493797109077
188245,0.0002594045429396912
188246,0.0003883907287030027
188247,0.0012303510346642899
188248,0.00041884158997888105
188249,0.0006173429629169419
188250,0.004515293823083331
188251,0.0006981839253100098
188252,0.0021586403647863976
188253,0.00032565643819154334
188254,0.0007003441203307316
188255,0.00039590054482443896
188256,0.9928626584429099
188257,0.0006118986645829621
188258,0.00027421449529527094
188259,0.709603973098785
188260,0.002027091046277862
188261,0.0006761948884730408
188262,0.004992012110490646
188263,0.0035984403071409386
188264,0.9926103874556622
188265,0.015314208903926974
188266,0.001816130037256674
188267,0.0002868314683227265
188268,0.0005935500461898411
188269,0.003022714166515125
188270,0.0055161567622638834
188271,0.00033144435249900207
188272,0.004659617745404602
188273,0.0005419020567132509
188274,0.00031252183090291376
188275,0.000248114748565029
188276,0.001634821309312065
188277,0.0004202718677305084
188278,0.00045420803196284014
188279,0.0008221403663132392
188280,0.9962544917325572
188281,0.0012966217906069904
188282,0.002773229289602909
188283,0.064873207631385
188284,0.003545280371868289
188285,0.0007469496617636465
188286,0.9645590193193858
188287,0.0005867209321238067
188288,0.00162612560716012
188289,0.015609491773190735
188290,0.00015007438367970299
188291,0.00041147088152487755
188292,0.0007879802546472114
188293,0.000767481700933919
188294,0.994972738584344
188295,0.00025539892671687955
188296,0.0004893988238468361
188297,0.09561723107168914
188298,0.0003075283556910049
188299,0.001087840561785457
188300,0.000918647334548522
188301,0.004570466254465645
188302,0.000509618879962517
188303,0.0007283241850148878
188304,0.002043388050959114
188305,0.0013346533396886098
188306,0.002671274590879802
188307,0.0003189900738916532
188308,0.9864690710154266
188309,0.0002559804522884967
188310,0.009030700592083725
188311,0.0002073266424792498
188312,0.004392592785882455
188313,0.0006628365728215919
188314,0.0003295307873341078
188315,0.008718500373773322
188316,0.00926974830518282
188317,0.00048528065552308746
188318,0.0006795923296313501
188319,0.00026920597063449266
188320,0.0001836214972061587
188321,0.00032484910886371616
188322,0.001799877424811564
188323,0.012225533708046419
188324,0.0008918352534542244
188325,0.0003154515399445652
188326,0.0013104989924098145
188327,0.00027975960726338555
188328,0.004347853475121584
188329,0.00048433219428039334
188330,0.0002685266072694555
188331,0.9869861011517257
188332,0.0034747931543033074
188333,0.0008877655632259829
188334,0.0023022226597896904
188335,0.000434265542870419
188336,0.0006353738593674932
188337,0.00027562140191888666
188338,0.0006043591910516601
188339,0.0006985053688359599
188340,0.0013613294049915796
188341,0.00023739952292172473
188342,0.9942006061215255
188343,0.9696379610018886
188344,0.0005715133606980363
188345,0.0004325358479896722
188346,0.9861914391471056
188347,0.022030580994523357
188348,0.000805198633328806
188349,0.9792840475294
188350,0.035931840242074825
188351,0.9838462013869984
188352,0.014461555976179232
188353,0.0009701582721457222
188354,0.0006044048073559265
188355,0.001841768733661993
188356,0.0003892984380788059
188357,0.0004349637364556117
188358,0.0007307529889461666
188359,0.006287637419535814
188360,0.006833960709387438
188361,0.004129153616054346
188362,0.4476267369356863
188363,0.0015653199789553004
188364,0.009445385886769022
188365,0.0002152886237348526
188366,0.00038672983113832227
188367,0.004743408211972017
188368,0.9917182193188864
188369,0.02221658238677436
188370,0.00045166360718486043
188371,0.03123189590936247
188372,0.0008979400254371423
188373,0.015858831720675454
188374,0.04693515785005059
188375,0.0005842893168578724
188376,0.000207498491573032
188377,0.01652565748359295
188378,0.00033524924246795004
188379,0.01255950462940239
188380,0.9948309336467059
188381,0.003507919425511798
188382,0.0010322612360155641
188383,0.004973338741694224
188384,0.00019864316058628326
188385,0.0014050369392229513
188386,0.00011018316156771591
188387,0.0005817621822938371
188388,0.004724725175254008
188389,0.004543954279788839
188390,0.026727519862659883
188391,0.00570805976332554
188392,0.9270534994226682
188393,0.0006196035510159464
188394,0.00028677275141786676
188395,0.0008484655833177501
188396,0.9836757412769241
188397,0.0034430381200036527
188398,0.0008907842539271322
188399,0.0023906342953728048
188400,0.0003410217617874606
188401,0.00045650794598093083
188402,0.00019336972767841694
188403,0.0012828377948562552
188404,0.004230533056103554
188405,0.0005646682344471489
188406,0.014648531762053352
188407,0.0023665328038192475
188408,0.001175673330531242
188409,0.004246127144209207
188410,0.00023834021278171756
188411,0.00016497497506862818
188412,0.007182202838420764
188413,0.0005299998901367186
188414,0.012791302258623604
188415,0.07603678056560274
188416,0.0005756864247348303
188417,0.00011858895513793243
188418,0.00018668693838865075
188419,0.7708850942891003
188420,0.00023025371255350189
188421,0.0001869570057135506
188422,0.0025364112529968146
188423,0.0013346697272397616
188424,0.08090409229769924
188425,0.003076834511070345
188426,0.9949025698614177
188427,0.9952954743878946
188428,0.0005393805393297863
188429,0.9954700866620748
188430,0.5770970438003352
188431,0.0010190188272426845
188432,0.00020262810764997858
188433,0.0010210388502296902
188434,0.0025608685340394507
188435,0.0004058612404519853
188436,0.8190031370380684
188437,0.25434658849115366
188438,0.0005382099392497438
188439,0.9882210492804488
188440,0.0013794411065891669
188441,0.014464912195459189
188442,0.003759691446065252
188443,0.9829196241275706
188444,0.002578397747685359
188445,0.0007210603997336789
188446,0.0046399245930255125
188447,0.0002527794195453721
188448,0.00031583147438925973
188449,0.004482115160295371
188450,0.0002797179012029014
188451,0.027106108288776402
188452,0.00038649303052640775
188453,0.026381064487592337
188454,0.002402973739946955
188455,0.0003807892185297687
188456,0.00781903958089285
188457,0.03772237480826013
188458,0.0037911870631319074
188459,0.9939577793846173
188460,0.00024661669258742
188461,0.0007324279741957734
188462,0.0005742535453039499
188463,0.0037404174867636964
188464,0.01878124449331979
188465,0.0025217089519221324
188466,0.00032430232992425556
188467,0.02018126429730145
188468,0.00023674558946500842
188469,0.0041760504798230525
188470,0.5510273337753411
188471,0.00037236556477269074
188472,0.00020947798058428626
188473,0.037407102096307404
188474,0.00028391965904848955
188475,0.9402275579503465
188476,0.0011173213668564472
188477,0.04587076461400928
188478,0.0005120473822559647
188479,0.00018589658761689038
188480,0.002498093310931825
188481,0.04649073573514535
188482,0.05443658008654606
188483,0.007502364956139992
188484,0.9770045327667736
188485,0.00017941600969950585
188486,0.9969669953325566
188487,0.0010974325488695325
188488,0.0003293643429282699
188489,0.000773157228683005
188490,0.000538476240379622
188491,0.021924449397207973
188492,0.003418709230040178
188493,0.00032573330688582164
188494,0.004673888332545353
188495,0.005224553503097659
188496,0.006717335330075253
188497,0.0003107094764592462
188498,0.003260360528055782
188499,0.0020796593279316135
188500,0.0017093475763138657
188501,0.00036211498997897496
188502,0.000802025228933617
188503,0.0004817270917914082
188504,0.0010263729404483576
188505,0.00013997000168178636
188506,0.0021317336185211044
188507,0.32571104368958353
188508,0.0006873679629307235
188509,0.0004412282518169019
188510,0.0007745418848565657
188511,0.0005279659679073322
188512,0.0003207838824354197
188513,0.008116811668548867
188514,0.0021167722263461144
188515,0.00022859028826739837
188516,0.9841306120836487
188517,0.9945094082268979
188518,0.9949068221443532
188519,0.0021263434377919548
188520,0.06167945813780803
188521,0.0004874774701693835
188522,0.0006421048547424926
188523,0.0005873567757481115
188524,0.004159812424147799
188525,0.0002844608901359744
188526,0.008666675126129075
188527,0.0007588846670407619
188528,0.9932353829792868
188529,0.006257173615173928
188530,0.020232999459405304
188531,0.612945506179851
188532,0.0011910791780966425
188533,0.0005258341684437612
188534,0.9937496760866208
188535,0.0012433106048375347
188536,0.0013946855531847306
188537,0.0018873155821301022
188538,0.009082730730116314
188539,0.0033453988073264933
188540,0.0014596416970854183
188541,0.0295931122957669
188542,0.04062759681224621
188543,0.9465373640857453
188544,0.0009039703407469294
188545,0.006061593651268152
188546,0.9912001797288862
188547,0.000726250060560949
188548,0.0076852460510031945
188549,0.0026940764867854376
188550,0.0007358161188273111
188551,0.0007102030660683719
188552,0.9898876716960405
188553,0.0002226745172529965
188554,0.0006905729728085797
188555,0.0057530030709496745
188556,0.00044345985564197746
188557,0.016450771063167672
188558,0.0026936816340297175
188559,0.003243707942389625
188560,0.18907254965287407
188561,0.00029235886225109913
188562,0.000594550451927842
188563,0.0002842765338804013
188564,0.00029378610287349323
188565,0.00307484353728888
188566,0.0007059290590898588
188567,0.00048000798553884564
188568,0.00013060958830707312
188569,0.001424514782610556
188570,0.0007543711641599288
188571,0.00020418344744145407
188572,0.0004208083571520891
188573,0.0016897283837421899
188574,0.0006726938631996611
188575,0.03541767100933521
188576,0.013103148657788475
188577,0.004726626135040786
188578,0.0009819474533739043
188579,0.0041196852939452714
188580,0.00023924084219942922
188581,0.0049772007034381205
188582,0.9847137131343617
188583,0.0021986586579523107
188584,0.0421584187957243
188585,0.00030738338578142156
188586,0.0003602870220692355
188587,0.003442315235874675
188588,0.010033041610280184
188589,0.0024270386647571676
188590,0.008835128372018096
188591,0.9873627156288373
188592,0.9856121267579596
188593,0.0006165434674458627
188594,0.0006379893828813717
188595,0.9862689621838514
188596,0.0005445382619640814
188597,0.0009331683214835606
188598,0.0002777318142889732
188599,0.0006289772982584538
188600,0.00015071499970118718
188601,0.001308075680141841
188602,0.0004909246955372618
188603,0.008611528408647302
188604,0.00013607578418948306
188605,0.0011940526550088342
188606,0.00018826554246650554
188607,0.9895921932476744
188608,0.0004012275693995987
188609,0.031181986239070338
188610,0.001880355582466805
188611,0.0006449499181371743
188612,0.9895853843266224
188613,0.0008221279429693284
188614,0.00509019535189848
188615,0.00036987148173354604
188616,0.027025188531252128
188617,0.0016526950204399633
188618,0.0021400259939201387
188619,0.00015094034700474326
188620,0.0006699010005237619
188621,0.004366110806771059
188622,0.00021097773641171917
188623,0.0005170138867516905
188624,0.020314743370481322
188625,0.000287980757110737
188626,0.009643369113835953
188627,0.992072263703403
188628,0.009237234968674821
188629,0.0011140401182519737
188630,0.00022182838928087485
188631,0.0004880891201536185
188632,0.00020767296647280324
188633,0.14432284509474133
188634,0.0005445610679659118
188635,0.005478454661493005
188636,0.1640922647045785
188637,0.0010065975161697117
188638,0.0015946942991986676
188639,0.011024474623025892
188640,0.01970998224851784
188641,0.0010959434083602881
188642,0.0016420808418423222
188643,0.0007594744381145373
188644,0.20088286909241332
188645,0.009334077698629926
188646,0.0017975082877571193
188647,0.00528903775681446
188648,0.003329416213679624
188649,0.00030513488747315696
188650,0.0016678682351581146
188651,0.00016759345107309335
188652,0.004659028999295723
188653,0.0006572781301736947
188654,0.007236383580430996
188655,0.0007592563072661647
188656,0.008746308965716024
188657,0.007969738990860094
188658,0.009502399552938768
188659,0.00017454374517423862
188660,0.001942929559501917
188661,0.0018533987102146788
188662,0.0001668778668806426
188663,0.00015326733016268732
188664,0.0005928908403080668
188665,0.0003351217070363778
188666,0.0010581650363607046
188667,0.09756105103497914
188668,0.0004526064817290067
188669,0.0003673263961940361
188670,0.0009119946387195435
188671,0.00610073629350509
188672,0.0020843617089300083
188673,0.002398950228460708
188674,0.0006134799320516071
188675,0.44877110725224034
188676,0.00022067350594572085
188677,0.045798428696987956
188678,0.00033809076382408827
188679,0.0006025605148307754
188680,0.0007833536344658863
188681,0.015814616493334866
188682,0.0034781816204130845
188683,0.2769185975741726
188684,0.0006184146970157114
188685,0.9833602444565781
188686,0.0018924437153766212
188687,0.000517025819730656
188688,0.00029362733840828113
188689,0.000565988292431899
188690,0.001636942486455024
188691,0.9772369737428839
188692,0.0007388891934465219
188693,0.03405698392077515
188694,0.0002489272174895144
188695,0.004462985331340747
188696,0.03513029324610485
188697,0.008710512168717731
188698,0.004426102971906415
188699,0.0018244814962116453
188700,0.00022712557360051602
188701,0.0005155941209280577
188702,0.0005857073239619721
188703,0.08534700045568401
188704,0.0002792624612160051
188705,0.0012839350946006686
188706,0.0052171226163115585
188707,0.00035998199942879157
188708,0.006889727323351807
188709,0.0008156683964241709
188710,0.0002176193119962743
188711,0.000539322979940617
188712,0.004042365747639196
188713,0.0004230382793835117
188714,0.007548991240983038
188715,0.0009430987865802273
188716,0.01822891896560787
188717,0.0056592214033013835
188718,0.005814153674993212
188719,0.0004216275796544936
188720,0.9921643580769814
188721,0.0009218985880049025
188722,0.0039951658571351495
188723,0.0005483674323712174
188724,0.03660149867785095
188725,0.0010693947544975365
188726,0.005807748578091358
188727,0.0007847503827187866
188728,0.0034307834767989087
188729,0.004543641758727127
188730,0.00044849511972352437
188731,0.7091017346972317
188732,0.0018540095688272108
188733,0.0006183479793802752
188734,0.0005975560686381768
188735,0.997786483345544
188736,0.0012528612815090028
188737,0.000857051549655875
188738,0.010341727929649538
188739,0.0004984991393832602
188740,0.0005186753176252933
188741,0.00027097334454111334
188742,0.0005027736205871114
188743,0.0003758298060745119
188744,0.0015360817376358232
188745,0.002506590039114834
188746,0.0006436189821022903
188747,0.0004755732919071566
188748,0.9891023642835776
188749,0.012111589372206806
188750,0.00014972347460840535
188751,0.00023629688938980626
188752,0.99652443832585
188753,0.0002940636064318541
188754,0.00030920698580951114
188755,0.0005817318196032613
188756,0.0003977130509834981
188757,0.9902100760739299
188758,0.00030175044100756916
188759,0.0004691023161601601
188760,0.0027108795428857934
188761,0.000703168163420289
188762,0.0011636555612858802
188763,0.0014264970223908959
188764,0.008091821901739002
188765,0.001810961893915925
188766,0.00033114721791179387
188767,0.07496766479431492
188768,0.005780159999436602
188769,0.0004905680021360604
188770,0.9960018386620201
188771,0.019143235142226888
188772,0.00045520806533427225
188773,0.0007526891273753269
188774,0.004395384142444442
188775,0.007052724013822611
188776,0.005551728001790162
188777,0.00012600999202424474
188778,0.0006680633177821816
188779,0.0003474407640891825
188780,0.025822198810454115
188781,0.003373720460985955
188782,0.003343666763734487
188783,0.0010555983114457362
188784,0.0016676449090063962
188785,0.00019225874526859128
188786,0.00012317066705696113
188787,0.9878030787638479
188788,0.0004243747628705993
188789,0.0005404025511441373
188790,0.0013385555026456252
188791,0.0007559679862813662
188792,0.00027575763660518725
188793,0.08080442138534992
188794,0.0002465268240882697
188795,0.20660935708774486
188796,0.059718900718390165
188797,0.0004331798572386094
188798,0.0005378293728501848
188799,0.6126301348266737
188800,0.0010675433803588234
188801,0.0003168397793463399
188802,0.0006511957101078177
188803,0.021107259489011366
188804,0.0022672992938632236
188805,0.013648278892757165
188806,0.00033516228014129115
188807,0.00030410431009669564
188808,0.00037055808615144313
188809,0.04846280848169842
188810,0.0020577105317110757
188811,0.00034397220205440105
188812,0.00024713832514869664
188813,0.0015581934262544755
188814,0.00027630191309616005
188815,0.0002142541832763313
188816,0.0001464831266446244
188817,0.07385155496929831
188818,0.0013071897413710282
188819,0.006294951529225645
188820,0.002514274721855941
188821,0.0012953812953400454
188822,0.0009120970687066293
188823,0.00033968203331973944
188824,0.0008480129027915251
188825,0.024762002875737706
188826,0.0002709434783916458
188827,0.9364754691055591
188828,0.0006796648271096632
188829,0.002262714082837228
188830,0.9234109010862245
188831,0.8902473203942458
188832,0.01136433631837988
188833,0.0027456803498167514
188834,0.9843585130059346
188835,0.003824936282317193
188836,0.9689107731137112
188837,0.9939693456332023
188838,0.00026636466747633104
188839,0.00031919274080505076
188840,0.00036082558500017986
188841,0.9002678046328978
188842,0.013099348476345217
188843,0.00028020558936322695
188844,0.6650535644195996
188845,0.0010994534909561867
188846,0.0001564197036548691
188847,0.00801886889520077
188848,0.9806632661858619
188849,0.0006089897651897393
188850,0.0003592130879083223
188851,0.44781176570072584
188852,0.000549912248033357
188853,0.01823535554679324
188854,0.005066691236337946
188855,0.9956092872459488
188856,0.0018247612369139024
188857,0.0003371529794000726
188858,0.000415900862977789
188859,0.0005059378746331511
188860,0.0007301436347054798
188861,0.002677795389582735
188862,0.002013004304100483
188863,0.9902867768066815
188864,0.011375978057498933
188865,0.00065488451837739
188866,0.0030923117661551653
188867,0.00011234830975307165
188868,0.001179620093893549
188869,0.019759958055030794
188870,0.0001868558154749536
188871,0.00016103003146514459
188872,0.0005110302977959834
188873,0.0013742596772936845
188874,0.01472801641221471
188875,0.00039213595709917297
188876,0.0003908864129885505
188877,0.0025673150614051315
188878,0.000445628213512545
188879,0.9767710066581119
188880,0.0002658025288395344
188881,0.9941983490876891
188882,0.00026571763829398283
188883,0.0008689190199970674
188884,0.010229891383626056
188885,0.04797749867747448
188886,0.9756370048694215
188887,0.0010218383445458762
188888,0.014937244501781195
188889,0.0016689272080971985
188890,0.0002844045624702066
188891,0.008562511841763008
188892,0.0012415937611436562
188893,0.002241916277266357
188894,0.0389727648696047
188895,0.00032486747480099795
188896,0.0002483153975499141
188897,0.0013290734838980927
188898,0.0002998407153256915
188899,0.01148214061603066
188900,0.23296295696656247
188901,0.0018474480279052773
188902,0.0007923091839001034
188903,0.0005543532205660801
188904,0.0003671155305871967
188905,0.009764586340857632
188906,0.007343902144160106
188907,0.00047925034662803554
188908,0.00040855475047010375
188909,0.00027480600734750514
188910,0.00031054598051853124
188911,0.000254379889190993
188912,0.9806094239291682
188913,0.0018837059562568927
188914,0.008323969286490563
188915,0.014433983900528784
188916,0.0009228979374165169
188917,0.007462532051596984
188918,0.18388079879318578
188919,0.0014848962930747137
188920,0.0023502777755822686
188921,0.0021526141912963097
188922,0.0003001519474972755
188923,0.00012475663394337946
188924,0.013406466363788547
188925,0.9843262400498287
188926,0.0007395381371096198
188927,0.005125723400538899
188928,0.002699353391553792
188929,0.0005839329830353662
188930,0.0058005978445828926
188931,0.9905905298656912
188932,0.00023522473225135864
188933,0.0005154552287138247
188934,0.0010499886093883744
188935,0.000669008470997701
188936,0.00044677698673441625
188937,0.00013609882266848585
188938,0.0011882920237825745
188939,0.013735363611847138
188940,0.9859429969637599
188941,0.022999983382708665
188942,0.00019098968038000887
188943,0.9829978068898354
188944,0.09451364681963892
188945,0.004415954569520959
188946,0.0020069410612605742
188947,0.0051432241102701845
188948,0.0006184249945287787
188949,0.9898672620543989
188950,0.0001557688852695158
188951,0.0016221813898955465
188952,0.00019005559273234797
188953,0.002411490091029533
188954,0.0021454004906208716
188955,0.0006263561015718357
188956,0.00019142248758703136
188957,0.00021630176229104207
188958,0.00016364955218200222
188959,0.0009611158460979089
188960,0.00027480848734830676
188961,0.00023288913106749186
188962,0.0002313044745364522
188963,0.0003410438736703152
188964,0.00043497124429492986
188965,0.0004012444595352084
188966,0.0005733089968415227
188967,0.001179976390627026
188968,0.009301752063998537
188969,0.00039095125757886823
188970,0.00039749421849907834
188971,0.0022595066418271198
188972,0.0003237267485872953
188973,0.0004035121372592661
188974,0.035254873336634525
188975,0.9805636405089334
188976,0.00016739024651442485
188977,0.0003725434754922844
188978,0.00022392265307218562
188979,0.0011892755249531836
188980,0.0006936956052068363
188981,0.0016453117603181173
188982,0.0009364022628781423
188983,0.007751871633761054
188984,0.00014902576975821664
188985,0.0002792795089204534
188986,0.00013148079468675204
188987,0.0015827686825434185
188988,0.00266435586744997
188989,0.0005265670909744483
188990,0.0012962732198641632
188991,0.0019453054037609626
188992,0.995095402027248
188993,0.0011472116841841113
188994,0.0010431163758756552
188995,0.00033651264979292435
188996,0.0014773275559088882
188997,0.0035229376522805437
188998,0.0003684343450242783
188999,0.0002319591831244904
189000,0.0010545547801530206
189001,0.0007584042019739231
189002,0.00020892395834980643
189003,0.0004478977449369028
189004,0.0007343717642147674
189005,0.0003884547794527046
189006,0.0016256866787803137
189007,0.0018575703554222181
189008,0.0010530395247150995
189009,0.00039466111003236525
189010,0.001793940947970265
189011,0.0003703338849394318
189012,0.006011796178843985
189013,0.008819418369611852
189014,0.0010228072436784196
189015,0.0007458227142899981
189016,0.0004385346588826074
189017,0.00028848025922523175
189018,0.0047901957615327515
189019,0.0008426130898109368
189020,0.0019709342018008826
189021,0.0005151288727690843
189022,0.0014494772464451956
189023,0.0002815780468045497
189024,0.0016075464464996036
189025,0.001463810886806359
189026,0.00022679574030110906
189027,0.0006215564720561535
189028,0.0021661162525846173
189029,0.0003862638563763095
189030,0.004506616729011624
189031,0.10610364478969556
189032,0.0004092299553613771
189033,0.018377946753565924
189034,0.013960341270383527
189035,0.0002673655550878909
189036,0.0009570509008910297
189037,0.0017494020097148285
189038,0.42026781263170176
189039,0.00027516826235162855
189040,0.001237575410547811
189041,0.00036167223588798216
189042,0.0017591236200879849
189043,0.020520433445467886
189044,0.01573504803981502
189045,0.0016009707405980377
189046,0.010708516209108452
189047,0.0004373631662770695
189048,0.00032069574303864924
189049,0.0013525771661566848
189050,0.016160654849453393
189051,0.9921723908074274
189052,0.00050068839280143
189053,0.04428616356733318
189054,0.00021272894029382482
189055,0.00036589254942146675
189056,0.0010034650428227244
189057,0.00030625949509179045
189058,0.0003432373590161548
189059,0.0456543874810826
189060,0.00023204109810414072
189061,0.03698543310270009
189062,0.0013682748455582513
189063,0.00020763913920102454
189064,0.004111271919326586
189065,0.0007679513299007515
189066,0.000832563986519964
189067,0.0002883063301234163
189068,0.010621989765625658
189069,0.0004655990594734227
189070,0.00023769485812081298
189071,0.9942128936587649
189072,0.0006681525125185938
189073,0.0017745816122059662
189074,0.0013077722061159193
189075,0.9897511178699056
189076,0.00028486964169594257
189077,0.003617030660378493
189078,0.00020174084406710967
189079,0.24015993645154
189080,0.00507540308901098
189081,0.0004417210763162449
189082,0.0009010674692360701
189083,0.19456124142029307
189084,0.0008656584826453987
189085,0.00027518246273195124
189086,0.0018835978339595647
189087,0.00032546551324046113
189088,0.004424891184299537
189089,0.004447442384042782
189090,0.00022612420879441624
189091,0.000679296870501729
189092,0.0002551935156454959
189093,0.7222833732022097
189094,0.0002915536875176219
189095,0.061887439449944646
189096,0.00018499739408457983
189097,0.0003012732657680343
189098,0.0203410449991353
189099,0.00015946109180868997
189100,0.0020936080846532304
189101,0.010750720624128747
189102,0.006140033319070059
189103,0.00018517336395496825
189104,0.0014195688503490832
189105,0.00022639508156005307
189106,0.0001553025558354896
189107,0.0004977846434437369
189108,0.0020753055097727084
189109,0.0005184947663239753
189110,0.027145795049509747
189111,0.0003523017022543919
189112,0.001111307763073151
189113,0.0010645533719640201
189114,0.00044562928794608095
189115,0.0002695958749208295
189116,0.00056147238004654
189117,0.0024311161467580845
189118,0.0014776919769207877
189119,0.007837508678619562
189120,0.00025758470366989296
189121,0.028339245749779834
189122,0.9850050247198904
189123,0.0006358570859268587
189124,0.0009099105443034986
189125,0.006561092118978996
189126,0.000598431378740789
189127,0.0004786999642887497
189128,0.0009492546016092327
189129,0.01299024916482981
189130,0.0019348107726220917
189131,0.0008682271152127172
189132,0.0013797916667733976
189133,0.9412435591967699
189134,0.0033712927439131725
189135,0.020190930742068697
189136,0.00028248097307076073
189137,0.9859951775235785
189138,0.0042862669293457336
189139,0.0006025149889577764
189140,0.0008711547105628356
189141,0.9903728112366853
189142,0.0008983273704690271
189143,0.001253654636671026
189144,0.0003643018965304174
189145,0.00027530590490919857
189146,0.000305345874361574
189147,0.9934709023479567
189148,0.15985217411854807
189149,0.007599796966667046
189150,0.007657543835409906
189151,0.0009473802088769392
189152,0.012028364729746568
189153,0.001729566239712568
189154,0.00046947178978300235
189155,0.000677885031923861
189156,0.00818013759190746
189157,0.001881840311406045
189158,0.0023538964096712646
189159,0.00284057323064359
189160,0.27395254086713117
189161,0.0008529681914782232
189162,0.00048572370392484037
189163,0.0005518258630512362
189164,0.008763510294181263
189165,0.0005121690559961346
189166,0.003889920541848994
189167,0.0005829412261023782
189168,0.00876265660793231
189169,0.0008296645016351091
189170,0.9889918342406971
189171,0.009382106579542615
189172,0.002044680961704948
189173,0.00031355370380180465
189174,0.0026790830915681715
189175,0.054749404284389805
189176,0.0005681889867297599
189177,0.11507504962835716
189178,0.0030967850938846842
189179,0.34459929289849833
189180,0.003452255655584676
189181,0.002497856135408561
189182,0.07726624912684532
189183,0.00020694981597210277
189184,0.0029730860939373746
189185,0.0010569552056460525
189186,0.00012555381653844055
189187,0.0012859821191833851
189188,0.9670957895834335
189189,0.02045526963720328
189190,0.9853593803591927
189191,0.013413252383091252
189192,0.0003257994682686349
189193,0.0017980997805057668
189194,0.003208977061625809
189195,0.00028751235222412613
189196,0.0004762620714390526
189197,0.0006915498162932231
189198,0.001421070963122953
189199,0.0018062655756379976
189200,0.005960498839735969
189201,0.0003452871122817984
189202,0.0008361724847049727
189203,0.0011350753223643756
189204,0.0010457796639741536
189205,0.00136775533915445
189206,0.001717995542421264
189207,0.00653424098472542
189208,0.006982103823882236
189209,0.02838171307645692
189210,0.00010409327938232268
189211,0.0002983580210389633
189212,0.00032153525832254593
189213,0.00455013924612928
189214,0.002275296170985383
189215,0.00010565973830740566
189216,0.00039981102197078215
189217,0.003586307991144272
189218,0.0053713061103585515
189219,0.00045313632114517695
189220,0.0003073787369883233
189221,0.005068720977393408
189222,0.3242347949046675
189223,0.0007351671836422285
189224,0.001230049064528279
189225,0.0004510399087244618
189226,0.000216947059992873
189227,0.0007960340078727466
189228,0.00816062564325553
189229,0.0006996675475232522
189230,0.0011621344177930686
189231,0.0028381600154109244
189232,0.00015283606037592122
189233,0.00048064049223852816
189234,0.0034632446662089906
189235,0.002186358507629012
189236,0.001242906520071893
189237,0.0012503179974070679
189238,0.0004986964474035447
189239,0.005315431076802959
189240,0.0014953158969138833
189241,0.00029398744962937237
189242,0.0006825187517186217
189243,0.0002975709586986117
189244,0.009488873790412461
189245,0.0005111090353491549
189246,0.0005074497733433195
189247,0.0013415293313589283
189248,0.0005729509118691889
189249,0.002995806797520157
189250,0.9978598206248808
189251,0.01377456499887797
189252,0.9878192063373671
189253,0.0009096882175164239
189254,0.00025553872323539717
189255,0.001038791804420467
189256,0.0001557540231889537
189257,0.00022027345433932695
189258,0.0007301225639891451
189259,0.0007202612884230732
189260,0.003891635360651088
189261,0.0002833024447208937
189262,0.0036921446872648636
189263,0.019969900649996538
189264,0.00239125821009576
189265,0.0007312942565405383
189266,0.005054149181534671
189267,0.9948354126635351
189268,0.021651766850898615
189269,0.001138864177606336
189270,0.002058945875043109
189271,0.001980325658820572
189272,0.000571639977011175
189273,0.00029019702037301937
189274,0.20208854940706877
189275,0.002116419887577068
189276,0.00028845517938745353
189277,0.00023729505086277902
189278,0.001359127406835489
189279,0.0004121858765572888
189280,0.00026448044031628586
189281,0.9871403842025533
189282,0.0025187588859576183
189283,0.0013995121675342613
189284,0.0035439341655948415
189285,0.016829875388429217
189286,0.0003050965361593754
189287,0.0005398698837393938
189288,0.00022878094462480873
189289,0.00048778143928854473
189290,0.16858384799884665
189291,0.0022934998403989606
189292,0.00014160531456440672
189293,0.009037893139801583
189294,0.0014142949431146942
189295,0.002182428596100227
189296,0.00019803861261281534
189297,0.27610059681883053
189298,0.0011211090070369343
189299,0.00022067251766510462
189300,0.00034014191096380235
189301,0.0009604494782295307
189302,0.0005729416454861444
189303,0.0002680696817604352
189304,0.0003824059109363074
189305,0.00040746967971377846
189306,0.0007483452438375827
189307,0.0003867398308705883
189308,0.0006874416068348573
189309,0.9959743130046225
189310,0.0001747891168539799
189311,0.9849778764951269
189312,0.007565690007590342
189313,0.0005105621080634121
189314,0.017316590898460257
189315,0.9786623186858708
189316,0.0012102164604451359
189317,0.00021044369232162247
189318,0.986569428439439
189319,0.0011197864657577835
189320,0.0008541616665455102
189321,0.0005530522408506826
189322,0.001435767788201933
189323,0.9807143204707455
189324,0.00045572360804979855
189325,0.0013260304190171853
189326,0.007547220661556678
189327,0.00027221215312618944
189328,0.028054888708853913
189329,0.000421713190807609
189330,0.9945680496817841
189331,0.0005158815419257764
189332,0.0003795820114526761
189333,0.00012190954106005082
189334,0.0008021574127876149
189335,0.006576740387954598
189336,0.0002569012204452146
189337,0.9976256799711777
189338,0.0003056192630365362
189339,0.0002795323475742165
189340,0.0006662314673500642
189341,0.0019507326498242475
189342,0.000646931648641
189343,0.04810017208439554
189344,0.00024512452535948833
189345,0.0002745485484298385
189346,0.0012680974169747535
189347,0.9932517768144011
189348,0.002213032274117151
189349,0.0002889287262475002
189350,0.0007340114758899325
189351,0.0007409898120410602
189352,0.00038862043680995925
189353,0.0004265294489432372
189354,0.00030016241064607246
189355,0.010373635123132337
189356,0.0021920441386384638
189357,0.00013590139844515983
189358,0.0003060899101453344
189359,0.0005244429930497779
189360,0.00021408416401108945
189361,0.0002292964109908429
189362,0.004064986573587247
189363,0.00020480286918989846
189364,0.0005466548931306604
189365,0.0001466058077846299
189366,0.00020351242553962322
189367,0.0007194795637725578
189368,0.000639399644969957
189369,0.00032538079263302167
189370,0.011892394486246662
189371,0.0010881554707706182
189372,0.9954913855395704
189373,0.00033193804043701777
189374,0.00024211392848202536
189375,0.08161972781807805
189376,0.0003254727273686734
189377,0.001955667824093344
189378,0.0003917625595486937
189379,0.00023408989785876318
189380,0.00018665100439564647
189381,0.9949896090889415
189382,0.0009710533398422086
189383,0.0007572912710754549
189384,0.0007194833827595093
189385,0.0010263635861104486
189386,0.000777530130454701
189387,0.9953355191781738
189388,0.00040348746341218705
189389,0.9930431284533556
189390,0.000544575428812786
189391,0.8151530976495109
189392,0.04280625720179903
189393,0.007309137754045448
189394,0.9951298653395483
189395,0.0005592438974565767
189396,0.0003784875051597899
189397,0.006865280968511735
189398,0.0002337199638157759
189399,0.0010074106255639622
189400,0.0005219459396475176
189401,0.00248861965228823
189402,0.002558739470626436
189403,0.0067186648658436494
189404,0.004831769702731027
189405,0.0003575729305323138
189406,0.02653811798088004
189407,0.013991621203345734
189408,0.0005255348385500549
189409,0.008557275710482964
189410,0.00031432540328751076
189411,0.00040938337235649805
189412,0.036166110475770175
189413,0.00046918180329693867
189414,0.0005675927098240894
189415,0.001034365115726636
189416,0.00024684226150580415
189417,0.00032752358225190286
189418,0.011240018228221089
189419,0.0014588424865752212
189420,0.0018723725728448132
189421,0.00041063282187887417
189422,0.04208270410613586
189423,0.0007409874668697855
189424,0.9791041212792484
189425,0.000534195350050504
189426,0.006195831533510857
189427,0.0003103790481682869
189428,0.04143122921793067
189429,0.0017512942035258555
189430,0.0006038184083035008
189431,0.05157662853234388
189432,0.0011474726544970745
189433,0.001990780464076896
189434,0.024252555792016083
189435,0.0003578318345951035
189436,0.0003432908470725711
189437,0.0002367227562249876
189438,0.05009236513480041
189439,0.0011060491345572581
189440,0.0004262174377992061
189441,0.00033715630883172985
189442,0.01738489965290275
189443,0.0005287917503662627
189444,0.006124505120996061
189445,0.003399849493787075
189446,0.00029762502541716006
189447,0.004489315089059096
189448,0.0017949636099678517
189449,0.10620984146214424
189450,0.014477660779036318
189451,0.0004289549693863136
189452,0.0019420508764004993
189453,0.01225985707425028
189454,0.00015752995173720841
189455,0.0003619220388909844
189456,0.013448080801087324
189457,0.0004274313502382787
189458,0.0028525050848462108
189459,0.0006612655439909732
189460,0.0018601625771565557
189461,0.0005388162187957932
189462,0.03369712862198605
189463,0.05265769840927161
189464,0.0002657189251258377
189465,0.0008052923925628755
189466,0.0018289079183805182
189467,0.012146008079062437
189468,0.0003968171725470859
189469,0.00044618214694772454
189470,0.006963078804435624
189471,0.00026908259110386407
189472,0.0031572001817586535
189473,0.002193073508928383
189474,0.9933775187199598
189475,0.0006152422097653745
189476,0.07451009707497726
189477,0.06168583382037516
189478,0.0005544820693686863
189479,0.00967249389828839
189480,0.0006704988342460863
189481,0.0007797460500123469
189482,0.6565655339258467
189483,0.08330691511904029
189484,0.0005911784326629917
189485,0.0010997613439142771
189486,0.0003360179416601288
189487,0.021821180094136736
189488,0.0017923795152778518
189489,0.0007719050617895932
189490,0.00699002305960429
189491,0.9808389232829771
189492,0.21870484659387518
189493,0.27421866143718504
189494,0.0008986283838579291
189495,0.0015538366580081222
189496,0.004045835184311972
189497,0.004877490157693647
189498,0.10954909155437632
189499,0.002438969106359327
189500,0.0009007488844585024
189501,0.0005563922574205008
189502,0.02382414888222659
189503,0.001752049131622877
189504,0.002117581984414067
189505,0.007815564354339768
189506,0.00030323119454796785
189507,0.0006851091491765514
189508,0.0007442430691637152
189509,0.0028535694579895163
189510,0.040750276145080214
189511,0.000296537519697467
189512,0.001672550913364872
189513,0.00019418079047872695
189514,0.00040896943464081647
189515,0.0003835780887156898
189516,0.014065075856356845
189517,0.0011020125547583355
189518,0.014347061850761374
189519,0.00022620908739915852
189520,0.0005566314551508397
189521,0.00843778211775706
189522,0.00025100673066508775
189523,0.17154077559308026
189524,0.006806330625098792
189525,0.0007984191826232208
189526,0.0005239703952628262
189527,0.0013664731839125822
189528,0.9902297222662017
189529,0.0010036763231950243
189530,0.0028013683324298166
189531,0.0002234515650959295
189532,0.0005383265271442296
189533,0.00021964502368200455
189534,0.0010595014869880445
189535,0.001802988968838742
189536,0.008394327056828091
189537,0.0016489260609248604
189538,0.0013869834976530514
189539,0.003504135136400682
189540,0.002137185136802511
189541,0.0007802673655508213
189542,0.00032215598855801645
189543,0.043030950286970245
189544,0.0014361053281840498
189545,0.013810735112219922
189546,0.000729322753429106
189547,0.9925719007663797
189548,0.00025730421352145055
189549,0.5622376836197198
189550,0.011494320188842581
189551,0.19251616723624276
189552,0.0017073582526326808
189553,0.001069195215362997
189554,0.0045084341443550405
189555,0.0029723871506870374
189556,0.00018738333830469129
189557,0.010490219024611046
189558,0.004051962487341455
189559,0.0003816197225314134
189560,0.00018097958561319734
189561,0.00023617826068698922
189562,0.001002482908553901
189563,0.0002816724723810327
189564,0.0007061686958792576
189565,0.01053089810506879
189566,0.9695701050886973
189567,0.00036082478537813664
189568,0.000532236221312908
189569,0.0034459861944892596
189570,0.00038007503867461945
189571,0.00013357390921212887
189572,0.0006335579771662329
189573,0.00017246841976271046
189574,0.0003537956493911153
189575,0.0032413005203045697
189576,0.00024060452000323847
189577,0.0002538654523930764
189578,0.0024335671339563826
189579,0.0013010421655495915
189580,0.00021968409334584548
189581,0.0004868316772000751
189582,0.00010072640111839831
189583,0.013100271951375005
189584,0.22406704744699885
189585,0.04290998546539403
189586,0.0005002991213146998
189587,0.006537882585132247
189588,0.989382071660554
189589,0.0008822554386896438
189590,0.0012900849481279222
189591,0.0027761839281069027
189592,0.0007192402034023796
189593,0.002677007195640894
189594,0.0005934525019538838
189595,0.0005569496839026498
189596,0.00154487155337256
189597,0.0014185872667588789
189598,0.9879291647532705
189599,0.000388698641943618
189600,0.0017722646174290243
189601,0.0003334982453195167
189602,0.000574750677342584
189603,0.00012428655486383582
189604,0.0042075681482894745
189605,0.0014115141320115707
189606,0.014271209299857316
189607,0.002700381480839294
189608,0.000321085298412192
189609,0.0033435668832071195
189610,0.0005231317386294117
189611,0.0041250376984453925
189612,0.002919215113143548
189613,0.009843228577974457
189614,0.0002965891770169298
189615,0.9886463411014818
189616,0.002341723064293385
189617,0.00043728590138827336
189618,0.003609750645206122
189619,0.00014931036470633346
189620,0.0010555321695082688
189621,0.00025961755401605614
189622,0.10295903866237947
189623,0.000572420154526345
189624,0.000279613814542105
189625,0.1798020715445549
189626,0.0019510096015620901
189627,0.008439895877278294
189628,0.0007557871778372182
189629,0.004058439006813495
189630,0.0005560492340439388
189631,0.0002329034299777156
189632,0.0004886080243474093
189633,0.00024297357800561527
189634,0.005400589931433299
189635,0.000466043144199044
189636,0.002365228106631472
189637,0.00021187644024860672
189638,0.0001939245056740007
189639,0.0006056781368603551
189640,0.0006859511154974644
189641,0.0036446536937320157
189642,0.0005398628897320581
189643,0.00041023741264502143
189644,0.10955251484498355
189645,0.003230741887818259
189646,0.0001972639062346144
189647,0.0017562015897582828
189648,0.0009583932049634809
189649,0.9168184101160182
189650,0.000999151806219365
189651,0.00020681900437456298
189652,0.006243579515474099
189653,0.0008494221729389755
189654,0.002043178725116082
189655,0.0323819329685882
189656,0.0008369592976973668
189657,0.0014352101156298639
189658,0.00036669807726199454
189659,0.0001678663198826818
189660,0.0003747802871420033
189661,0.000228100808631583
189662,0.0010371548629237776
189663,0.0003963583438940772
189664,0.0003847888780812177
189665,0.013638413793168358
189666,0.0008064839332240992
189667,0.9275516142716477
189668,0.0008685025005310662
189669,0.0003519484334370392
189670,0.9895830494340402
189671,0.00021462435111926028
189672,0.01819883587200008
189673,0.002397650994044191
189674,0.0014001316565268893
189675,0.0005092215449339568
189676,0.0008911786169786618
189677,0.0011463168352790509
189678,0.005800086754277634
189679,0.0007244665091849713
189680,0.002577729949396908
189681,0.0006469202548043978
189682,0.0009160537819232092
189683,0.0003132248211835482
189684,0.00020127984884481026
189685,0.04720204957623181
189686,0.9955005064877183
189687,0.0009240973564009434
189688,0.000700748231947458
189689,0.0006931679153265363
189690,0.00023477408960238672
189691,0.0009944700101197428
189692,0.00023766177566990503
189693,0.0006158122465329634
189694,0.00024226405026246285
189695,0.0012975758645418932
189696,0.03176018979561017
189697,0.01067587469209063
189698,0.000953963537001841
189699,0.00022632313453621898
189700,0.000370698727074221
189701,0.12845641185196102
189702,0.00033348830924647305
189703,0.9939867416570835
189704,0.004464283974570554
189705,0.0008665783453815051
189706,0.005830198763342955
189707,0.7004400975588893
189708,0.0009743613397517652
189709,0.02236276833518577
189710,0.0003619712154136286
189711,0.00021447072528625748
189712,0.0006139672397133952
189713,0.0012974164654248569
189714,0.00296710114894492
189715,0.0012627276020856619
189716,0.0008323565984656267
189717,0.0020870715959869406
189718,0.0006868018602839098
189719,0.0056095068266341875
189720,0.00024747731482670503
189721,0.0032800588495537223
189722,0.0018764282075767417
189723,0.00043796192941655707
189724,0.00026783964822086617
189725,0.0007693099451954487
189726,0.00012260806826049918
189727,0.004908623051579893
189728,0.00020463690337337877
189729,0.00018926433034435248
189730,0.001083757708115052
189731,0.0003914888841083423
189732,0.015072469028608808
189733,0.0003815436058030802
189734,0.005466113743839226
189735,0.0009678150492655101
189736,0.0008202259309802203
189737,0.0023347088191526233
189738,0.0009084771142338376
189739,0.010738379756431207
189740,0.03540187380520632
189741,0.0005946542505010288
189742,0.0013568081322071527
189743,0.07707090095735492
189744,0.022412097472347674
189745,0.0007905859114570347
189746,0.0033861203762637305
189747,0.0005717175549676532
189748,0.004340283263697165
189749,0.000247006691646221
189750,0.0007876443506981744
189751,0.00016365197148372597
189752,0.015750268556930742
189753,0.05186688423102941
189754,0.00024858244405153996
189755,0.001209929461112019
189756,0.0002324417525086438
189757,0.0001925383858205138
189758,0.0003476546023812287
189759,0.022535808114969157
189760,0.005432181630285766
189761,0.00020098076998108686
189762,0.0003112305774944537
189763,0.0050357700583386214
189764,0.00045048574178785416
189765,0.0004211736293273558
189766,0.237739894324867
189767,0.003358891887031103
189768,0.0002534894884936301
189769,0.00019294700046238093
189770,0.01201648925329727
189771,0.0006343356181724922
189772,0.0012360385706426738
189773,0.0010726045672271361
189774,0.006946127190885442
189775,0.0005555867857322758
189776,0.00023169809944127416
189777,0.012510867786221479
189778,0.00010349092004996522
189779,0.0010220876850158126
189780,0.0019272729124230454
189781,0.009400908779608903
189782,0.0008278578746039191
189783,0.00045769747126418633
189784,0.0024071698257294586
189785,0.0013044502483750746
189786,0.0006506982051875789
189787,0.0068924563523439335
189788,0.0009754456551574919
189789,0.004667632068591224
189790,0.0010905876464593124
189791,0.0011337941078444966
189792,0.00037067723634168415
189793,0.001322207368423113
189794,0.00028384169287367663
189795,0.0003328973355956691
189796,0.006158090030513153
189797,0.04467079725265513
189798,0.0037873658778358192
189799,0.0006954359628943444
189800,0.08867233884574975
189801,0.001141732436605578
189802,0.7898123832410066
189803,0.40976571271197626
189804,0.001024251198442208
189805,0.6226370083098288
189806,0.0560844120694771
189807,0.00015815484665795593
189808,0.33993790858664696
189809,0.015822948736198755
189810,0.0008061285887002769
189811,0.0026171049893079722
189812,0.0006071423523390457
189813,0.0011905451901511586
189814,0.001248695576964217
189815,0.00013552601770943013
189816,0.002213495556583595
189817,0.0007081159764166297
189818,0.01052001872628312
189819,0.005063878349828902
189820,0.00026343475305565066
189821,0.06832615441905822
189822,0.00030294453736280825
189823,0.0006947703078280696
189824,0.010619404845945875
189825,0.005979461072188571
189826,0.0005063358344818988
189827,0.00013812988215486797
189828,0.0009705455712402839
189829,0.0028284660692951815
189830,0.01832124417576431
189831,0.00046139238611926577
189832,0.0003474606618440958
189833,0.0008906952797614897
189834,0.006480245071336548
189835,0.00031094368566072215
189836,0.0002935446908751166
189837,0.00037713622968979396
189838,0.0009239605779843605
189839,0.02334274032819538
189840,0.028683506024145104
189841,0.011861819691005018
189842,0.000809572982547118
189843,0.00016363292085136628
189844,0.00014060236386009218
189845,0.000372327767986826
189846,0.0002286754108322293
189847,0.08439975219659707
189848,0.0005078729157286778
189849,0.0013161138955878648
189850,0.0008393704822281285
189851,0.0007387445873706705
189852,0.0003980077414102121
189853,0.01171339596700646
189854,0.0002296499931636432
189855,0.9926318094970242
189856,0.0008004272234133154
189857,0.00021278060630886084
189858,0.0023451508752775595
189859,0.008788383435108892
189860,0.0010470780867038133
189861,0.5098808380820743
189862,0.9874827346442673
189863,0.001273690914832771
189864,0.5111505041301854
189865,0.004433146754653658
189866,0.09262241400586992
189867,0.0005061150895536555
189868,0.000573024117513573
189869,0.00028648190267281816
189870,0.0004485920394586206
189871,0.0003844054661629398
189872,0.007652031938683896
189873,0.007327829511603998
189874,0.0026148322519825252
189875,0.00019493799047590323
189876,0.00019569629729728472
189877,0.00021051587238064126
189878,0.00024098189794869487
189879,0.031291669480018054
189880,0.014249624087206121
189881,0.0006340488981123549
189882,0.0002839968970246017
189883,0.005992203961479484
189884,0.0009570275535892486
189885,0.004873723908716499
189886,0.06402192637931844
189887,0.010854064525502614
189888,0.009674661858409142
189889,0.00019545335354094538
189890,0.00933533432085642
189891,0.04550016588259164
189892,0.00014065767192768768
189893,0.0023334193817102634
189894,0.0011521436270251636
189895,0.0015692345720429409
189896,0.0006365824962408618
189897,0.002095485891436792
189898,0.0004193694325443248
189899,0.0005172717062555762
189900,0.9920036205930681
189901,0.011528334198272615
189902,0.0006714184483325608
189903,0.00035556688906247314
189904,0.0007294568899092217
189905,0.0004239885464097772
189906,0.9887535713278811
189907,0.0031336056300562795
189908,0.0035374981754921577
189909,0.01909665698921267
189910,0.00029422279672754577
189911,0.0036219134657893403
189912,0.0011248155345608885
189913,0.9960308914013769
189914,0.0009347015851151249
189915,0.009024291868402859
189916,0.009045763113220227
189917,0.03522031031988189
189918,0.0002761017087742539
189919,0.006896657674832984
189920,0.006385335722586955
189921,0.016745596297104846
189922,0.00027404955919613276
189923,0.0002192569057220364
189924,0.0002338778807390971
189925,0.005631078207643146
189926,0.0007177391032644938
189927,0.0005226561970241793
189928,0.0004455018238357224
189929,0.017454541823147682
189930,0.02872473726776963
189931,0.00011214835927851153
189932,0.001097083827253337
189933,0.0006386235114001822
189934,0.07469736458535281
189935,0.0004304308552416624
189936,0.0008782224795207329
189937,0.00031083381974122786
189938,0.0013424435998647746
189939,0.8795439435016515
189940,0.00033641181934895186
189941,0.03941583015827029
189942,0.009095836079327325
189943,0.001618832388148936
189944,0.00026809979672937886
189945,0.0004290588410175774
189946,0.0034201844592108917
189947,0.00030478680728628234
189948,0.0002761379272211581
189949,0.002403397413949533
189950,0.02875851080211714
189951,0.0185567249277851
189952,0.02059140584216837
189953,0.0020822216764254248
189954,0.924032905839316
189955,0.00036890497635179176
189956,0.994142088258351
189957,0.003020149949472251
189958,0.02339048699535861
189959,0.20679783072006258
189960,0.0009529861522352665
189961,0.007281315861758454
189962,0.11518931865610951
189963,0.02271123423615724
189964,0.0015560254618131432
189965,0.024892577249867886
189966,0.0018472102215361897
189967,0.00019164645808148327
189968,0.022895846461349942
189969,0.000699425655340403
189970,0.07279538257259287
189971,0.0009582580594488199
189972,0.0006756232795790112
189973,0.018627543071904343
189974,0.000985318064626793
189975,0.0002689839617575803
189976,0.9383050465907455
189977,0.9888869950797576
189978,0.0020289621409997384
189979,0.0006926142264052628
189980,0.0002397521563223365
189981,0.0004989819164011108
189982,0.003920455712271511
189983,0.113935005194934
189984,0.0008875826746116439
189985,0.0004394811354415373
189986,0.000673397019933757
189987,0.0016412604073036308
189988,0.021476432772550035
189989,0.0003652172792607675
189990,0.8029529797553101
189991,0.021115846995191725
189992,0.132110170785122
189993,0.00925642878272707
189994,0.000758456003052611
189995,0.988330579201701
189996,0.0009757976650316697
189997,0.0009116969863003222
189998,0.0006096691937120295
189999,0.0017409268490076182
190000,0.00304297921275917
190001,0.0005284229577155293
190002,0.0006374554935660456
190003,0.0015032934207689697
190004,0.07724122973097981
190005,0.002164055478171808
190006,0.0020888818889145933
190007,0.004208171833768129
190008,0.0008030050235233992
190009,0.00020583590264934874
190010,0.000342481253111693
190011,0.0009167090153136597
190012,0.0014208561794744024
190013,0.0014306279281386153
190014,0.0009233187787589964
190015,0.0005652838100972871
190016,0.0007949105467822898
190017,0.013723357345351902
190018,0.040870941478915804
190019,0.00038390288566828457
190020,0.00015132640196005546
190021,0.0005554350034515408
190022,0.005718244650440574
190023,0.06437991519285945
190024,0.009640146033442298
190025,0.9841767018026204
190026,0.002596412892639012
190027,0.0005028373771053574
190028,0.0002480442577955755
190029,0.00041893544371891946
190030,0.001158351142786106
190031,0.9773522908025246
190032,0.012812881725665533
190033,0.000507134615905352
190034,0.00023077158153830596
190035,0.010053163891090212
190036,0.8725413449450652
190037,0.0004391114134250331
190038,0.04533491597182978
190039,0.04298480995568019
190040,0.00020426256587689588
190041,0.0003512563064077665
190042,0.0003762948241167938
190043,0.0049410846314695365
190044,0.003904568488959393
190045,0.9945163684650424
190046,0.005270642095582509
190047,0.0012686600413861593
190048,0.009049177201338566
190049,0.00019166406381444694
190050,0.0003421453745443097
190051,0.0068390465762034475
190052,0.003947389050685023
190053,0.0005816983252753938
190054,0.0029555255682614553
190055,0.006270956730964271
190056,0.00028590416564197764
190057,0.0008136733185575548
190058,0.9948005579086981
190059,0.5285364658377442
190060,0.0003711816026593876
190061,0.0001288039217241092
190062,0.00206961813378893
190063,0.0010796833036702059
190064,0.002205153836341195
190065,0.029045871833211636
190066,0.00034772025445311584
190067,0.0007582467419055085
190068,0.000671477601840459
190069,0.004700485721454305
190070,0.00014906860947958833
190071,0.00036655875716808567
190072,0.00025784036113197297
190073,0.0031822120760594936
190074,0.0008943858333865888
190075,0.0005273382571799037
190076,0.0007634771564982676
190077,0.00021848799955607204
190078,0.03647429107092572
190079,0.058726275978286176
190080,0.0013513892626234013
190081,0.000642110852310911
190082,0.0012829118965147718
190083,0.0006307073753671909
190084,0.00016776895785339913
190085,0.012891804477573243
190086,0.0005973121495782211
190087,0.0006558190738598594
190088,0.00031038810360379274
190089,0.0005856498245895443
190090,0.0003913889291864709
190091,0.0017458787662081342
190092,0.005924705103408835
190093,0.001888773694247746
190094,0.1853780605101171
190095,0.00022252026829058588
190096,0.9745111730664814
190097,0.006423635630486654
190098,0.001335379177246934
190099,0.08853554663431493
190100,0.00301758587654687
190101,0.00016034376654180984
190102,0.9866596003373939
190103,0.9780334119019692
190104,0.03469479674263507
190105,0.00021784761633932467
190106,0.004218045305775336
190107,0.0008037139764246072
190108,0.00023569156600777478
190109,0.03850148916890632
190110,0.0023627738279527583
190111,0.00011690878927304168
190112,0.0017995237084720977
190113,0.156283438123088
190114,0.0006677386097653441
190115,0.0003492126662037509
190116,0.00014476168703903924
190117,0.003146968082181374
190118,0.001519298323812894
190119,0.0003845450720401126
190120,0.006935748734325109
190121,0.9803221933108863
190122,0.030962467950935005
190123,0.00024410664968636274
190124,0.001227223213879765
190125,0.0004934718407613399
190126,0.994647026104803
190127,0.9848612403194574
190128,0.0003300705538547507
190129,0.007186933821391329
190130,0.014681638961459452
190131,0.0010791031384238569
190132,0.0027243148623963855
190133,0.0014031490771208646
190134,0.0001427939774667331
190135,0.0003495843093078701
190136,0.0011391339856001992
190137,0.9929844947818738
190138,0.0002481536460426199
190139,0.0010756902964552011
190140,0.0059751327177796805
190141,0.0006079249521235434
190142,0.0004564839843175975
190143,0.00046121275155841025
190144,0.0015676592905772765
190145,0.021250839620219467
190146,0.0021602173791442324
190147,0.00016707212776045048
190148,0.028121017915964188
190149,0.00024049395125441865
190150,0.011090152768605845
190151,0.0004961270412277922
190152,0.0017497776910524456
190153,0.001895837938667081
190154,0.9199067009716131
190155,0.0034939197736234364
190156,0.9932089972026324
190157,0.0015449249309418332
190158,0.9876381000313277
190159,0.0011837769149606729
190160,0.9884088680794271
190161,0.00024138410057976251
190162,0.00015537295536358455
190163,0.0004746557873818324
190164,0.0006377658694919936
190165,0.002897339390218028
190166,0.0003739442669414732
190167,0.0017291434183840054
190168,0.0005183603422099194
190169,0.9917548113267814
190170,0.0012962017225280073
190171,0.05939298787421667
190172,0.00020120307843157697
190173,0.000829471451333379
190174,0.03412673967925536
190175,0.0013601951935768052
190176,0.00041817225402143824
190177,0.7708337697816467
190178,0.0021294974408420917
190179,0.0006476769979089994
190180,0.023306383343240023
190181,0.0008412025180828254
190182,0.026695217184094552
190183,0.0002785348896596962
190184,0.0005309459722853468
190185,0.0003756450958060945
190186,0.00030263257354361896
190187,0.0004239802753138447
190188,0.001924506507538947
190189,0.11055811830925637
190190,0.0002446701569151695
190191,0.9911686328924164
190192,0.012780722633998029
190193,0.0009294761144593385
190194,0.9849741434925213
190195,0.001568343424488886
190196,0.0017300500664298364
190197,0.9905007887401825
190198,0.001954307010733584
190199,0.0013102612314789723
190200,0.003183549592299017
190201,0.00030932130051732255
190202,0.0002946257370055697
190203,0.00039170316229380375
190204,0.006924782197104406
190205,0.0017433965027506223
190206,0.3796353230772028
190207,0.00045591177106398694
190208,0.0002593674479298367
190209,0.008605355321677166
190210,0.0032435062999196726
190211,0.0005668031017844332
190212,0.0004422999606977271
190213,0.0011299238139597628
190214,0.0005867722492272305
190215,0.003423626490995882
190216,0.00021447686847403407
190217,0.00015126942878171352
190218,0.0033339939947006833
190219,0.00031768750618352276
190220,0.061959931711219766
190221,0.0016062814592710348
190222,0.0004007461576025694
190223,0.0003632661224960122
190224,0.0003875575370857141
190225,0.0004604458109114063
190226,0.0007100422171551123
190227,0.003482793485005427
190228,0.0009844634537039861
190229,0.00023997440951109415
190230,0.9877186637463523
190231,0.00022863941231172804
190232,0.0025785250871497435
190233,0.9671807531386538
190234,0.000726990640985347
190235,0.0009438629806315089
190236,0.000396901207203866
190237,0.0012265740977737598
190238,0.00028360891367090356
190239,0.000815467098354941
190240,0.0007300146224338978
190241,0.0004596763246647468
190242,0.5632626164005675
190243,0.00014118626405065744
190244,0.005669327406061815
190245,0.0006065449396407647
190246,0.0007739853499770124
190247,0.002340242924134076
190248,0.004832126880407357
190249,0.001044822089684032
190250,0.0004272510545076342
190251,0.0011879582302054862
190252,0.00013390408049142907
190253,0.00015631496190401662
190254,0.00027050094289815725
190255,0.02211944626173642
190256,0.00045555828717304436
190257,0.9775727592247307
190258,0.00023329171757839379
190259,0.0005288426942970144
190260,0.006382832905685473
190261,0.030703067982526158
190262,0.0011430795935449601
190263,0.36678570075127426
190264,0.9082138372124013
190265,0.004762866204079429
190266,0.00029967660646772486
190267,0.013319756131552967
190268,0.02793617729397087
190269,0.026373238308767304
190270,0.000424640184027449
190271,0.0003359357888773526
190272,0.0005716015688546736
190273,0.01494816459951073
190274,0.0017592214542579375
190275,0.0003627149258543522
190276,0.0006049092781998342
190277,0.0002903337074025294
190278,0.0002489922404553874
190279,0.994917402866988
190280,0.0012713610664441138
190281,0.005844624716969565
190282,0.002481566912035576
190283,0.010116421287230962
190284,0.0001864420602041554
190285,0.005915315565549019
190286,0.008293062932656414
190287,0.0004931405965160675
190288,0.0005745059710487178
190289,0.002939847203867643
190290,0.0025648853830144286
190291,0.00415595158619773
190292,0.00027867414697745985
190293,0.0017981711710380508
190294,0.0003547566030231491
190295,0.07484043384955583
190296,0.0006915892361234349
190297,0.000584420918445437
190298,0.0009899072131826516
190299,0.007599222661275166
190300,0.026581210355478946
190301,0.979332239964266
190302,0.0016546905592889419
190303,0.0018934958392681025
190304,0.039753377503672534
190305,0.0004590018581834223
190306,0.0009564079991899821
190307,0.054501657710680204
190308,0.002169409205924268
190309,0.0018639650358444216
190310,0.006272818980246889
190311,0.0005578095773785464
190312,0.0002474962439944909
190313,0.997651557770112
190314,0.5355031143428943
190315,0.002816176790124348
190316,0.002550235082006182
190317,0.0005650544970576891
190318,0.011626958920097049
190319,0.9870616047989611
190320,0.8293976349428691
190321,0.000766169339265886
190322,0.0008070151081641866
190323,0.012607295372024992
190324,0.00041748718196347936
190325,0.000604729916276805
190326,0.0004876384716934069
190327,0.021471236981884235
190328,0.0004826982388281827
190329,0.0003491460466284976
190330,0.15808760729814667
190331,0.00113752126743939
190332,0.0010318880815468553
190333,0.00036321269813796586
190334,0.03624292928045116
190335,0.0011892632691823236
190336,0.0007750278148563466
190337,0.008326405583903233
190338,0.0004066357422997287
190339,0.0006932406419325673
190340,0.0008326039791149392
190341,0.0006735267114267862
190342,0.012151231761273862
190343,0.022622719326578156
190344,0.024731397893891383
190345,0.0012797841748355763
190346,0.0012196320725265258
190347,0.017190985664704193
190348,0.00036643167990462226
190349,0.0009522705030372672
190350,0.008096660562984984
190351,0.001166354809111027
190352,0.0008420511131637611
190353,0.0006021666780675423
190354,0.004543265227271927
190355,0.0002717595493379204
190356,0.009306752615655797
190357,0.0007678167958573835
190358,0.0005076158136543615
190359,0.002086422627665406
190360,0.000677649845459907
190361,0.9934141621859844
190362,0.012115897761970074
190363,0.0002939673258264863
190364,0.0026758260783852476
190365,0.9954088781294492
190366,0.0001655804324354545
190367,0.002498398057604007
190368,0.9181408562829291
190369,0.00035041825717592684
190370,0.0003140393485525449
190371,0.007947825113401244
190372,0.0002676249872735677
190373,0.00025536155383893994
190374,0.0009501309139105559
190375,0.9915241968578564
190376,0.0002993036314494884
190377,0.03967722619834513
190378,0.00014432190873237756
190379,0.8870109618874431
190380,0.0006909611793247418
190381,0.02547319896009096
190382,0.0009656088372603423
190383,0.9922461627242704
190384,0.0008071898422102756
190385,0.00013648009663569475
190386,0.9795870672426668
190387,0.025085441646378766
190388,0.001555468757541636
190389,0.00035953014056066065
190390,0.006410072396213881
190391,0.007666397180075626
190392,0.0033216442932487308
190393,0.0008388710056900535
190394,0.001694639072607996
190395,0.0003367093131032903
190396,0.004298897786424445
190397,0.00020003622210930743
190398,0.000298613250283493
190399,0.007157296137216135
190400,0.00022948857906510565
190401,0.0014986468158839446
190402,0.0002557331597890006
190403,0.0025764937556286044
190404,0.8147155799431943
190405,0.0004053773937677642
190406,0.0006220358780297904
190407,0.00031896224752637245
190408,0.0003580064098569842
190409,0.011798796402878597
190410,0.00023462935120498434
190411,0.0011892885637586343
190412,0.015742682268628374
190413,0.007975636005864178
190414,0.0003084485824337146
190415,0.05382710506225174
190416,0.0006092387267047475
190417,0.005078576746872644
190418,0.000633194288381665
190419,0.0019466330832392635
190420,0.9830246560531003
190421,0.0010501079691127898
190422,0.019512332913137736
190423,0.9969512647688846
190424,0.0005494234737983968
190425,0.00071520628576288
190426,0.004310837410289361
190427,0.00026532158862150224
190428,0.00031506571549652054
190429,0.0004118558624573225
190430,0.04310780418426529
190431,0.0001540535541546807
190432,0.0007442325448178463
190433,0.0014248276793505344
190434,0.0002332324066965319
190435,0.31930265381696715
190436,0.9904119882666084
190437,0.0005531623779753067
190438,0.8706229160445557
190439,0.0031242068220204843
190440,0.00035083474941096
190441,0.00032064292563651177
190442,0.00023426797572503416
190443,0.007611658132935829
190444,0.0013061992434094628
190445,0.008239061687218805
190446,0.0004160041725358909
190447,0.0003198167636923895
190448,0.0019280774986035615
190449,0.0010197988078375565
190450,0.02628086099098805
190451,0.006909295340787435
190452,0.005466275659992224
190453,0.0015167033597434162
190454,0.0004898977262572281
190455,0.003047999745965105
190456,0.00022182076089341353
190457,0.00040528175615014636
190458,0.9739302025868177
190459,0.0020281139717515683
190460,0.00017109722442361925
190461,0.9888870025389191
190462,0.00019351987993205857
190463,0.001849799458555582
190464,0.9931895083503408
190465,0.0008656853240006327
190466,0.0009203616487607163
190467,0.0028320451128708915
190468,0.008604945757689605
190469,0.9930304696065537
190470,0.003999245570318746
190471,0.9918513178852184
190472,0.00044059028105716987
190473,0.00021432036645311307
190474,0.0001976366950896006
190475,0.0016303025672628772
190476,0.057553585614765805
190477,0.0004883041809815385
190478,0.00041718393625582434
190479,0.04000290889126987
190480,0.0008303004481568394
190481,0.0005416699875962793
190482,0.0005606519373795843
190483,0.0016349407613013766
190484,0.9942544965854915
190485,0.020203802591172357
190486,0.000565562058511308
190487,0.014857327132843337
190488,0.00026153126876046247
190489,0.00034578290127583965
190490,0.00011323217134733223
190491,0.007728477039149552
190492,0.0003695696747392094
190493,0.00041942252231197993
190494,0.0002637970680434036
190495,0.004712405619127117
190496,0.24344813608781876
190497,0.0001791626524395196
190498,0.000581467105858188
190499,0.0020816978505068104
190500,0.001311801809002494
190501,0.0014817974779382937
190502,0.00048212030591145594
190503,0.03603094757690963
190504,0.07357295144241278
190505,0.00044881125729611087
190506,0.0002599117231560309
190507,0.11033073092613399
190508,0.0007764285268362154
190509,0.007543434552186415
190510,0.006185016592973709
190511,0.0009196360305961325
190512,0.978490175482902
190513,0.0004716744942882028
190514,0.0002447448225216298
190515,0.9927443438675218
190516,0.00018299148425786314
190517,0.000768723783719606
190518,0.003506014687111358
190519,0.9914467659278464
190520,0.0004115987945496208
190521,0.0007030759500011385
190522,0.004694894267563059
190523,0.0020645751399201683
190524,0.00029148029453825457
190525,0.0003360238482710911
190526,0.0006794024275185378
190527,0.03039690926815371
190528,0.000282254446782487
190529,0.2420415928929919
190530,0.004635787319193864
190531,0.000818953744155827
190532,0.002962693503932663
190533,0.0871560913821769
190534,0.00043944699394664273
190535,0.00013674108281882765
190536,0.09102006002078948
190537,0.00017326999942351442
190538,0.000909745883009353
190539,0.0005459701818288598
190540,0.000363248442711304
190541,0.0006446400133990472
190542,0.0009012910284129347
190543,0.9938300980369237
190544,0.026578082340676414
190545,0.0005091499301329477
190546,0.006523222259511415
190547,0.0016976829562520529
190548,0.00027077823328342036
190549,0.005208414362201856
190550,0.00020890858425365677
190551,0.003443007617741998
190552,0.0022107524585573504
190553,0.0007273682039949131
190554,0.00022160676030911198
190555,0.0003157042630826712
190556,0.0009161533327841587
190557,0.0008109966756397265
190558,0.001066918301090831
190559,0.0017933845597018837
190560,0.00038356652313936126
190561,0.0019732997533107996
190562,0.001889647501193949
190563,0.001404303576694036
190564,0.07751640930500478
190565,0.006350633403604422
190566,0.9913993339554984
190567,0.0009973909725840464
190568,0.004848722282774457
190569,0.8906894272956323
190570,0.0025648979343879845
190571,0.0031518574365228206
190572,0.11602495320027144
190573,0.041790115259870635
190574,0.00017884134680990616
190575,0.9838992193428866
190576,0.0002345272152473076
190577,0.001014673992628192
190578,0.0007288185050451377
190579,0.08059972490043772
190580,0.001389225611255003
190581,0.001375797899456853
190582,0.07278107020351662
190583,0.021052581020627615
190584,0.023491562973371526
190585,0.992859421411641
190586,0.0014302470709282068
190587,0.011365623196067895
190588,0.991258328632988
190589,0.9978474707737787
190590,0.0003697788010904375
190591,0.0030991586839966504
190592,0.0017464704057750702
190593,0.00028172240532012846
190594,0.00229558368064519
190595,0.0010545986696976358
190596,0.00030130744895828706
190597,0.9926700030528304
190598,0.0007279487437434184
190599,0.0013272000345661403
190600,0.0003694090917213462
190601,0.004407872767474936
190602,0.0012980314753137886
190603,0.0013251652246379468
190604,0.004946475518627924
190605,0.0007910880748346373
190606,0.00023590290294057294
190607,0.0022805049389326092
190608,0.00031612140561457794
190609,0.0014293010682057898
190610,0.038166030599269436
190611,0.0036690310742095176
190612,0.002194464245243374
190613,0.002185946405743785
190614,0.058220945356126194
190615,0.0031830109201499263
190616,0.013204524807278142
190617,0.8649438960404288
190618,0.0015686881472542406
190619,0.0006882061031003504
190620,0.0002080847038798509
190621,0.0005110378195153341
190622,0.008740614075042449
190623,0.0009954687612602057
190624,0.0011925931880197745
190625,0.0005910502553653087
190626,0.0007966436678625399
190627,0.9864142336022557
190628,0.0011342762655942374
190629,0.008025933844128837
190630,0.006056326605114099
190631,0.04520413138531904
190632,0.004402372534891921
190633,0.009097800429344882
190634,0.004697296716719237
190635,0.9836563837282549
190636,0.9757881201785019
190637,0.00123243440809069
190638,0.00015170845754938384
190639,0.0004092398326231679
190640,0.057087696213320896
190641,0.0008673275776952136
190642,0.01661660210093543
190643,0.9921959111601473
190644,0.0006515659454994102
190645,0.006177609519562113
190646,0.003278455451253424
190647,0.9924229670009508
190648,0.0004231619936643892
190649,0.008168808300113344
190650,0.0005697169479183873
190651,0.0030579361242857143
190652,0.00034626471284496
190653,0.00023298209091043138
190654,0.00043904603011550087
190655,0.9834986921805983
190656,0.00343920391461037
190657,0.0014049182335268658
190658,0.9778243379346625
190659,0.0005595916677822408
190660,0.007971723806179578
190661,0.00013210687264024245
190662,0.0007351231866360594
190663,0.04178814344652349
190664,0.00017814730477843304
190665,0.01908327556578142
190666,0.03464627110796537
190667,0.0007900615195630279
190668,0.0007382665600434704
190669,0.00040252813708827333
190670,0.006926519881994456
190671,0.00393298037996484
190672,0.9846916976963602
190673,0.00045705993058567097
190674,0.00024376421414420404
190675,0.9837344379823519
190676,0.000239141909701272
190677,0.08002084442898422
190678,0.37294950358634654
190679,0.0010163079681282565
190680,0.0021342298240376624
190681,0.0005637758939965133
190682,0.003193929475687127
190683,0.0009818857045106179
190684,0.0002328506781139609
190685,0.9613817815642584
190686,0.32579281010431127
190687,0.0005607249793311457
190688,0.00022863282915477738
190689,0.10396729782510628
190690,0.008391516934595215
190691,0.0023549571845240458
190692,0.0006233200937362868
190693,0.00038424041163618856
190694,0.005401464518418625
190695,0.022557927411086115
190696,0.0014149256069965704
190697,0.00859715463140334
190698,0.9634469096085644
190699,0.00022421718141774893
190700,0.002035524359857949
190701,0.020702265826002014
190702,0.0004879658202030101
190703,0.00552841400206932
190704,0.010714604492809959
190705,0.00031090340073106364
190706,0.001701591281481669
190707,0.009660360374307743
190708,0.006417263260151719
190709,0.0009621997591037692
190710,0.0016485882568976918
190711,0.0001661471359343924
190712,0.0007936343837953486
190713,0.00397904233029274
190714,0.0059632383316066875
190715,0.000198256053456004
190716,0.000316413657366991
190717,0.2577900275300557
190718,0.0003979309411613616
190719,0.8912398767500679
190720,0.021043580429499532
190721,0.00016392251447375523
190722,0.0002594936191356581
190723,0.0004176594627436888
190724,0.00044987096533148646
190725,0.0008473944160517767
190726,0.003861979855292887
190727,0.00042715948305087223
190728,0.0007046090339017032
190729,0.00027801728624285616
190730,0.0010584908692383903
190731,0.00026476759165737496
190732,0.006212920104387644
190733,0.989751811729746
190734,0.0028434606530107855
190735,0.0020106081856225482
190736,0.013594555181235988
190737,0.0002041447227932352
190738,0.00046370345606890897
190739,0.002198040430036359
190740,0.0005671102003752183
190741,0.000763367011047657
190742,0.000514473044552558
190743,0.013775386329824441
190744,0.00590649139863326
190745,0.0003871737992834593
190746,0.003335593793678578
190747,0.0002391540678926673
190748,0.00027579053766051766
190749,0.0024874604386914047
190750,0.0027485929432947633
190751,0.021129300048772108
190752,0.9212047265258804
190753,0.0005843222560087829
190754,0.00412763585004066
190755,0.0008922731312558366
190756,0.00038811462180671013
190757,0.00035330528785797703
190758,0.0015774374317854105
190759,0.0012631173178537438
190760,0.028962777569367115
190761,0.00029372879263339164
190762,0.0020696079144621863
190763,0.0002817347983749459
190764,0.000263385016264129
190765,0.00033810685038572345
190766,0.000673312902499569
190767,0.0004350035188339946
190768,0.0009201463152089132
190769,0.00045905030264123436
190770,0.13235558106696899
190771,0.00019597651690078844
190772,0.0006177048240090391
190773,0.0013921131334498963
190774,0.00018069054566673893
190775,0.025928965297038427
190776,0.004008046287378482
190777,0.0019730463861123227
190778,0.034627684878849575
190779,0.0002457112044048795
190780,0.0051186117456387195
190781,0.0031129451031931613
190782,0.00038140133022054786
190783,0.8488271190251612
190784,0.006823927153913934
190785,0.013876235635236546
190786,0.001560097309694382
190787,0.0019418476827441182
190788,0.0014511938236042212
190789,0.0007140671354017699
190790,0.0007170799134100261
190791,0.0015667785569933956
190792,0.0005074326730124208
190793,0.001386556878055573
190794,0.0012537128712542674
190795,0.0035246178295884173
190796,0.0011569012890865578
190797,0.11168179268902251
190798,0.9950961587640637
190799,0.00021873958718920532
190800,0.003992598655864373
190801,0.0004047838917183675
190802,0.0005246528811542185
190803,0.0003373923995093676
190804,0.00024795782149787335
190805,0.0004594297070928162
190806,0.8013618722831554
190807,0.0007770784007568663
190808,0.013262751580625448
190809,0.0005304359015960563
190810,0.0013442840648938096
190811,0.001198547127754052
190812,0.01113970027407846
190813,0.00460143215108056
190814,0.0006714946623267782
190815,0.0033491612172265456
190816,0.00021194507996007562
190817,0.004710011741283323
190818,0.0010170045118712452
190819,0.0010160487923942482
190820,0.00028576057331254433
190821,0.004225282442051453
190822,0.00029433612722296125
190823,0.012781618481368011
190824,0.0002886275960435197
190825,0.000501438837392143
190826,0.0003472559428916517
190827,0.0007725579569266247
190828,0.000826060379290747
190829,0.0007771479996584494
190830,0.00022881147165368582
190831,0.0008772783421821873
190832,0.0018287123470199277
190833,0.02882491355789229
190834,0.0011361759960401621
190835,0.9682554393935415
190836,0.005196267153036558
190837,0.0003453752701473785
190838,0.0017966893309149731
190839,0.0027048935335885847
190840,0.0005098720968436567
190841,0.0008479151542495902
190842,0.0004677370395310511
190843,0.001665399980347131
190844,0.09937025411372238
190845,0.0008297049091086766
190846,0.0015340269804193726
190847,0.0005383853998593962
190848,0.009833726194602516
190849,0.0014393040263771851
190850,0.0005969698168438241
190851,0.9923437421328528
190852,0.0634026854701942
190853,0.9829400275574133
190854,0.00044160146647028825
190855,0.012961443614865092
190856,0.0003029661019971554
190857,0.0002680649727215796
190858,0.002174493495684751
190859,0.001393441460634333
190860,0.0026653924171025157
190861,0.9888914418670157
190862,0.0001632205263204515
190863,0.0005579025705688119
190864,0.0010635232276666909
190865,0.002465631899821312
190866,0.0007066463791314158
190867,0.000748655907476195
190868,0.0004680734001665449
190869,0.016369755978195157
190870,0.0002564263775654115
190871,0.0034910483377939244
190872,0.0013671871409799338
190873,0.0011387829464907914
190874,0.0006797856480059984
190875,0.0007859698126954905
190876,0.0007280278733666982
190877,0.2151833855502054
190878,0.00025393442381719655
190879,0.033931547420971195
190880,0.00037299998530570166
190881,0.00022322562719813386
190882,0.000140504951030019
190883,0.00029221429642195025
190884,0.9894775354023488
190885,0.007924481808236815
190886,0.9894732857000722
190887,0.00015518085276357852
190888,0.00022451803334836096
190889,0.0021608154855215843
190890,0.0005286143048830655
190891,0.0005250648345358843
190892,0.0006476711228663667
190893,0.0005558688340963035
190894,0.00346154107302509
190895,0.0011934681104167446
190896,0.00015263034362362796
190897,0.000704869589998185
190898,0.0014623457221434875
190899,0.0004392285098078531
190900,0.00043373349837818
190901,0.0023933767603084508
190902,0.0015224334210015675
190903,0.014836446874469108
190904,0.000720328370557338
190905,0.000868481014874861
190906,0.004608608822711748
190907,0.02668345942522239
190908,0.12889031653017202
190909,0.013140575899307052
190910,0.004277258822231643
190911,0.0010916598906309627
190912,0.0009034615764260042
190913,0.010403794494215413
190914,0.7786963807727603
190915,0.0004145435054409522
190916,0.0004297840284158115
190917,0.0011311398651489887
190918,0.0011942241971092575
190919,0.0005002589898886103
190920,0.017869211227570264
190921,0.0002618508922830732
190922,0.00020696197518254447
190923,0.00029775146731786086
190924,0.015075088741107788
190925,0.0019709447955189602
190926,0.0010404347850949613
190927,0.00036134933865951754
190928,0.001709601695039821
190929,0.0005460606898945642
190930,0.020812026806279214
190931,0.026445110431442338
190932,0.0006056789419335083
190933,0.0011618457845625643
190934,0.002117372429212271
190935,0.0005314603462184898
190936,0.00018091859984262397
190937,0.0009783169913977505
190938,0.00017361864157126763
190939,0.00036544132319892643
190940,0.0006582418118808767
190941,0.1742874939820105
190942,0.9940406089125432
190943,0.0007611786915406929
190944,0.008539194065732097
190945,0.0015995020236565618
190946,0.0003130057829707692
190947,0.00029523694112028646
190948,0.00098198436181831
190949,0.010778241242572265
190950,0.0016938991194447297
190951,0.01463741724275439
190952,0.005382202149079848
190953,0.00040859649503949047
190954,0.0013910610541769614
190955,0.00024574885022946757
190956,0.0009123513295061554
190957,0.0015517732022865204
190958,0.9653072152972965
190959,0.0036826206679589735
190960,0.34037126810012536
190961,0.8701707792335968
190962,0.0020397764003114733
190963,0.0017183835494216314
190964,0.0005589268812487885
190965,0.0004538569522587421
190966,0.0013407412988986182
190967,0.00012592895231232606
190968,0.00030412881953750153
190969,0.0015664420767089488
190970,0.0015690492962475617
190971,0.00015990976806754966
190972,0.0002647138734946814
190973,0.0004487935358936103
190974,0.007089493045182828
190975,0.00027549070321062437
190976,0.0076586732781116825
190977,0.000370140018335811
190978,0.0030277477827544974
190979,0.017603368987157062
190980,0.9859882733250779
190981,0.0005467361389483526
190982,0.015220722449836487
190983,0.00017593497283694472
190984,0.0009196164536369811
190985,0.005892905478388735
190986,0.00036489849346472053
190987,0.0024268234719367777
190988,0.00019015465468173802
190989,0.0057079044551974776
190990,0.0005202925538175953
190991,0.000656765061422593
190992,0.0134449448099242
190993,0.0009781286095222129
190994,0.0014665336675404295
190995,0.00033532327507014814
190996,0.00027651418211006645
190997,0.010463779504322078
190998,0.00012937818801115353
190999,0.0035120957910131914
191000,0.014020422215421402
191001,0.0022276318192851396
191002,0.001523538328059694
191003,0.00732223110210853
191004,0.0003258592964370871
191005,0.05643761517780795
191006,0.006907481436889564
191007,0.0018190923191129765
191008,0.00041713941280032714
191009,0.015758423400029163
191010,0.007567700603964931
191011,0.00023028805617511349
191012,0.0011400407713080187
191013,0.0021827955897737177
191014,0.0018651968021201396
191015,0.00035079509108584063
191016,0.4778161881921966
191017,0.9904243443421298
191018,0.0003946128243101066
191019,0.043729034749354405
191020,0.9567991368364576
191021,0.00035319949215574455
191022,0.27842708658184956
191023,0.04652710568951423
191024,0.0004460614049453459
191025,0.0016402097323177751
191026,0.005169533051106195
191027,0.0022546530268130255
191028,0.0002138608210540234
191029,0.0007890778396904736
191030,0.007774374125317076
191031,0.0006418432062053655
191032,0.0022583452850041255
191033,0.000763182845583639
191034,0.0004540478824500366
191035,0.0012700445592271855
191036,0.0003323651380132482
191037,8.709210852488434e-05
191038,0.9867127408339152
191039,0.0002936643228019982
191040,0.0002398801358740294
191041,0.004827141795689361
191042,0.0011898938939385823
191043,0.037265128834391335
191044,0.00943990767610636
191045,0.003562996470625988
191046,0.00023030897775764292
191047,0.0003698637539809059
191048,0.015649151700138392
191049,0.6691019146841649
191050,0.0006321031344001961
191051,0.0011618619670717913
191052,0.0009116965634996941
191053,0.0074519289796362844
191054,0.0005040253737084737
191055,0.9819239994399241
191056,0.0004504208795757393
191057,0.0034321474744776585
191058,0.015927206201806935
191059,0.002291723174623038
191060,0.001958088364436127
191061,0.3536854711556167
191062,0.06817399478159038
191063,0.0003062544172695828
191064,0.003951282887184075
191065,0.4428067657187229
191066,0.0023051522350888078
191067,0.9840207171854746
191068,0.00032261022298280044
191069,0.024001876582034083
191070,0.9932011516297791
191071,0.00208726012720024
191072,0.02096067648404013
191073,0.00015211603834905344
191074,0.01632769426686517
191075,0.012055328110878864
191076,0.051373889706827554
191077,0.004614124478412099
191078,0.0014227999512040524
191079,0.00042448707885524224
191080,0.145550345772472
191081,0.0035043032493332973
191082,0.0005822589127986312
191083,0.0010674538725914558
191084,0.0002380539338585387
191085,0.011795587418042444
191086,0.035633337920119884
191087,0.001339016666201095
191088,0.001497023270229078
191089,0.00015786495548572496
191090,0.0009022492242524639
191091,0.025334896385487478
191092,0.0112939592843597
191093,0.00021077724664835605
191094,0.0017106194363816858
191095,0.0017324150699668966
191096,0.0014720565828109727
191097,0.0003701404195835135
191098,0.00031337191135113335
191099,0.00019160436298853054
191100,0.2582638073251604
191101,0.041898455610042414
191102,0.00029449314553001843
191103,0.0012489960654143302
191104,0.00013390013706590114
191105,0.0004809185716863003
191106,0.0001942965777139208
191107,0.014805129616905666
191108,0.07231857591228746
191109,0.05365745086594611
191110,0.007510158939334705
191111,0.0002718737715375063
191112,0.00038362695411427834
191113,0.0028099169300874697
191114,0.0006731718311186606
191115,0.0009028223633097459
191116,0.03827636824838913
191117,0.002838050422845675
191118,0.001339120414489976
191119,0.0011697698433614932
191120,0.00030501264749527513
191121,0.00031315941385546214
191122,0.00028088520260342826
191123,0.0002512346441841778
191124,0.8652873642801614
191125,0.0001885106154918243
191126,0.021787432098030232
191127,0.00167374047452239
191128,0.047724178675431966
191129,0.9924795902629483
191130,0.0009847361236275047
191131,0.00048206775742457676
191132,0.06596569965466936
191133,0.0013588069223246372
191134,0.0006013922878473253
191135,0.0014249613112181302
191136,0.0055377657732219
191137,0.003649227511898136
191138,0.0037007101004460047
191139,0.00021684235342326203
191140,0.00017382630890637807
191141,0.9696978485422407
191142,0.00010506629619322969
191143,0.0005139319617704541
191144,0.9434040210494419
191145,0.000173699915402524
191146,0.0005198294420699604
191147,0.0007803067338552598
191148,0.011046012756049363
191149,0.0008045637371221913
191150,0.03532634459691511
191151,0.007909733750803656
191152,0.03164085772605875
191153,0.0003704638669915399
191154,0.0009127425500161572
191155,0.028012440317391262
191156,0.0044814226904771074
191157,0.00022120181919188425
191158,0.03810987840099709
191159,0.0025104475518901697
191160,0.004668146641190097
191161,0.0029546840197547373
191162,0.0063942173686410255
191163,0.016828626157788365
191164,0.0010951739534405835
191165,0.0002493804032819272
191166,0.006035873959316201
191167,0.9922287023135475
191168,0.00431189996995369
191169,0.001678146368631647
191170,0.0013340558195353285
191171,0.0008521528249554955
191172,0.9886775965278195
191173,0.00770682997188176
191174,0.8665877018130466
191175,0.0006073075553389074
191176,0.00046020124103689854
191177,0.9821694656034377
191178,0.0048728806120295
191179,0.9919852136397365
191180,0.004439763126065722
191181,0.0002813765177413343
191182,0.000853264199602458
191183,0.9911905598276417
191184,0.027396530888376135
191185,0.0071404248000098884
191186,0.000924230063174228
191187,0.0003116826275857878
191188,0.000461288830161008
191189,0.000326539355587051
191190,0.0002578889659977858
191191,0.007622561729980764
191192,0.0009033927554285096
191193,0.9830335254929036
191194,0.00022196057460179144
191195,0.00026415001182711437
191196,0.0014257418126733378
191197,0.0038238727544242478
191198,0.011407742831605366
191199,0.004809219501092527
191200,0.6462886752205469
191201,0.0004442152564062683
191202,0.29318162921127183
191203,0.0007685159810929378
191204,0.0026834507612671474
191205,0.0010765373403702008
191206,0.01950388107761266
191207,0.00828055993031598
191208,0.0004104343642864152
191209,0.013557218205203767
191210,0.9893415267385209
191211,0.00023992551875418101
191212,0.0002594994086799557
191213,0.00031746277733852836
191214,0.003584693954445823
191215,0.003022171394698244
191216,0.9920550404404481
191217,0.06434395924763857
191218,0.9800536218562378
191219,0.0002407131976012153
191220,0.0004599266090276018
191221,0.001701372686493969
191222,0.40996976209990876
191223,0.0006519917432345247
191224,0.00015128493053669065
191225,0.0005506269380248661
191226,0.011159686127519578
191227,0.00016914083774378054
191228,0.0005236696538551821
191229,0.0008140439157943983
191230,0.006445815724410426
191231,0.001989574416261865
191232,0.0014327115042927117
191233,0.002892344902553859
191234,0.0002938652113424816
191235,0.0010515655294816185
191236,0.0013231165899917996
191237,0.004610337080739744
191238,0.003316210292482337
191239,0.9661006415711159
191240,0.0013793819721311818
191241,0.8687068483028572
191242,0.0034649238707763616
191243,0.0018693103501263072
191244,0.0013744201896014668
191245,0.0009563268678997939
191246,0.48267175759662806
191247,0.008596133899758903
191248,0.001481092810966217
191249,0.0003276856052867508
191250,0.00016041647919664176
191251,0.0510546789236219
191252,0.9213281186043842
191253,0.0007019975777463026
191254,0.0009811981859169207
191255,0.007905521865484863
191256,0.10169306332004238
191257,0.01780324564064615
191258,0.0002762477478739665
191259,0.00090317294985143
191260,0.00021217164388942855
191261,0.005000365514272311
191262,0.008931088924790859
191263,0.0008378547288328616
191264,0.0015085096532697205
191265,0.001802927175382017
191266,0.08507798162664655
191267,0.0016178585423792502
191268,0.00044987838979365847
191269,0.000212451100995251
191270,0.0014337323203369088
191271,0.0004434268610823765
191272,0.9062473897458071
191273,0.0055818710435264
191274,0.6698986905049344
191275,0.00027456907512395665
191276,0.0004801818232650293
191277,0.022272553992014277
191278,0.00037951595311058175
191279,0.0032487973967076996
191280,0.0007640617018589318
191281,0.0005954380598833198
191282,0.0019154063353749493
191283,0.015860247932881273
191284,0.0002212725969754461
191285,0.9868477338299247
191286,0.00045636393684378516
191287,0.06678597164981057
191288,0.004951184168854926
191289,0.0003951567634604862
191290,0.0021243558132936747
191291,0.04603421579712757
191292,0.007661166570805087
191293,0.00011979962450657288
191294,0.010919042062593217
191295,0.00020506549232102432
191296,0.8769033937720069
191297,0.7344769679534373
191298,0.0016986705257798175
191299,0.008732914885247505
191300,0.8703496683488439
191301,0.0004932742063241132
191302,0.00017045281087254026
191303,0.001497145787723118
191304,0.0032313727326076826
191305,0.00040957253511590333
191306,0.010986875114718336
191307,0.008330728692247097
191308,0.0005980535257074061
191309,0.0011726177230692812
191310,0.9927350436380329
191311,0.0011860225204215172
191312,0.9860689416859584
191313,0.00025662996246799053
191314,0.0016535152232870541
191315,0.0007122801979673253
191316,0.9823610766235336
191317,0.0004719174472362889
191318,0.00033697121965278775
191319,0.0004490524962367971
191320,0.00022120401222903402
191321,0.0009879648046163738
191322,0.0005263190341900231
191323,0.0009494967094162732
191324,0.0019450629278271654
191325,0.0005886648056563535
191326,0.0004357950542319404
191327,0.009061639996454228
191328,0.033964551917470984
191329,0.00020076383318604215
191330,0.0008663427026848894
191331,0.9871141856523544
191332,0.0636494316539898
191333,0.008920452596514625
191334,0.0028439081084383755
191335,0.00015288728956100727
191336,0.0005505444751054373
191337,0.0001539412436428032
191338,0.04555185998110396
191339,0.00033365757384746565
191340,0.00033968298016561827
191341,0.0008594642031142559
191342,0.9840613199018737
191343,0.0007615968629214644
191344,0.034953085195815935
191345,0.003374832365029797
191346,0.000650242897512426
191347,0.16552731908241872
191348,0.00032238389695482804
191349,0.002015912928776718
191350,0.05223105733335948
191351,0.0032784607132411137
191352,0.09767510391641226
191353,0.0013905685036253394
191354,0.0005135373100860447
191355,0.024688036421885138
191356,0.0008143735099651585
191357,0.01129323424526857
191358,0.00019897615119512628
191359,0.007900071723786787
191360,0.003540288055861133
191361,0.00040086122360795113
191362,0.0017168428352946352
191363,0.00016524983937769638
191364,0.0004251321856743228
191365,0.0003791757391569098
191366,0.923659938801599
191367,0.001372374173990145
191368,0.0010214572058696208
191369,0.0013031167642364274
191370,0.0003524135644339482
191371,0.09319519182055516
191372,0.004197882788696028
191373,0.991726424457234
191374,0.0022786580909528913
191375,0.0003420495430181677
191376,0.00021847789457051417
191377,0.0008019568906380236
191378,0.16320499398236135
191379,0.0008716449690984309
191380,0.0003145605939388709
191381,0.0024382281604223986
191382,0.0007399771850527853
191383,0.000553200947016668
191384,0.00026531981333794097
191385,0.00023678757657241435
191386,0.00218168739097389
191387,0.001398932694481124
191388,0.013647870925040564
191389,0.0002211298190534385
191390,0.002019974943087591
191391,0.06276197662658546
191392,0.00028490439026167356
191393,0.0012478436124439564
191394,0.000535617957574685
191395,0.43437416469970813
191396,0.9876145787798901
191397,0.4855945286256772
191398,0.0002091037349304588
191399,0.0013859613487018614
191400,0.006235719603844921
191401,0.00040176925882689065
191402,0.0012562889797586765
191403,0.0009185868225125862
191404,0.0009513732909183345
191405,0.006980915924483333
191406,0.00017769195963432546
191407,0.0002659167384629656
191408,0.0024900633110664376
191409,0.0009940747417909145
191410,0.005226162494156598
191411,0.0008269800561921077
191412,0.009155933266047658
191413,0.0008380904675287519
191414,0.01435755165543179
191415,0.002695096149585193
191416,0.00021115569587033513
191417,0.00017308356954380454
191418,0.0011962122457619031
191419,0.007125957306392874
191420,0.0006266752277902895
191421,0.0034638543160008836
191422,0.0003612411660041978
191423,0.0002732060608743456
191424,0.00893352712252246
191425,0.004132859063447107
191426,0.0027438970225937605
191427,0.003676121080654561
191428,0.0023369113435430587
191429,0.002672942466074557
191430,0.9838853681839305
191431,0.000537002879491783
191432,0.0007033847541384212
191433,0.004487434432753216
191434,0.0003250272196684319
191435,0.0008461276062764888
191436,0.00036486407879118084
191437,0.0008642879244233682
191438,0.002770194714023606
191439,0.00032243827363848625
191440,0.0022231457698186578
191441,0.001704230177469282
191442,0.006538929630030343
191443,0.012627085424845601
191444,0.9913763844809487
191445,0.0001230592019278681
191446,0.014918048184940162
191447,0.0001768810426920522
191448,0.995911081752691
191449,0.004037525222484502
191450,0.0011807875635350045
191451,0.00046639970096645984
191452,0.0007502539131279938
191453,0.0063789201301981254
191454,0.0006689567811200132
191455,0.0006744931946396087
191456,0.00041492548601076545
191457,0.00029485123801308363
191458,0.984842808944939
191459,0.002685338774108392
191460,0.0018781768474924086
191461,0.0010630860131473812
191462,0.0014151955152874093
191463,0.00048517445352598716
191464,0.0004912524424225453
191465,0.0004111093189848613
191466,0.0032396218464307847
191467,0.989539479513719
191468,0.00024452800533841844
191469,0.01197977456320488
191470,0.0009846158484858542
191471,0.003464311045944189
191472,0.0013727477912916198
191473,0.0006448091387402252
191474,0.00022585195360087427
191475,0.05514529928026332
191476,0.0002387857211572674
191477,0.00182191995008709
191478,0.00946975853657482
191479,0.04645643984695726
191480,0.012903485600029813
191481,0.26024519136429064
191482,0.0005067276527451947
191483,0.1710623660301834
191484,0.020968503324947693
191485,0.001327942126257081
191486,0.008743678470710071
191487,0.0025958293352990503
191488,0.0004906136851274996
191489,0.00020708541583690877
191490,0.014089117787421956
191491,0.0032591124643606
191492,0.0002483210180948296
191493,0.0013490833990194631
191494,0.0013089146354879268
191495,0.019530958494706936
191496,0.0012162056933451286
191497,0.0001681113634159559
191498,0.0003549249252438317
191499,0.0009677108015600608
191500,0.00034170667575258095
191501,0.0003669984394797497
191502,0.00046825078269293404
191503,0.004849818402280486
191504,0.0006865202299611601
191505,0.002796617156044844
191506,0.008880458617577643
191507,0.0016588524953840757
191508,0.48400024700073535
191509,0.38914861176754095
191510,0.00027013020578368853
191511,0.00025853480139588925
191512,0.02062850816698973
191513,0.041899682611304306
191514,0.000544142206904356
191515,0.0001250457247322595
191516,0.0038425092420088965
191517,0.000598716652108102
191518,0.005071234629635821
191519,0.007041189320745636
191520,0.00024614423526280886
191521,0.0005275197169560584
191522,0.9877529859107587
191523,0.00208605032446898
191524,0.0012561945109202748
191525,0.007180722889348501
191526,0.0034758244107012354
191527,0.0032657019040850084
191528,0.0008987535820119331
191529,0.0005410417270751023
191530,0.0007411731036791902
191531,0.00027170887642067324
191532,0.00023508449112656104
191533,0.9826924791514458
191534,0.07333181991234117
191535,0.0036688764249643304
191536,0.004184568502641555
191537,0.00025529069138636047
191538,0.0008879589124602126
191539,0.00025162878252968086
191540,0.0015493143788750312
191541,0.0006463054504553618
191542,0.001813590046123958
191543,0.00573547747584481
191544,0.9816267951892567
191545,0.9842751806866257
191546,0.00038225886253955585
191547,0.00037991942138510773
191548,0.0006074218067205384
191549,0.00027335559964463687
191550,0.0010786044485374359
191551,0.9915422850471359
191552,0.005629634794565635
191553,0.000296785253200311
191554,0.01923564312288168
191555,0.00024534342331738903
191556,0.0004033041272046745
191557,0.0004084646492997409
191558,0.0010125258042891277
191559,0.0002192985699812582
191560,0.003689102612137123
191561,0.012950748933624474
191562,0.0002691105061454049
191563,0.0007963261015778543
191564,0.0008339053101118501
191565,0.001067053145766553
191566,0.00015283217517180348
191567,0.002487639219276681
191568,0.003141903217227677
191569,0.0023944196986053195
191570,0.00013954528171112885
191571,0.002205846229586699
191572,0.9910384263153106
191573,0.001201668217606964
191574,0.00040451748179363506
191575,0.045103199336564676
191576,0.035250152229600214
191577,0.008239175909617804
191578,0.0006069854368239163
191579,0.0013021205297325735
191580,0.01648875526082799
191581,0.0014788699313870491
191582,0.010568419471679524
191583,0.0003310303576811167
191584,0.0007685171536236516
191585,0.19584172168519762
191586,0.004778840274957855
191587,0.004661124117566456
191588,0.0016227477748013339
191589,0.9941718167214243
191590,0.0007404370852960048
191591,0.00032997596876637125
191592,0.008644016907347426
191593,0.008781214771193237
191594,0.0003026093684267559
191595,0.00037065911405676405
191596,0.9805174969978803
191597,0.00033124007665044224
191598,0.00825436757414134
191599,0.00035949168648841465
191600,0.003330073816867423
191601,0.015137213758608534
191602,0.9966157726621773
191603,0.011507401845616265
191604,0.000808852123559035
191605,0.004099236852199196
191606,0.0010931791578096008
191607,0.000945314561534589
191608,0.9933035746097941
191609,0.0013804729927194336
191610,0.0004741109553207074
191611,0.6286405602931503
191612,0.0006101704251226085
191613,0.0007076114427863354
191614,0.001942413880349713
191615,0.0004117767401402464
191616,0.0002719241887877353
191617,0.00036550669988314155
191618,0.001048917372226971
191619,0.0008435648159320916
191620,0.011646758249772187
191621,0.00022644840307996104
191622,0.0012869276404356385
191623,0.9927670756636018
191624,0.36833446584726354
191625,0.0007713365368366893
191626,0.0014531152927034475
191627,0.0007588743471980485
191628,0.7814375128983886
191629,0.0002682043844810942
191630,0.9925804613199986
191631,0.012860225313015719
191632,0.00035004744674374516
191633,0.004378147512003587
191634,0.00027570796561383545
191635,0.0002663897869813688
191636,0.0003663422404556903
191637,0.00018841766082085523
191638,0.0005952302462663825
191639,0.00034625476948787185
191640,0.002973274714876319
191641,0.9756377322438942
191642,0.002162103353390497
191643,0.0002930357142918821
191644,0.0003769228127072602
191645,0.0024659053614516776
191646,0.0004120992669460975
191647,0.0019761520204664004
191648,0.00036946156032960977
191649,0.00013584104759727285
191650,0.0003295815531043687
191651,0.0013042350718965206
191652,0.0003346572098801324
191653,0.0003367645217383382
191654,0.0013745374409761411
191655,0.1006591033027039
191656,0.0011658156543321982
191657,0.0013302606503564234
191658,0.0014634516655133859
191659,0.0002998918779900687
191660,0.0009978344839913806
191661,0.0004632246952290243
191662,0.0002295293866218919
191663,0.008072329580497277
191664,0.0004513237084447227
191665,0.0006398054017983575
191666,0.0028092193735863506
191667,0.005142395552682609
191668,0.07470380747591264
191669,0.0005146017909866717
191670,0.9839652609901522
191671,0.0033310884140571742
191672,0.04602467223628431
191673,0.0015524703637935274
191674,0.0009343077325628584
191675,0.0012726633275891566
191676,0.002967275514193345
191677,0.0017255066072768698
191678,0.004707151218790522
191679,0.00021971713349020394
191680,0.0006004345487920581
191681,0.00033755954303302325
191682,0.00023404478838442674
191683,0.000244523837886163
191684,0.000759861686853064
191685,0.0006353871236131116
191686,0.006821258450288822
191687,0.1064032977841635
191688,0.0009272661101199497
191689,0.000983034058753207
191690,0.001664348384613685
191691,0.007603005100142347
191692,0.0006043541694214868
191693,0.001589359278161406
191694,0.00014305089774207413
191695,0.00016001120505185806
191696,0.0003645897670983954
191697,0.4973918770176201
191698,0.00039661379425385825
191699,0.9847347007438173
191700,0.019504216644917218
191701,0.06961893667849997
191702,0.012427974978112242
191703,0.0005991250026504437
191704,0.0002598653338678255
191705,0.007327259340908279
191706,0.0021828073086336683
191707,0.9864584657288832
191708,0.0007685839077251596
191709,0.01736832957962036
191710,0.08468485255967799
191711,0.0008737467721547784
191712,0.05066179652566151
191713,0.014721613725342416
191714,0.0120555616538609
191715,0.00016937031741963906
191716,0.021469527295303936
191717,0.0002853535251057692
191718,0.00025330824692884027
191719,0.0020676105200990395
191720,0.9785680219614097
191721,0.9702903338976478
191722,0.0002805484229235634
191723,0.00043882698247886044
191724,0.000763836462110552
191725,0.005131933395421034
191726,0.00032505065253011047
191727,0.0014100936095008143
191728,0.005905557331420093
191729,0.001101581366165298
191730,0.0005343035566416517
191731,0.007358241471815544
191732,0.0010030751624594428
191733,0.0015416586052020367
191734,0.8182657321769671
191735,0.004310901106019966
191736,0.0021067749753900657
191737,0.0005563942731783324
191738,0.00033497265893347013
191739,0.0012502875019415284
191740,0.0023340890957347904
191741,0.0019754391420559285
191742,0.0027672826845689547
191743,0.038281231030790466
191744,0.050922064464275205
191745,0.0001604849680218729
191746,0.0018015875881128179
191747,0.00038719062598111616
191748,0.0008963784708012871
191749,0.006363364277991312
191750,0.07495776334776759
191751,0.0007014713995468968
191752,0.012218345316650224
191753,0.0003241456978719751
191754,0.0009768575285581138
191755,0.005430417619166043
191756,0.0004748933581086743
191757,0.00047168580073650565
191758,0.00020572842717414184
191759,0.0014942375533758495
191760,0.0014220997726466628
191761,0.000338516432410165
191762,0.0008550030056017249
191763,0.9957175457551715
191764,0.0016344392300108052
191765,0.0006493194597185953
191766,0.0008298975329703686
191767,0.0013826452168344034
191768,0.0005802360869011682
191769,0.00020808790943800348
191770,0.0002492187847149984
191771,0.001371164266623002
191772,0.0011723015490800752
191773,0.011002290962014166
191774,0.0011520355636832635
191775,0.000690322764238074
191776,0.0005114435305048348
191777,0.0002641336304740617
191778,0.057164109432490395
191779,0.00019601354069421738
191780,0.0010213252816293195
191781,0.0005322135704999437
191782,0.00030239855961449136
191783,0.011062621031695016
191784,0.0012554659830257102
191785,0.9825948189847991
191786,0.0008541558964991817
191787,0.9923236185797912
191788,0.00141570038487624
191789,0.0025790430385854014
191790,0.030319766356824283
191791,0.13273033107147492
191792,0.00029882351589732685
191793,0.0001289048624424993
191794,0.9922059062663738
191795,0.0008661061397278994
191796,0.00038029919184114547
191797,0.000639678737022283
191798,0.00034608402735817343
191799,0.004932118292279946
191800,0.0007569403443952962
191801,0.9859535807591551
191802,0.009309509616544769
191803,0.005703575489019146
191804,0.003362318243858037
191805,0.007396313943527864
191806,0.004730615710766625
191807,0.0013890661430800903
191808,0.0003736009192215645
191809,0.00039017827926112435
191810,0.9707380971801195
191811,0.0030337995406004587
191812,0.0014263811985765985
191813,0.005092116104494246
191814,0.0020095440350102523
191815,0.2323572500902413
191816,0.00040883425797933864
191817,0.0030118024190358837
191818,0.00047111719072588773
191819,0.0004983535014172375
191820,0.9846621910790934
191821,0.00040779177113303835
191822,0.9957358900470049
191823,0.0006718519963182346
191824,0.0009290980326382225
191825,0.000260136145652757
191826,0.00026245178695437674
191827,0.005954058738504659
191828,0.0009748033156952101
191829,0.0007119420051566997
191830,0.0013261167646517753
191831,0.0008529541246459446
191832,0.011033311101567925
191833,0.0019619626454272666
191834,0.0016877814875821298
191835,0.0001826653778052649
191836,0.000611013180997598
191837,0.9963231191238799
191838,0.021729661359899673
191839,0.0002448188857764525
191840,0.0043914125239779
191841,0.13478242856068984
191842,0.9850248216004948
191843,0.0011679043667520439
191844,0.00266926137595191
191845,0.00033523757237357535
191846,0.011699813671231012
191847,0.0006213768647184382
191848,0.0031561927905231347
191849,0.07397054102377973
191850,0.00027938703458194736
191851,0.0009273841534687262
191852,0.00015337284762965533
191853,0.0004892529207893981
191854,0.0029647104945989557
191855,0.0003575075195069057
191856,0.0002733488630659825
191857,0.006659774221074863
191858,0.00022134359359582512
191859,0.00013266229230383492
191860,0.005171622165425831
191861,0.0004730514377130611
191862,0.0001690802590892404
191863,0.003075705900325927
191864,0.06920128666056384
191865,0.001511728353011525
191866,0.0012717770196741074
191867,0.0007562304071089187
191868,0.00027837327751343503
191869,0.002926503993380968
191870,0.08897874098852562
191871,0.0015949051667277713
191872,0.00021812766382355034
191873,0.9299785516820382
191874,0.0003956913477103319
191875,0.004112821925554803
191876,0.002465020974240068
191877,0.0010547526203079564
191878,0.003911860286624603
191879,0.0007096077445502282
191880,0.00021268606374193498
191881,0.00613457905036992
191882,0.00029505575354117674
191883,0.0005437577614423704
191884,0.00021024127079315093
191885,0.00469613254966217
191886,0.3700418384862599
191887,0.00028490147224885287
191888,0.00029182480887049233
191889,0.0011417605184603546
191890,0.0004015863991624797
191891,0.005882623644824122
191892,0.015559762287795908
191893,0.0005273584368899344
191894,0.0007569493599375485
191895,0.0003500876493392875
191896,0.006581551236702448
191897,0.00024345016621640312
191898,0.00047290729438335
191899,0.0008104525948029532
191900,0.995867275072827
191901,0.00045380951585070027
191902,0.0012141263808449216
191903,0.0004608831680602009
191904,0.10681436534849396
191905,0.00021837114386415282
191906,0.0002671690310092985
191907,0.0007478643944703201
191908,0.00031324067814510496
191909,0.00021543600114403758
191910,0.000600784959970056
191911,0.001282639499085498
191912,0.0012439577984305484
191913,0.01465595344984758
191914,0.0008128355251661778
191915,0.6359938133062
191916,0.0005791173109922786
191917,0.12363561640458015
191918,0.0004961524351142679
191919,0.9364409114507692
191920,0.0006572181911812224
191921,0.3035469239383523
191922,0.000307057432299121
191923,0.13489536928000073
191924,0.0479065870432707
191925,0.0009790502355747914
191926,0.0025515530176944768
191927,0.01436445767370782
191928,0.012970897550607678
191929,0.012982829883041735
191930,0.0005846305916994709
191931,0.0003647719494258869
191932,0.0029551445962651773
191933,0.0022709283468370267
191934,0.003040006361960639
191935,0.008239424190508998
191936,0.0071704207429244965
191937,0.0002656750165400787
191938,0.00037651740935832376
191939,0.0008686856900608098
191940,0.0014964316862026946
191941,0.21979821667945362
191942,0.0004726370912700557
191943,0.0002861102290740838
191944,0.002068830766496886
191945,0.0005307505255330124
191946,0.015880291476686872
191947,0.0008760999474348095
191948,0.017582648317183022
191949,0.000312678623820714
191950,0.0009029550512628121
191951,0.9884759384661496
191952,0.0036788483099082603
191953,0.0012028315393354965
191954,0.07778447641459589
191955,0.004964124486526832
191956,0.0003423929847549351
191957,0.03975962821712594
191958,0.0005546402451323473
191959,0.09333654616693364
191960,0.600633870686282
191961,0.5326950385119879
191962,0.0012219891957733079
191963,0.0005757635900140558
191964,0.008517373052682593
191965,0.0019386820343575341
191966,0.008270543488518028
191967,0.021343689991687044
191968,0.0005685245435771867
191969,0.0010630362409324034
191970,0.006380721347142139
191971,0.0003143175373956644
191972,0.015810424205812534
191973,0.00033465931730415605
191974,0.992007470884845
191975,0.0068517986931088005
191976,0.00027622790090612654
191977,0.00199239594299422
191978,0.02600895696760054
191979,0.0005500625811759508
191980,0.0375677676762328
191981,0.1389171745096314
191982,0.01786694273765827
191983,0.0005312450136207107
191984,0.0011593694575002722
191985,0.9901401197042545
191986,0.0017722690099697084
191987,0.00022137965133857946
191988,0.002396524336713826
191989,0.0007161185523786491
191990,0.9634519160129064
191991,0.00037911975234235977
191992,0.9908899269321971
191993,0.0038922377287774
191994,0.00025903284678788994
191995,0.000754943349831565
191996,0.0006912287614503214
191997,0.0015640974849211895
191998,9.942145077407964e-05
191999,0.001054824140123977
192000,0.0005463000928722744
192001,0.005596426615127976
192002,0.00037804727269907004
192003,0.0019719948968011437
192004,0.00030036609403150854
192005,0.000424191021653956
192006,0.00020597521352804782
192007,0.00016411147080798593
192008,0.10891539115831711
192009,0.00030738194870073805
192010,0.9916986584282403
192011,0.0005740117325794769
192012,0.0005165075166637151
192013,0.00017564197186218427
192014,0.0023750320417945847
192015,0.45687315447729393
192016,0.0005626012994571061
192017,0.002628435857464049
192018,0.0013485823507625218
192019,0.001011222911948011
192020,0.0008947911337033198
192021,0.0708581103445271
192022,0.00045943441500462804
192023,0.0022808409591946258
192024,0.009719420470604919
192025,0.005878464457103198
192026,0.019374212684012838
192027,0.0007526116849865045
192028,0.002378720921426247
192029,0.0003080353484326932
192030,0.006752180935139171
192031,0.0002453725555813828
192032,0.0009377908851250624
192033,0.0005696863725549799
192034,0.00022319213064936642
192035,0.0009248830632599026
192036,0.00027362654783231013
192037,0.0003328334553328878
192038,0.0009582546080041583
192039,0.03982188902147254
192040,0.005796791347638503
192041,0.0014717048187381108
192042,0.03269188729703394
192043,0.0014620852531911513
192044,0.0023966966109618478
192045,0.00038265280053395806
192046,0.004590650174926258
192047,0.0018139876743522917
192048,0.7957429264940353
192049,0.9973854930160854
192050,0.0004611251692254596
192051,0.0008413759179440141
192052,0.003406643883302295
192053,0.0008028013141844955
192054,0.029440428001939085
192055,0.00040542243473887956
192056,0.0006067726498092077
192057,0.0001746046486813696
192058,0.0006529152979551313
192059,0.0003888993902551995
192060,0.0035212536779350443
192061,0.00035866730076346823
192062,0.9809659610932779
192063,0.0004805206460090463
192064,0.0005472352112336437
192065,0.04800023805555921
192066,0.0006452203559140034
192067,0.00045429565735666716
192068,0.0007383563824003851
192069,0.0004973476966057974
192070,0.0019637038993647288
192071,0.0005650095931837309
192072,0.0061990506026842335
192073,0.0005962957973748723
192074,0.059516987561198026
192075,0.0002248926876395033
192076,0.014321554776164215
192077,0.8415257603880757
192078,0.0031382045126619293
192079,0.00041763717977958743
192080,0.0004805625829794094
192081,0.010434868823265959
192082,0.060930772418383794
192083,0.15241426393441843
192084,0.0018234864308899674
192085,0.0006807937646058979
192086,0.00043835911461616626
192087,0.000588874950221424
192088,0.0005526132727402257
192089,0.0018669264409768716
192090,0.0002754077669062139
192091,0.0005562189719465831
192092,0.001551683784193648
192093,0.9870825835219453
192094,0.9832291073131345
192095,0.0009363257003374454
192096,0.3219914470852473
192097,0.0002316248455807531
192098,0.0009289100214402526
192099,0.0005486775131106637
192100,0.0028622763841915674
192101,0.0021001333896579315
192102,0.00025522775368832146
192103,0.00047904984746611584
192104,0.00036564240464273995
192105,0.00036401879315057004
192106,0.0029493972846226174
192107,0.0016283304242594554
192108,0.04153383958158383
192109,0.0004171697620958171
192110,0.0003712976648516438
192111,0.022601964025340128
192112,0.0011150677550956468
192113,0.07659503098844306
192114,0.0021178724177802585
192115,0.0031528324406006406
192116,0.02377911864438166
192117,0.05196845142885439
192118,0.0016757048044851001
192119,0.0012222373391196093
192120,0.0003300060253881651
192121,0.003347061141332945
192122,0.0009123037154076735
192123,0.0015220292903609465
192124,0.19701882978162655
192125,0.009591245472818456
192126,0.034113917028031904
192127,0.016877429520635957
192128,0.001096252108933607
192129,0.0010038224701026828
192130,0.07139795880756117
192131,0.0011091113943198776
192132,0.00037535651588677436
192133,0.0003479243925786205
192134,0.000430897926924624
192135,0.000998558857754889
192136,0.013716551127021517
192137,0.0002978927680394589
192138,0.0013451650554059844
192139,0.00021402719291268544
192140,0.0006320451311466658
192141,0.0019318352644618027
192142,0.9744811262437367
192143,0.003833930449133253
192144,0.0007604045596166689
192145,0.0002283213402475015
192146,0.01400216200596218
192147,0.01988404226736418
192148,0.0007348807181125808
192149,0.012784267451235292
192150,0.00016353130602636437
192151,0.00020620282167014764
192152,0.00027802848898084647
192153,0.0020517603462556285
192154,0.0010747928974649864
192155,0.0007867840462046429
192156,0.00045457496349378775
192157,0.00028711486050437754
192158,0.007997257701056472
192159,0.002255136315864219
192160,0.13166516176962859
192161,0.0005931351108240374
192162,0.0015941047616534487
192163,0.0003532440788315682
192164,0.01744935378929088
192165,0.000188286886339521
192166,0.0027084272823154534
192167,0.0004301481089485412
192168,0.0005947753029150707
192169,0.0010149220903058768
192170,0.0005754461298988092
192171,0.003925538813014351
192172,0.0006603434436373738
192173,0.00029637456676085593
192174,0.00029364263449008666
192175,0.9826373033175521
192176,0.00381882027499752
192177,0.0004941354065303027
192178,0.0003262793143906639
192179,0.0011689035766780495
192180,0.0011193686628893776
192181,0.0005910227688823459
192182,0.0004892862649193159
192183,0.0003050926503235261
192184,0.9471874205890565
192185,0.9897311636967776
192186,0.01730717685767486
192187,0.0018906277526224056
192188,0.00035455015388391345
192189,0.010744558548740799
192190,0.993378773573581
192191,0.010487703521650309
192192,0.0004126965212913723
192193,0.6744851997632585
192194,0.0017687478446659036
192195,0.0011181728715388267
192196,0.00032789895642284795
192197,0.00014669441296016983
192198,0.0014198784018456176
192199,0.0043081742756135195
192200,0.00046546348200133245
192201,0.0004899534095022677
192202,0.0004874940727205014
192203,0.0016279667485149284
192204,0.0031142175564927875
192205,0.001368154257614415
192206,0.001709348862358568
192207,0.0006643612002760765
192208,0.0009245311405369905
192209,0.9929361424376436
192210,0.9942279055440535
192211,0.00042515913785370825
192212,0.00022267045316707023
192213,0.000437093959040997
192214,0.0009929702158473772
192215,0.9836905829292468
192216,0.00018741387328083191
192217,0.00040417444854680054
192218,0.00024735501722231715
192219,0.00042692552100814405
192220,0.0027550968446538367
192221,0.00046637495424208246
192222,0.0002952278340180551
192223,0.0002896455885386265
192224,0.01274488635601911
192225,0.013450609745020131
192226,0.99509062865167
192227,0.9929847510282551
192228,0.9917747931447789
192229,0.00018464913864686577
192230,0.0006389642343818413
192231,0.009663564972549214
192232,0.9643811881003604
192233,0.0002866335435963686
192234,0.10533571305920252
192235,0.00042679861841126744
192236,0.0007644016275323222
192237,0.0006077274810737366
192238,0.003116991987829844
192239,0.0005603403944234378
192240,0.0009375516061541356
192241,0.0002581507550020617
192242,0.00019083516897884422
192243,0.0014413210600341608
192244,0.00047938156841947286
192245,0.01382133853703052
192246,0.000944826467464975
192247,0.00018016978704949704
192248,0.0015560513356934552
192249,0.00021678504464607107
192250,0.0013597014973924428
192251,0.00018608624252230857
192252,0.0014193417589392688
192253,0.000297142529353401
192254,0.0073121077349469175
192255,0.011301257964469734
192256,0.0002676298100622278
192257,0.9940235257749601
192258,0.0007708338603284739
192259,0.9905525562927121
192260,0.0008952811457170287
192261,0.013607485984164877
192262,0.00026296970355903416
192263,0.0005428322216568256
192264,0.00381204937576076
192265,0.0006020071935469795
192266,0.9840614193209302
192267,0.9781149778904299
192268,0.00019670340707307572
192269,0.0033307654023118118
192270,0.005030209142540001
192271,0.0005320978588759161
192272,0.00013165162997860467
192273,0.0004867608480637912
192274,0.005555725178894822
192275,0.000283861599347496
192276,0.0003538423627920929
192277,0.0017357859218594645
192278,0.00019475417821972262
192279,0.0006367721141556766
192280,0.00010762350915573988
192281,0.0017873756643149968
192282,0.9873076112072616
192283,0.0014041852614600687
192284,0.03701862896312705
192285,0.000512501478969485
192286,0.0010113534012356437
192287,0.027403521877039615
192288,0.003325344607638245
192289,0.012976739300770097
192290,0.00036660804224291623
192291,0.0046569572589554645
192292,0.00035996585746613695
192293,0.9800709542506802
192294,0.0006926172736431342
192295,0.000494321696849854
192296,0.02081521367185046
192297,0.00061132394909816
192298,0.0008782045608002577
192299,0.0005977466752969858
192300,0.0003613694590485614
192301,0.00020851309596290918
192302,0.00048532808862659823
192303,0.00014278738229728884
192304,0.00011349347367633017
192305,0.009572318674493738
192306,0.001524948490619202
192307,0.007780066484909179
192308,0.0009484276485754128
192309,0.9928247104194519
192310,0.0013093822595944527
192311,0.00046858753707267406
192312,0.0016670112790139913
192313,0.009535252297897171
192314,0.0006275345003350886
192315,0.001933592742771511
192316,0.9948395142573409
192317,0.9917087523461828
192318,0.0008849246909481065
192319,0.0016538929505978243
192320,0.0006164158927565145
192321,0.0005967991376405029
192322,0.001092748840968442
192323,0.0004941981822130614
192324,0.0033818009992496417
192325,0.007777017244903136
192326,0.000548726813040474
192327,0.13900289310375308
192328,0.9936798707515955
192329,0.0017331353081726465
192330,0.00023332605740516936
192331,0.0002585624043873122
192332,0.015906888355008045
192333,0.001401107355503901
192334,0.0012280107230887877
192335,0.0074256609811515365
192336,0.0005156785107474644
192337,0.0004935297878712823
192338,0.003063142114909595
192339,0.7517823793133104
192340,0.0009200449239788545
192341,0.0003029303062138559
192342,0.0002564053427124109
192343,0.0024668570478371355
192344,0.00019951597806428098
192345,0.0004516926200296005
192346,0.00063288981687971
192347,0.002007481168132015
192348,0.0018896622898015396
192349,0.0006583381036186764
192350,0.986904212172126
192351,0.05743334936898317
192352,0.0013579062432614371
192353,0.002986874498176116
192354,0.00047333390309565933
192355,0.007850532172036762
192356,0.0005452118744468568
192357,0.0012527298356190021
192358,0.0003705167065033759
192359,0.00041673617494195325
192360,0.008827751674509568
192361,9.545589869827319e-05
192362,0.0005267037257637873
192363,0.015212623660440076
192364,0.0016881645570742047
192365,0.9943847085170282
192366,0.0010364050890572989
192367,0.0024328913128548683
192368,0.00038490258054159164
192369,0.0002353217752394452
192370,0.001246851781029867
192371,0.000436773389976375
192372,0.0003259344232726837
192373,0.00048737793322401845
192374,0.014457315501341083
192375,0.0005893531598747652
192376,0.9871719601223665
192377,0.00027014322857260743
192378,0.003528866232979768
192379,0.15431801385614663
192380,0.00013763111901623972
192381,0.0054052055294978325
192382,0.010742942408340532
192383,0.0006795979922261563
192384,0.0003032241085827466
192385,0.0032684100995976164
192386,0.008563288893480991
192387,0.0009906876207665706
192388,0.0016794574539494072
192389,0.0017036316562093249
192390,0.22381275284865662
192391,0.0004894110311382779
192392,0.005983502415047323
192393,0.14851561494241533
192394,0.9594204558634011
192395,0.0341778104763232
192396,0.00030818367467548666
192397,0.0005469323518522746
192398,0.0019265627747597446
192399,0.00026027436916272015
192400,0.03627462922735009
192401,0.0008365946894209811
192402,0.043617182005699216
192403,0.0006788414554010402
192404,0.9536261814006919
192405,0.0017306936589211615
192406,0.00019370655716634337
192407,0.006291541933393342
192408,0.992882866540813
192409,0.8729466292113413
192410,0.006206355033651304
192411,0.00025461757618123673
192412,0.017624641654908815
192413,0.000359341077689418
192414,0.0017782351104475031
192415,0.00024427799696304016
192416,0.03583780696749728
192417,0.005756547346943825
192418,0.0006891339629895866
192419,0.9871935924054617
192420,0.00025531880506118236
192421,0.0017826974170825295
192422,0.0006387830447837343
192423,0.00011327014708213524
192424,0.9484539848184644
192425,0.9812582499599807
192426,0.015369315443995932
192427,0.009051522157832686
192428,0.001294123246193568
192429,0.0004419155422209204
192430,0.0001281020942392316
192431,0.0005585023449190933
192432,0.05130548787509447
192433,0.000751813094705225
192434,0.0011561994990185232
192435,0.005485824484209399
192436,0.9939770741290527
192437,0.0002352652030416377
192438,0.000660824956615616
192439,0.0015930396206959591
192440,0.0003437847441461994
192441,0.0003546330862206905
192442,0.0031099979360446153
192443,0.0008421671763929541
192444,0.00020343695723555155
192445,0.9779986671635709
192446,0.0010059917849743513
192447,0.01493280359930698
192448,0.0007243950396468434
192449,0.008038942362164582
192450,0.00019514984382066477
192451,0.01585599496418332
192452,0.000194484803056169
192453,0.0013583128608579483
192454,0.9878198215997636
192455,0.001214930531661867
192456,0.013979578743594793
192457,0.0007524995587155673
192458,0.013722838788504343
192459,0.0004874656954129084
192460,0.006833255716077292
192461,0.9120211241425414
192462,0.018799555523705127
192463,0.011124153045284175
192464,0.0002589129554679226
192465,0.004539994256390017
192466,0.0017492635328086841
192467,0.0075892667866563025
192468,0.0004705480013104272
192469,0.00046090615886673755
192470,0.00026820461699164866
192471,0.0007603168855036593
192472,0.00038660208084063285
192473,0.00019067643096016095
192474,0.000345744286997016
192475,0.000337958930848481
192476,0.012987404447991097
192477,0.018010589981591777
192478,0.597200560594635
192479,0.00020761730860865998
192480,0.0008459073874016105
192481,0.005800872081896746
192482,0.0002886322288666589
192483,0.00662079604277267
192484,0.0011453388916713204
192485,0.9946623466672038
192486,0.000919027346450557
192487,0.0009321700532243779
192488,0.032493116053591266
192489,0.0027649537459863345
192490,0.21663780338558145
192491,0.0015123926050267555
192492,0.001735079664694918
192493,0.0022796009040376296
192494,0.017619036252422712
192495,0.0011891814247043007
192496,0.00041566030913402983
192497,0.004465641979926347
192498,0.00030012066661786504
192499,0.0009958625582886583
192500,0.00030951472549930933
192501,0.0003143501442662845
192502,0.00044800483838422793
192503,0.00026498901608869134
192504,0.9889562981610279
192505,0.004645396757001754
192506,0.0166845200076232
192507,0.001395877612603765
192508,0.00042212555538415395
192509,0.0008005361674543721
192510,0.0011873525882990649
192511,0.007352646372734143
192512,0.005169072451718917
192513,0.0003794344259634591
192514,0.0028874377199062835
192515,0.0002472302181190428
192516,0.0030073880151450265
192517,0.0004647541549612635
192518,0.0004683459622514722
192519,0.001795535316690094
192520,0.00020983836388193113
192521,0.00028774819723124734
192522,0.0001860144041419841
192523,0.051153856130442134
192524,0.006201827859458988
192525,0.004501422291806473
192526,0.0009321583300027599
192527,0.0024724751068446755
192528,0.008587705022227766
192529,0.027835581871235835
192530,0.0018415662300721662
192531,0.008544777303704646
192532,0.06615774492035364
192533,0.0007993893326464621
192534,0.02564612443181923
192535,0.003069703106138612
192536,0.003461261316960201
192537,0.00012884356711685406
192538,0.19005823253652734
192539,0.013061274867662483
192540,0.0018583287925386244
192541,0.0005651846446521668
192542,0.9957134862543519
192543,0.000878151740368647
192544,0.9935104090563688
192545,0.0003884347244866001
192546,0.032481504827560084
192547,0.9900619133787466
192548,0.00030515576202836477
192549,0.00013352914048756924
192550,0.0006421115876101862
192551,0.010563532193296678
192552,0.00041503972530792605
192553,0.0005554721176243343
192554,0.6704361720267923
192555,0.000361079044669104
192556,0.0009237013168578361
192557,0.003737390960126042
192558,0.0003421064969963768
192559,0.9920062448923386
192560,0.0005882531584618782
192561,0.0005706393297398719
192562,0.0012566063418724411
192563,0.000481795478269458
192564,0.0002279018534627153
192565,0.00021032739164894852
192566,0.008672717476059261
192567,0.28581131839125085
192568,0.014093210903349338
192569,0.001131409909099638
192570,0.21804806224182466
192571,0.0021849910376135146
192572,0.0003154680677271724
192573,0.0016790815188636602
192574,0.0006798169551214668
192575,0.0014363340882329674
192576,0.005211444053104405
192577,0.013766997128012529
192578,0.13089374425697248
192579,0.0004146027796667035
192580,0.0005246687243129162
192581,0.0003011400171973585
192582,0.0009851540126883322
192583,0.005827833466834413
192584,0.24507285149968436
192585,0.02207469701641286
192586,0.0009729618712458715
192587,0.0007004996516693111
192588,0.20343657245936905
192589,0.02188085582909444
192590,0.0007000666753191009
192591,0.0004886784787392599
192592,0.00026313760111919336
192593,0.00045258946724244177
192594,0.0005664674978612807
192595,0.9831468262564541
192596,0.002002197488141964
192597,0.0002095485633627518
192598,0.008373667536471738
192599,0.0006593399829929875
192600,0.9590648427569624
192601,0.00023827242966570968
192602,0.0013291791475789681
192603,0.0014968423092104792
192604,0.001448372506848189
192605,0.0007908428412242925
192606,0.00035394619180072363
192607,0.9819514895892557
192608,0.0002285566393478165
192609,0.0011412145495503752
192610,0.0002966096716263045
192611,0.00040268981373774
192612,0.00016434975116323943
192613,0.0012623777188055848
192614,0.0003929090913615584
192615,0.0014805506508296117
192616,0.0004022442905493508
192617,0.0007719977913681117
192618,0.0013799581550392429
192619,0.002138040612823977
192620,0.0005747136566844269
192621,0.9870351194165518
192622,0.0004274471242278558
192623,0.00534203905201418
192624,0.0047731518599165
192625,0.00044890357172039006
192626,0.0014515980581262429
192627,0.0014170892432031974
192628,0.001556770097354337
192629,0.9853083014933128
192630,0.002498113089142332
192631,0.00027567184210987116
192632,0.00024308152063889284
192633,0.0002939065326474058
192634,0.9961435155620375
192635,0.00021026253381433758
192636,0.0007659833997304163
192637,0.004861046179957576
192638,0.9206131017250296
192639,0.0008853355616488595
192640,0.0006256339209524168
192641,0.987118020723688
192642,0.0015954970719107664
192643,0.002210489296366494
192644,0.0006536804233067352
192645,0.0012881253503087564
192646,0.0005701108558427175
192647,0.9898318261489383
192648,0.006135459439955061
192649,0.0028800306233798954
192650,0.8686514043042705
192651,0.00040289083292931286
192652,0.008662358850309597
192653,0.007398673562818007
192654,0.0027326438538920537
192655,0.00014102303444279833
192656,0.9765464873197167
192657,0.11198734735458847
192658,0.00015363711854824973
192659,0.0002880175221491271
192660,0.00023974343274144424
192661,0.0017224906891158533
192662,0.9883432046486428
192663,0.0016480382855619611
192664,0.9959796920265632
192665,0.0002641964826043505
192666,0.0024483882558037854
192667,0.0004963750752263898
192668,0.00031234116757224297
192669,0.0003188615992921802
192670,0.00208181182578592
192671,0.5490608359076493
192672,0.02579096690018567
192673,0.00045273808067273363
192674,0.0005024985319095376
192675,0.0005201567783887409
192676,0.015188156441583021
192677,0.001484101407047038
192678,0.0009841727286262277
192679,0.0028917236561669737
192680,0.0008155024348539926
192681,0.000220031467360478
192682,0.9812871965716801
192683,0.00038001726875319723
192684,0.0010324093274012606
192685,0.004038679281739587
192686,0.0001533532867902735
192687,0.0006769262699403219
192688,0.0003161007754711379
192689,0.0003403956410077817
192690,0.016135587797531072
192691,0.000255867818032879
192692,0.8357534376940049
192693,0.0007292370255809589
192694,0.9364711633900786
192695,0.0002767299284471743
192696,0.00030381232167369813
192697,0.9873828509939317
192698,0.0015186661943410245
192699,0.0057301179746322844
192700,0.0023328677217492114
192701,0.0014989873492660317
192702,0.000906924872137466
192703,0.0006007059478442404
192704,0.027465284850423672
192705,0.0005831261889693737
192706,0.0005809314747516755
192707,0.0006169491525992495
192708,0.00020192468972592497
192709,0.00041434199868542503
192710,0.006423682425447822
192711,0.0006293356809428074
192712,0.00608492784427787
192713,0.0013369480970294386
192714,0.00020700863095878035
192715,0.03504432159933399
192716,0.0003864818494007343
192717,0.18914798611190645
192718,0.0001936873633307649
192719,0.011590625993545323
192720,0.0015123522170022322
192721,0.000311469248738808
192722,0.00019199986027571887
192723,0.008572308602705091
192724,0.0005788808213641391
192725,0.000455199171397388
192726,0.00029622755873132323
192727,0.00035285204553344763
192728,0.0004944457696035919
192729,0.00020472375741936147
192730,0.0016895895723173949
192731,0.0019069379868313318
192732,0.001139697632072685
192733,0.004639600053492069
192734,0.9918649836397785
192735,0.005852579225981426
192736,0.0006677531454326928
192737,0.0002258085264773621
192738,0.05024467284023651
192739,0.0015035886547334447
192740,0.0015248417322867185
192741,0.0016201841171048688
192742,0.0001687890564378319
192743,0.000721856556401878
192744,0.21444681724684925
192745,0.0039511834106859735
192746,0.00039598755069802336
192747,0.013084597666335445
192748,0.002543134370192998
192749,0.00016128404632511506
192750,0.0025568381799139987
192751,0.0002690608033113446
192752,0.0011707108122339111
192753,0.020213522758485154
192754,0.9937495012350519
192755,0.003733475254962244
192756,0.009817384815354576
192757,0.055977978801308295
192758,0.0024790456751405876
192759,0.0002622358155066387
192760,0.0002311102220780086
192761,0.00036223539799450994
192762,0.0013745768977206413
192763,0.0001923801703561718
192764,0.0005310744056449194
192765,0.0005289260521245975
192766,0.03730771259783033
192767,0.0009309433565705085
192768,0.9925822932814508
192769,0.0004689800107716492
192770,0.0014123041728008796
192771,0.000381001336281087
192772,0.987669579281424
192773,0.001364436658919117
192774,0.983788776124147
192775,0.06202187349690111
192776,0.0005767202172338525
192777,0.00016108331742806722
192778,0.00042048741747506606
192779,0.0007343065699107402
192780,0.007090583194308704
192781,0.00405079003141851
192782,0.013814939770723494
192783,0.0008802163669314339
192784,0.0002799152893052504
192785,0.002250934335066979
192786,0.038309710217029745
192787,0.0009232209652278907
192788,0.0003579184524511201
192789,0.004040243966265432
192790,0.00024461152527639627
192791,0.0006585873946589193
192792,0.0002729527792785332
192793,0.0001856520282298391
192794,0.0013632203687382854
192795,0.001005575184721544
192796,0.052895022632463234
192797,0.002751586337060039
192798,0.00021462005721360153
192799,0.9426508597961235
192800,0.00019046565772932902
192801,0.01166681098220796
192802,0.010842003003446031
192803,0.00022739557005763903
192804,0.0018034028721121886
192805,0.00010964927141005641
192806,0.12224029723897019
192807,0.017576934418478154
192808,0.00034478654706774714
192809,0.0002280493410436285
192810,0.0006803923659185058
192811,0.01493888488867157
192812,0.0005316108882918828
192813,0.03697777814807291
192814,0.0007090959251813527
192815,0.009579798969024741
192816,0.00035796829197875656
192817,0.00035133388926907277
192818,0.0029641112267709386
192819,0.019306640702540307
192820,0.00030404639618034556
192821,0.0026555281163363536
192822,0.993268190078379
192823,0.00692761427046673
192824,0.000291011629006537
192825,0.000519788980367168
192826,0.0015415023897407234
192827,0.005772755809123251
192828,0.001738556514893359
192829,0.00015422418573302283
192830,0.00028041619052814146
192831,0.009673680732515491
192832,0.005059708255938787
192833,0.001173784843190457
192834,0.002181007195070374
192835,0.00045385797141928974
192836,0.0008138071778945704
192837,0.0007634186059659811
192838,0.00038357687616351636
192839,0.0015662035952719085
192840,0.9885988612322997
192841,0.0021156035557432368
192842,0.029785559691110457
192843,0.8590839740323274
192844,0.00013472673010609293
192845,0.00030481156604111604
192846,0.9912407618176463
192847,0.0011021995714568834
192848,0.002874353547270842
192849,0.009289539560555029
192850,0.00557902053182207
192851,0.0002690259067926801
192852,0.000889329181317862
192853,0.000791983625350111
192854,0.0003924029221135793
192855,0.0038689242947459834
192856,0.0042580460355064464
192857,0.0007014163167363763
192858,0.0005835226815246314
192859,0.0011843423471422237
192860,0.013343368689587931
192861,0.0019973353460189113
192862,0.015033782373308182
192863,0.0028555296708845674
192864,0.0051338678916474575
192865,0.00034481919291028286
192866,0.000643444727360536
192867,0.0006459516760101919
192868,0.0014134260748116232
192869,0.025368323141764695
192870,0.0002180683016503806
192871,0.009715297625991812
192872,0.0006426230272165228
192873,0.0012761708272055338
192874,0.0005269369024727164
192875,0.0007278861426258394
192876,0.0002616341798741844
192877,0.0004318098963381602
192878,0.0001477926260058208
192879,0.0003772132385357231
192880,0.002607381882661389
192881,0.038880788451856337
192882,0.00035484109416363235
192883,0.0002445155382372878
192884,0.0010542329146975937
192885,0.047724153328263116
192886,0.001400256031348817
192887,0.0002138793233368311
192888,0.0001914054509244194
192889,0.00027512284597697054
192890,0.0018109721680069602
192891,0.000140726408332263
192892,0.0022526101119210167
192893,0.9811136069984415
192894,0.004352561406416049
192895,0.00018305322548302762
192896,0.00022375329483913822
192897,0.0004052013537242802
192898,0.001338325181799803
192899,0.0011408773996160774
192900,0.00012621384402917635
192901,0.0007129590123078446
192902,0.0008262897213294177
192903,0.00526717226622955
192904,0.02739123171888293
192905,0.00042129738304154396
192906,0.0005940190410765014
192907,0.0011529569226157302
192908,0.011546018162428659
192909,0.0002150208764820127
192910,0.011042037885011485
192911,0.00033981960221105126
192912,0.00022041427938589316
192913,0.0001754159994781385
192914,0.001616915295787315
192915,0.0013194761231569748
192916,0.0003336935200704276
192917,0.0007597827299681055
192918,0.0002861067034056251
192919,0.9829606725928125
192920,0.00018981268494207341
192921,0.00033838819580347035
192922,0.00041150649869813743
192923,0.0004116339368070212
192924,0.0007025511409387644
192925,0.0006416011040121935
192926,0.0009510832123538937
192927,0.0008771398580880076
192928,0.0002594431053118617
192929,0.0008699625566221488
192930,0.0004071699612173842
192931,0.007168956165703139
192932,0.00023784872860093073
192933,0.00042208802168566345
192934,0.00025566106338187924
192935,0.04303368496701716
192936,0.009217960839161739
192937,0.0010603328850116228
192938,0.02480509941083157
192939,0.9907468889475644
192940,0.01164277014543169
192941,0.009548278531869217
192942,0.014779783862535634
192943,0.0008213620283963263
192944,0.0023336600048364646
192945,0.0006821900092721439
192946,0.9933946589040926
192947,0.00027942269168108874
192948,0.006179206079726938
192949,0.0007560318823559252
192950,0.0017438209931187585
192951,0.0002889305860561993
192952,0.04342707526023795
192953,0.0002941012380104413
192954,0.0010002612189781033
192955,0.001291037346891232
192956,0.0003605762140097647
192957,0.0002767289937066999
192958,0.008808309855344363
192959,0.002099337950261469
192960,0.00038724138945287444
192961,0.0005291428359109487
192962,0.03992144566116486
192963,0.0014363162557025986
192964,0.008288119609384643
192965,0.0005145889467196511
192966,0.0010113850733047575
192967,0.000299787216666833
192968,0.0002692438985750752
192969,0.0006889911783032457
192970,0.00023514926104383762
192971,0.0003143723113818388
192972,0.0009774402231931528
192973,0.0002807693999878221
192974,0.0015624771115733752
192975,0.0010402527369040918
192976,0.0010537091989768043
192977,0.9809092447686644
192978,0.0010498569237419968
192979,0.0011402558918273036
192980,0.0029198350752849185
192981,0.00692916311417713
192982,0.0006305098717413933
192983,0.013752332763366223
192984,0.010024085012641579
192985,0.010387620624560464
192986,0.0167457617131365
192987,0.00046026736306208684
192988,0.011171756007128018
192989,0.000860485305920973
192990,0.04223549513433497
192991,0.00034812776318530325
192992,0.001437032506705593
192993,0.0011255992315624308
192994,0.9871206169185776
192995,0.0002874828759163613
192996,0.0006962586744195438
192997,0.0003892351468779362
192998,0.005268837971401059
192999,0.000307237806768818
193000,0.008356100621093631
193001,0.010401741279132388
193002,0.995306743422063
193003,0.0007812334619802107
193004,0.0015359937356067602
193005,0.0006396034645279573
193006,0.0003410058364757435
193007,0.016787267120893044
193008,0.0002763986755995857
193009,0.00028239130366101474
193010,0.00037667128461743994
193011,0.0002403322271277709
193012,0.001717364011383558
193013,0.00019078205654555837
193014,0.00044188052893266304
193015,0.0025580432910243755
193016,0.005794735668017789
193017,0.00283186399816174
193018,0.016467590824147265
193019,0.0008587828180255302
193020,0.0004118363188275182
193021,0.0017493441153645223
193022,0.00021564694410272439
193023,0.0018486921263214792
193024,0.0752468777389543
193025,0.004803895935737921
193026,0.0023671339306660915
193027,0.03799707966243911
193028,0.000333299953606483
193029,0.005329112536839314
193030,0.0003161658474364527
193031,0.006689756346623145
193032,0.004500472951236367
193033,0.004345058161445254
193034,0.003133565753391308
193035,0.0018476495848996283
193036,0.00011467321803790371
193037,0.0021746130543511552
193038,0.0007591392974799979
193039,0.002763618259163847
193040,0.021320473814009314
193041,0.7587485297098336
193042,0.001069585194369373
193043,0.00490146444379311
193044,0.002133682528275838
193045,0.00017043242080422337
193046,0.0022466618209356338
193047,0.0005190069648467065
193048,0.0016157540307451227
193049,0.0001873537483301991
193050,0.12472986387577296
193051,0.0002763640002004882
193052,0.00022679958700897736
193053,0.00028507395375523787
193054,0.0013146235097577005
193055,0.003683573998232139
193056,0.01621382351491954
193057,0.00029396197971778533
193058,0.23873490600510025
193059,0.00044632639517447055
193060,0.028078819289359735
193061,0.0005247282094960836
193062,0.08666281947928214
193063,0.10995189597796488
193064,0.0009313742080944208
193065,0.40281416502277534
193066,0.01370448856091552
193067,0.0013511645020662408
193068,0.20963970987078492
193069,0.00037734063621827976
193070,0.0014272762784851144
193071,0.05093671593756251
193072,0.0006475313300808767
193073,0.9948593833536692
193074,0.0017113644114658548
193075,0.0007955352082794509
193076,0.002920046649508691
193077,0.009342063619596181
193078,0.0006955819938756634
193079,0.000232361360762186
193080,0.0002828126423179348
193081,0.07659933842912846
193082,0.0003171071262940515
193083,0.0012238605954131147
193084,0.045273097621188835
193085,0.0022415263021246363
193086,0.001778709155357488
193087,0.0011108844361208553
193088,0.0007260268048227714
193089,0.0006405154467017524
193090,0.035618588866460243
193091,0.0018690892942429941
193092,0.0006384190387641074
193093,0.0064427722009799794
193094,0.00024607533767755004
193095,0.07064385872385669
193096,0.03806722005052131
193097,0.00024403859604508213
193098,0.0003831413306973606
193099,0.0021963947248047747
193100,0.00037286925510028823
193101,0.0001962413792522413
193102,0.0006220611508549171
193103,0.0005256995704495139
193104,0.0002589048973580587
193105,0.00020408648542662907
193106,0.9929725913474384
193107,0.00017597293844789794
193108,0.0007793638397718172
193109,0.0005998137627962392
193110,0.010750389024802114
193111,0.00027616773709579663
193112,0.0022124404182673656
193113,0.000570030985612092
193114,0.0010646283932403704
193115,0.005053852506813447
193116,0.15292971716581896
193117,0.015232640015075943
193118,0.00038706517812098527
193119,0.06263214623596979
193120,0.9313617260112609
193121,0.0007597875971065896
193122,0.0009233148116473294
193123,0.0016043335465068106
193124,0.0006939541809311169
193125,0.001117463377475212
193126,0.008501257861992802
193127,0.991273496189882
193128,0.0055707587570132605
193129,0.00018797277714428836
193130,0.0018571001334929278
193131,0.006005051339738303
193132,0.00925123534627586
193133,0.026084943013543506
193134,0.0028916262892748706
193135,0.002198174368751857
193136,0.000766510919988031
193137,0.9851650789255618
193138,0.0002955108471975292
193139,0.005827150534645343
193140,0.001667253401950336
193141,0.00042794587076915627
193142,0.11273938527456716
193143,0.0012875544714783219
193144,0.0005974232962228762
193145,0.00036464520208628616
193146,0.00030655085676085773
193147,0.00025020859594476454
193148,0.15197631409925288
193149,0.00035452262312215676
193150,0.0006259519310721683
193151,0.0019829911346394952
193152,0.9685973646471423
193153,0.0013091210375396753
193154,0.0003169345543822278
193155,0.00043985955527877404
193156,0.02921745742623678
193157,0.0004892425027444373
193158,0.027969986531757664
193159,0.024780063258675364
193160,0.00025603326736071724
193161,0.027655981059299967
193162,0.9871405163322845
193163,0.008073444555521258
193164,0.0007890621894996424
193165,0.00034461178172860756
193166,0.001865374037392138
193167,0.9324684478563989
193168,0.010976833783516679
193169,0.01959939133281055
193170,0.01686854412123916
193171,0.0010582428412099247
193172,0.00021855141693491974
193173,0.0005109724253015982
193174,0.0003525630960686824
193175,0.00017438423747072294
193176,0.0009597465758152384
193177,0.0010153186758913777
193178,0.0002874456691938187
193179,0.12489895614903458
193180,0.0003416571545841318
193181,0.0007790953786910149
193182,0.023717882045508384
193183,0.0001964133298573614
193184,0.004925040943748973
193185,0.0008468694042558624
193186,0.001927402151699321
193187,0.00044162296102265286
193188,0.0037281648993338747
193189,0.00021606870961747237
193190,0.0006394619667017534
193191,0.0032086895548287422
193192,0.0022492920545300445
193193,0.0002827143779757128
193194,0.0002304523134191154
193195,0.0014495884490003683
193196,0.0007579581784054966
193197,0.9931918903180196
193198,0.0003931359487139504
193199,0.004477878970033905
193200,0.0002446265696931982
193201,0.036811502482827135
193202,0.0003179006278335576
193203,0.0009698634652109816
193204,0.9842992223876142
193205,0.0005783197654503033
193206,0.0002007878601838766
193207,0.0006698311647567711
193208,0.0006110524300349214
193209,0.0005533168387086294
193210,0.000353841157097544
193211,0.9952782522701856
193212,0.9923357769664848
193213,0.00017000728569727735
193214,0.003541936044770161
193215,0.00326911724336956
193216,0.002154130568981018
193217,0.032398804968382405
193218,0.00036371380957628214
193219,0.0004231143397406217
193220,0.00031367622693828396
193221,0.010022428776043679
193222,0.07660603939694244
193223,0.17201075426382711
193224,0.0003019829222945564
193225,0.31999894050297095
193226,0.0006377254087304715
193227,0.9473062996180956
193228,0.003501923092487184
193229,0.008728963605809981
193230,0.0006711555013647364
193231,0.00021341368043064217
193232,0.8279370864197955
193233,0.0012172259848675121
193234,0.006263570800424349
193235,0.001205158470045017
193236,0.041680175740920124
193237,0.0010012269019388379
193238,0.0001517684877555862
193239,0.010388030863214395
193240,0.000966823693838751
193241,0.4707269898774556
193242,0.0008546730475168542
193243,0.0006672470185873797
193244,0.0002501451011703658
193245,0.010321419433271518
193246,0.10358008446262175
193247,0.9751846535613445
193248,0.01193025472959198
193249,0.0012478955356168525
193250,0.028456853066717337
193251,0.0005116780777183247
193252,0.0036484885967743136
193253,0.007448230519304631
193254,0.990472666167913
193255,0.0013905315174450351
193256,0.0004879376408067578
193257,0.0022198158335514397
193258,0.0025073348629283125
193259,0.5460129766395362
193260,0.0002524021941782022
193261,0.04185247206250091
193262,0.000432161702550155
193263,0.002370422235994651
193264,0.0012216156373110144
193265,0.0002361757782050774
193266,0.9946704712902249
193267,0.0007030321989063003
193268,0.0016555406334162605
193269,0.0005415123406159308
193270,0.0006685879327879883
193271,0.0002993027110140843
193272,0.017086870625481938
193273,0.0015771120624818288
193274,0.0006311785030020958
193275,0.021945198030821553
193276,0.9867564857618063
193277,0.0014446174334742515
193278,0.04388835980124584
193279,0.9827128574109881
193280,0.006848301277524882
193281,0.004425169554242921
193282,0.0009818452921874759
193283,0.0004874753641952919
193284,0.0016948307378577693
193285,0.00046901652581801456
193286,0.0004224007129220538
193287,0.00440903595054085
193288,0.012377759722487088
193289,0.000876780047451774
193290,0.0004069623203779766
193291,0.0009027931582670691
193292,0.0005348566343619483
193293,0.009985297482775426
193294,0.0014820382978545346
193295,0.0003988651383359205
193296,0.0002560274904081739
193297,0.06269022261556045
193298,0.0006099331494749347
193299,0.0009710355858382307
193300,0.0011966127874088529
193301,0.002497660735517143
193302,0.003542730452263211
193303,0.0006338312216379243
193304,0.006713308078427094
193305,0.0006942108565739693
193306,0.0023347382981732247
193307,0.05431177876178399
193308,0.0002305706405619157
193309,0.00032061153059425484
193310,0.0004927951853383668
193311,0.9662458260091558
193312,0.005900250216907174
193313,0.0054113295573115835
193314,0.012985711968890276
193315,0.02752024815320015
193316,0.0022387201599960434
193317,0.0010758334775912508
193318,0.0003617707780127563
193319,0.0007062761320775794
193320,0.0007946410354095493
193321,0.0002461270394664427
193322,0.0010795530170194783
193323,0.00045228370291972134
193324,0.00028606199431930164
193325,0.00300054001509965
193326,0.9915083123985905
193327,0.00016060237488581703
193328,0.0021133518244982807
193329,0.000905983143613047
193330,0.015253706956338578
193331,0.0009961187256544027
193332,0.06284724869848264
193333,0.0002643474401321548
193334,0.012574379449711924
193335,0.00030780395992122394
193336,0.000803085909029764
193337,0.0008602000279553433
193338,0.0003238375477546359
193339,0.003426837266138609
193340,0.0030959401130871895
193341,0.0018997744120952855
193342,0.0005171119903145674
193343,0.0018691071998031918
193344,0.03571647596286074
193345,0.0053249149305724846
193346,0.00039583972897125856
193347,0.9520652615481494
193348,0.00456884846863784
193349,0.0005315651633201913
193350,0.0007980246764013108
193351,0.0007087710805916711
193352,0.008622288702910715
193353,0.022602922773825248
193354,0.003416582057367063
193355,0.0007274986876413207
193356,0.0005628233955578978
193357,0.0007083136420422366
193358,0.0005761523857981761
193359,0.0010242300434183161
193360,0.05764273965993297
193361,0.0012500321921415894
193362,0.988631295135177
193363,0.06296052043413196
193364,0.00018648276761700267
193365,0.0010311803710369354
193366,0.001076465163997093
193367,0.00022979623622330068
193368,0.00027538599679829165
193369,0.0013380988035839086
193370,0.0004383170284610465
193371,0.0009960894897381148
193372,0.0003909014725545454
193373,0.014638443148641747
193374,0.0008326005272709054
193375,0.00046462484067345914
193376,0.00025539568577598364
193377,0.993513100556508
193378,0.0004367598995271386
193379,0.0023699352413444237
193380,0.007180414538407128
193381,0.00026370983849964834
193382,0.0008435676134004897
193383,0.0014346406589321832
193384,0.00032568873993181626
193385,0.0004282731946179905
193386,0.0006433275105096959
193387,0.004980052586170457
193388,0.0074621945327267725
193389,0.0019797973473091954
193390,0.0007930274505142135
193391,0.24349585969321116
193392,0.0019580742736709
193393,0.7309623217163264
193394,0.001894011134566205
193395,0.004145110133415899
193396,0.00015230788054779962
193397,0.024887066003339956
193398,0.0029649659299022554
193399,0.00018342608149132556
193400,0.00033797739080113456
193401,0.01753197502593859
193402,0.0028061095873264832
193403,0.0015801933120281714
193404,0.0007367430084432891
193405,0.019294367179648098
193406,0.9770130913924945
193407,0.0003307813426118777
193408,0.00018002134543064735
193409,0.0016926159515800998
193410,0.0008798424258223689
193411,0.0005773507577842771
193412,0.0007715715495811966
193413,0.002051053659576934
193414,0.018738409589229194
193415,0.0003010029406833531
193416,0.0009851328300224886
193417,0.0018443152240093434
193418,0.025764690300361177
193419,0.003644817450027605
193420,0.00033526120886370796
193421,0.00044143327603256803
193422,0.00019690375656275738
193423,0.0005848161035282997
193424,0.008896932633545166
193425,0.00023496867473883902
193426,0.0010186647302399096
193427,0.00015503818492500478
193428,0.001741245384277384
193429,0.0005538023072867083
193430,0.0025017227379144644
193431,0.01974194772820703
193432,0.00025645698697570143
193433,0.00032150564591337875
193434,0.0012302544198498646
193435,0.00035607808443292703
193436,0.9758881702830687
193437,0.0004722696503855249
193438,0.003526812270922899
193439,0.0005251663759699429
193440,0.0009340449554403551
193441,0.00025790436914195435
193442,0.0877115556388309
193443,0.12734040939650815
193444,0.0009792065157867744
193445,0.00048256485589160043
193446,0.00024393185408761917
193447,0.010866786602031277
193448,0.0006273066757200967
193449,0.9902011146144327
193450,0.00023496003908936365
193451,0.0013384081108154175
193452,0.0002124618050126183
193453,0.00016228562755514383
193454,0.00042040993186061055
193455,0.0007881712079612955
193456,0.000779233286547374
193457,0.0006197729689612327
193458,0.0005705236555336011
193459,0.9873952072708961
193460,0.0009351258586256033
193461,0.006221838967369279
193462,0.015440217033215787
193463,0.0008702107988048359
193464,0.0010768433917884568
193465,0.0007921051504886164
193466,0.00041619341564883916
193467,0.0002926393527413939
193468,0.009102657980163718
193469,0.030270684063350504
193470,0.0002749259783661448
193471,0.0007760281452808761
193472,0.0014506703550793607
193473,0.0022100911713687954
193474,0.00026795928964542083
193475,0.0006047134621753783
193476,0.001114200182101368
193477,0.000983763316583046
193478,0.0019069543736469892
193479,0.62845033000254
193480,0.9331893287289089
193481,0.0009248492075242143
193482,0.00028384869431119747
193483,0.9900953811904344
193484,0.0008289413051376235
193485,0.0009078052826557917
193486,0.009763707595931303
193487,0.1527563372018873
193488,0.0037872350680058123
193489,0.0554159364020612
193490,0.9957513221941116
193491,0.0005150003040428221
193492,0.008675620881239457
193493,0.001054440295875002
193494,0.00017600729314939576
193495,0.0003101514867991822
193496,0.07047975577994461
193497,0.007169070182953061
193498,0.0005547935221119256
193499,0.2046526780488985
193500,0.012222196472271534
193501,0.9553279705264993
193502,0.05074330395149501
193503,0.015053913251973285
193504,0.5697391281357183
193505,0.03470035248484402
193506,0.0015882892574597509
193507,0.00039452317232983164
193508,0.0003020521271535467
193509,0.001003498606260122
193510,0.0005767699765509659
193511,0.00023103909696679434
193512,0.0021584138311932957
193513,0.035589688533366595
193514,0.014202137545881144
193515,0.7938760953489286
193516,0.0095657880941491
193517,0.009153308772416283
193518,0.000734710794724615
193519,0.0020185289139593096
193520,0.0019645381090299483
193521,0.002599013885188982
193522,0.005234874883051199
193523,0.001570862948540274
193524,0.8675324863933257
193525,0.0005048179400837945
193526,0.00027636554349571305
193527,0.0028885228571097266
193528,0.9606818016952235
193529,0.0006207145808570104
193530,0.017445226803785005
193531,0.0005845751974156134
193532,0.9015753096102396
193533,0.017017383003071967
193534,0.0013667325485417308
193535,0.001146794201485733
193536,0.0036422556730402534
193537,0.0009454036469652955
193538,0.00032970191875172455
193539,0.00019316760382920666
193540,0.05639051797093236
193541,0.001839302208697581
193542,0.0006944384073937276
193543,0.8885239445660831
193544,0.0006118902932249923
193545,0.9956716567217154
193546,0.006401352593866113
193547,0.0038769818421497616
193548,0.0010543862182663766
193549,0.00036522995314672296
193550,0.00045438015393224016
193551,0.0006712365323169659
193552,0.0006742927514135991
193553,0.00026095299481684024
193554,0.0014996086842405008
193555,0.00021682564269812887
193556,0.9946556226585006
193557,0.9832435804900095
193558,0.00015859272164078957
193559,0.043478686823937955
193560,0.07714881813940777
193561,0.00040726929443981756
193562,0.006092092034973968
193563,0.0006369793005718081
193564,0.005153213284473158
193565,0.0003806929270820523
193566,0.0076151499306051015
193567,0.0002224302257845172
193568,0.012104196955888996
193569,0.0001511038080788752
193570,0.0003064228561192703
193571,0.010013820113431073
193572,0.0040668645229260695
193573,0.0002146484152257819
193574,0.8949228992230033
193575,0.01793685118629011
193576,0.9785592474852379
193577,0.006174532801583705
193578,0.0002563340623363656
193579,0.00017145822997320884
193580,0.0006256158639371762
193581,0.0018824640569399726
193582,0.003921324895534833
193583,0.0007884103278281567
193584,0.0016875579881469663
193585,0.0031585148352207136
193586,0.0007958223591134677
193587,0.9954501864153881
193588,0.0008083163928252924
193589,0.001205108993866503
193590,0.0001823649429568193
193591,0.0008195156034100939
193592,0.042743396897131705
193593,0.0007969613627158877
193594,0.061514031876776426
193595,0.00041530617357839493
193596,0.00390794519744862
193597,0.3637890686768607
193598,0.0013884143062342863
193599,0.9883553666186737
193600,0.01678672187947378
193601,0.9939067328949371
193602,0.04258299842407794
193603,0.0011269671004582775
193604,0.13200910529792256
193605,0.0004680706742324761
193606,0.0047093947095211645
193607,0.0006090249846581251
193608,0.01350055269578839
193609,0.011691916673604358
193610,0.00021379579158523315
193611,0.008536423181756951
193612,0.0005018636982155227
193613,0.0005794555460135899
193614,0.0008319069249984875
193615,0.23429734877209205
193616,0.00617663098612223
193617,0.9838988694024378
193618,0.00027917704832179267
193619,0.3318713859006217
193620,0.0005899168062367958
193621,0.001216010533356329
193622,0.9890094264200283
193623,0.0003283953510066598
193624,0.01575865125124355
193625,0.21569031705092778
193626,0.0013631177401444644
193627,0.0024953074722306227
193628,0.00039204402540557416
193629,0.01775398151450114
193630,0.0009409050092587637
193631,0.005704028703892405
193632,0.0009269417199838257
193633,0.0007570815980786609
193634,0.07232192534231373
193635,0.00035715238775352136
193636,0.08832183884447108
193637,0.0006424129676774225
193638,0.00027973547589705145
193639,0.03463545080118189
193640,0.0007665583937138579
193641,0.0016880107871073266
193642,0.07028015104299626
193643,0.00025808471013263635
193644,0.003602956998944507
193645,0.020813786214883098
193646,0.0015328510999993196
193647,0.27040566004393163
193648,0.013327106502888184
193649,0.0006342329010111361
193650,0.0007101604460187395
193651,0.011716846412694807
193652,0.00022977158903289096
193653,0.00034660127050002834
193654,0.0035325153658306505
193655,0.9930853500400596
193656,0.0005062406038708321
193657,0.37439319937489096
193658,0.00017946894025301527
193659,0.0003427778387127824
193660,0.010153649294912708
193661,0.019306008280362125
193662,0.9856913645790871
193663,0.0002611475303143906
193664,0.00041027750647286296
193665,0.007776984939376802
193666,0.0003104273516007633
193667,0.0005194704624336562
193668,0.00833941779156522
193669,0.07647500827651268
193670,0.0019981821327940564
193671,0.0026243155200249904
193672,0.0002776916531920581
193673,0.9930162255864483
193674,0.11593697892543817
193675,0.0004274906265364389
193676,0.005229662618373173
193677,0.9867778948904431
193678,0.00030356440573998185
193679,0.0002849672768410747
193680,0.0030904031659065227
193681,0.000817048070678378
193682,0.00039551996694481723
193683,0.014391521742020488
193684,0.0012310065525940122
193685,0.020721924702634224
193686,0.0003910495476266564
193687,0.019480600362565718
193688,0.00023212563034376285
193689,0.0006708833006606857
193690,0.04174852618040865
193691,0.0005345812588350876
193692,0.0022310490393055334
193693,0.009351804942082176
193694,0.05357105945696308
193695,0.004601810796857596
193696,0.0012502118371930607
193697,0.0006835249609303037
193698,0.007727809651960035
193699,0.0018988618439788724
193700,0.0008522445649887346
193701,0.3028865794477457
193702,0.00017951409143805388
193703,0.0008520253964979312
193704,0.00023473347858148186
193705,0.0007298924306059968
193706,0.0008675185629837436
193707,0.0006043091349526795
193708,0.0003089576393328172
193709,0.31690756509495344
193710,0.008250532279807824
193711,0.003205277708133158
193712,0.9940966619745628
193713,0.00964161581283571
193714,0.0002379501098116236
193715,0.00024606441938375276
193716,0.7272729526273373
193717,0.00916393064268723
193718,0.9938661146275036
193719,0.0002989544565607759
193720,0.000546743235067531
193721,0.003302643800597212
193722,0.0003082085531214465
193723,0.0006623675247434644
193724,0.0007954721734317423
193725,0.0006129980546431009
193726,0.0004514819663764691
193727,0.0003893957413930936
193728,0.0008630009308836874
193729,0.010162146053109318
193730,0.000516919426625298
193731,0.0012897963360298569
193732,0.00909710509994172
193733,0.0010934590890206274
193734,0.0001776311807176212
193735,0.006454792173468461
193736,0.00022711069598921213
193737,0.0008105225066745173
193738,0.051419044229079267
193739,0.001080909364495555
193740,0.0007994573030621104
193741,0.0008951855698402463
193742,0.028257347810719428
193743,0.0010585431546792667
193744,0.0015140303655048518
193745,0.0005965698018722676
193746,0.001003918512834246
193747,0.0002587027084876885
193748,0.0010655922337070222
193749,0.004212609871742042
193750,0.0023582566958992813
193751,0.001008787499791008
193752,0.0002834691614231659
193753,0.0023940080013401914
193754,0.0007862205090330769
193755,0.0003857636147197758
193756,0.020354751453345428
193757,0.001097444305978086
193758,0.000583368618823385
193759,0.0007633320045768959
193760,0.0012672323042755133
193761,0.0003414981606648369
193762,0.002203661907704345
193763,0.0002565542166126272
193764,0.9913734783229852
193765,0.0017057989452388845
193766,0.007933364605995644
193767,0.0001402246126332662
193768,0.42048384183620346
193769,0.0005510279783743434
193770,0.001769673833118955
193771,9.100997525458507e-05
193772,0.0010675885023363814
193773,0.016554908033702256
193774,0.00030363514374210103
193775,0.0008718678890315652
193776,0.9907163259635219
193777,0.0002784384055684564
193778,0.0011572201533564448
193779,0.0010185891754713593
193780,0.00035207218070424837
193781,0.001304062351834696
193782,0.0005349147065444573
193783,0.0006507219005770381
193784,0.001515622095819899
193785,0.46291781242130675
193786,0.006663819005636375
193787,0.002013444649441269
193788,0.9965698029787091
193789,0.0013283820312361295
193790,0.5336533967863127
193791,0.02983497268293444
193792,0.0002571592538511262
193793,0.00020555956181116385
193794,0.0005139413247477295
193795,0.06544560891855526
193796,0.0012038450407036918
193797,0.0007936978603960129
193798,0.0008829180282884832
193799,0.005651036508622688
193800,0.00021190323378000932
193801,0.00019514673263596808
193802,0.00022217965859104393
193803,0.1283503831425329
193804,0.014775787834709559
193805,0.0008454234558305121
193806,0.0016456970926572844
193807,0.9397299515135321
193808,0.014338741142561359
193809,0.00027212898020547626
193810,0.0007928332483756269
193811,0.0003495341333840342
193812,0.00037251272299302377
193813,0.0006598449762779503
193814,0.004031526858432998
193815,0.0003889645892222279
193816,0.0011867063358361085
193817,0.01683799070241213
193818,0.00037899091229723326
193819,0.0007548134428957858
193820,0.0005183424433162418
193821,0.0543053564965186
193822,0.0014036104876287714
193823,0.000585857940932726
193824,0.0004903016288235445
193825,0.00026910835239780354
193826,0.0001640369348000552
193827,0.00035338449731574066
193828,0.041052369515656106
193829,0.002933021296834464
193830,0.0035281631774187797
193831,0.005317412589527696
193832,0.0003260868218211972
193833,0.00040350296194193727
193834,0.0006291797667875928
193835,0.0007903627411781982
193836,0.9824436916246279
193837,0.0007669114923941658
193838,0.0037052973532729744
193839,0.0004603458505071341
193840,0.0008403409390299287
193841,0.0012655103418717502
193842,0.0003721437979613095
193843,0.0005423292698406708
193844,0.0004040363468736127
193845,0.0011575205547338571
193846,0.0008593886442946697
193847,0.00038554340574948324
193848,0.0002893210880688045
193849,0.0001972785722659153
193850,0.9610074058523772
193851,0.00026089334525834025
193852,0.0004011776670212978
193853,0.0007719628256489841
193854,0.0012313196667329577
193855,0.0003969099799030938
193856,0.0006857853189190736
193857,0.0006722776548954932
193858,0.9646323435346191
193859,0.0009618595967888571
193860,0.001734488942993382
193861,0.0006640720402671504
193862,0.0010003848806927457
193863,0.00037883428960763636
193864,0.00043503081428645466
193865,0.0011132451230151273
193866,0.0007024350253599742
193867,0.00034619262239659286
193868,0.3694002206300633
193869,0.014661396349687552
193870,0.0005262930893920632
193871,0.024484404652776043
193872,0.0007744157860812113
193873,0.0001659702980474807
193874,0.0006559210202479069
193875,0.989075127991925
193876,0.05129875950400524
193877,0.07152610556229887
193878,0.0005538087156806966
193879,0.00032687656556626177
193880,0.0005029339316578923
193881,0.02002550564798168
193882,0.0002625310628292771
193883,0.0029747340965416546
193884,0.0004923581390942895
193885,0.0013295589667074472
193886,0.000331069726931128
193887,0.0009441058076410374
193888,0.0005071120397122528
193889,0.0003762646764152708
193890,0.0020670713351718536
193891,0.006472080218287018
193892,0.0007033438199591109
193893,0.00028648716040495834
193894,0.005322684278538756
193895,0.00033515402544491326
193896,0.0016151834084805394
193897,0.00024382373965148297
193898,0.008546959127552795
193899,0.000353028846145215
193900,0.0007669117119515321
193901,0.0007833783810953629
193902,0.000845112958270209
193903,0.0005516983597247087
193904,0.000829063077944723
193905,0.13775319183709503
193906,0.03264408663935693
193907,0.003186347691876746
193908,0.0007894387977892074
193909,0.0006766365657152531
193910,0.022592866287607847
193911,0.002300846616363144
193912,0.0010825034416361411
193913,0.0004433479169274545
193914,0.0008891897624573478
193915,0.00029041387180660586
193916,0.00022067183152104725
193917,0.0007076117163651459
193918,0.03681293870390343
193919,0.002738580111373806
193920,0.00042124891102034124
193921,0.010034090535409032
193922,0.005197630798951206
193923,0.9945287598852665
193924,0.000430932139576145
193925,0.0004914689385101332
193926,0.0006396087953417919
193927,0.0017353667483227387
193928,0.002902236771938351
193929,0.012981387122353635
193930,0.0013759061601319549
193931,0.9924466937421162
193932,0.0013278745468261256
193933,0.0006008003424647839
193934,0.006808932994449333
193935,0.0005443785365300428
193936,0.0008496756072113882
193937,0.001288858652395335
193938,0.0008719565754756192
193939,0.012576103914909244
193940,0.0011854030201610799
193941,0.0011608635874133817
193942,0.015363233284641304
193943,0.0006856678295785907
193944,0.0344164778288885
193945,0.0003201740353685594
193946,0.0032975015113988534
193947,0.00042042149860972423
193948,0.004376262983555002
193949,0.011348503049206754
193950,0.00219630778808856
193951,0.0003309674327238196
193952,0.002029744254753726
193953,0.9733188622587013
193954,0.04683013031291355
193955,0.00033311894036513426
193956,0.0025760034939284987
193957,0.0020953126379930705
193958,0.0003562186146104071
193959,0.00033426480320073246
193960,0.0009262041645531295
193961,0.0010499530046122565
193962,0.0023150105694410435
193963,0.0003764049862650134
193964,0.0026095760988697684
193965,0.0003338822973157419
193966,0.0012441498966011446
193967,0.00030690958861426753
193968,0.0002897351488015849
193969,0.9935331342231879
193970,0.0004429757577331237
193971,0.00045047708259753565
193972,0.0001991341887907781
193973,0.0005193520394095903
193974,0.9637797083260655
193975,0.00019654558643498736
193976,0.00023307211503239623
193977,0.01054721984852954
193978,0.0009072756508095022
193979,0.00025155961240859323
193980,0.00022850356617069446
193981,0.014732594355082613
193982,0.00020249296814015143
193983,0.0003993989574430043
193984,0.0011665629547706485
193985,0.001105189281756089
193986,0.01436172917622582
193987,0.00028907983564288364
193988,0.0003641026924259427
193989,0.9810340621571616
193990,0.007031675207041554
193991,0.15837352065143617
193992,0.00017184691764503778
193993,0.00024692844793361163
193994,0.0018101309707049028
193995,0.6754538775085883
193996,0.0003907574728316832
193997,0.018192750738050167
193998,0.0023640758224634582
193999,0.00029946955033048107
194000,0.00043522328505325324
194001,0.0009779995768924021
194002,0.0016322207423521014
194003,0.0015730610147366693
194004,0.7935944073893568
194005,0.0012387992999120638
194006,0.0010683039651093033
194007,0.0024380592545396726
194008,0.0002015729349954347
194009,0.525773744873217
194010,0.0012939092571600409
194011,0.0003119715403671667
194012,0.00015286764682029315
194013,0.0007078831006076372
194014,0.002567765571254541
194015,0.003347732195897231
194016,0.0017620388560060732
194017,0.007816928473432409
194018,0.0002922037257022489
194019,0.00014905810867603053
194020,0.003797239423542023
194021,0.005062600907326166
194022,0.000709693357323251
194023,0.9916225525159835
194024,0.006122478925903529
194025,0.032273247956657765
194026,0.0005061296454287941
194027,0.0004301145069563246
194028,0.00997351639639943
194029,0.002003837458060669
194030,0.0029431752104158784
194031,0.0007685253972053049
194032,0.000693767874597266
194033,0.0005520822973031389
194034,0.00026040704976333434
194035,0.002246812063417907
194036,0.003209554286536432
194037,0.0001776953173870241
194038,0.00022806176718490891
194039,0.004642118279087275
194040,0.0030730871317542017
194041,0.0005821911620562761
194042,0.016750999089969153
194043,0.016082710675988668
194044,0.0011673883357726437
194045,0.011032051469434152
194046,0.0009693365894992228
194047,0.0016425871319964618
194048,0.007325410212534191
194049,0.0007816983505965702
194050,0.00029701176279989483
194051,0.0004079188572062725
194052,0.003364531794028488
194053,0.0002888537940000445
194054,0.0009735583878338618
194055,0.00019942858222307629
194056,0.0023595890727094826
194057,0.005967180808999076
194058,0.001703366134653281
194059,0.0006603088698268654
194060,0.000652370270616657
194061,0.0011302574657711673
194062,0.0014858953659354346
194063,0.9920636132170002
194064,0.0005704182232742421
194065,0.02925171508339238
194066,0.0003810650830723491
194067,0.0020437893476115444
194068,0.002847101161420971
194069,0.005282443839522775
194070,0.000290688176876671
194071,0.986927412407309
194072,0.009303594010027656
194073,0.0004298840789964291
194074,0.0016138386821446117
194075,0.059319577367359926
194076,0.006924036011351141
194077,0.0008765724434804759
194078,0.00020959187287415012
194079,0.004530534256435649
194080,0.00019046546610312475
194081,0.006371278715121373
194082,0.0010860974211244956
194083,0.00878609392456562
194084,0.00033444311002899175
194085,0.0007077666648114752
194086,0.0004483765534018345
194087,0.00018521893450164476
194088,0.0009510747158879955
194089,0.0006251049434174823
194090,0.03133871803279371
194091,0.0020282537862065086
194092,0.9891892048439347
194093,0.0010433266654276841
194094,0.9722177098302871
194095,0.9800696891224223
194096,0.00014361066112996828
194097,0.00020100426431126188
194098,0.026668969648428305
194099,0.000430773425262829
194100,0.03744349112070403
194101,0.0010901333680166368
194102,0.0002281974588515029
194103,0.002486528523590325
194104,0.019863357738538097
194105,0.00046792815645596076
194106,0.0007501852644389708
194107,0.0015618601713119967
194108,0.00438674369184044
194109,0.06680798258715377
194110,0.005565153551325458
194111,0.0002570426544596992
194112,0.001022964988424604
194113,0.00029882750328726813
194114,0.846039688818236
194115,0.0010910956561332803
194116,0.00019888362019624566
194117,0.0005618054361474505
194118,0.0004593294935752305
194119,0.0005492046188599258
194120,0.0005162899300083966
194121,0.0031662261812941558
194122,0.01510380320447961
194123,0.0003063422889061645
194124,0.01196443417366572
194125,0.000636514673453801
194126,0.000641786492495273
194127,0.0009432777107524503
194128,0.018412240196027302
194129,0.00025074767149124087
194130,0.0006242966107091612
194131,0.015742288662790514
194132,0.00023874278673980466
194133,0.0017788514959915021
194134,0.00016325447816975425
194135,0.00037391966730621057
194136,0.1254862128115126
194137,0.991807223271326
194138,0.22494476214457473
194139,0.00020747353632351374
194140,0.0008644431607934888
194141,0.0036165541032004674
194142,0.00021251330047273426
194143,0.0311360306602344
194144,0.008767519153014935
194145,0.00010403561216249888
194146,0.0008154250919180761
194147,0.0012119750678518824
194148,0.0008966379616940831
194149,0.8722999604616397
194150,0.0019028203416924473
194151,0.00022357530559828786
194152,0.00030036289151505805
194153,0.002357044520763383
194154,0.000624969232659673
194155,0.0004124421502570895
194156,0.0002442282669630116
194157,0.00035815685258927104
194158,0.7046583999497756
194159,0.0020459730908965502
194160,0.9946215954687044
194161,0.00018138168308714573
194162,0.010106972549315606
194163,0.022632587079599097
194164,0.04726851467393666
194165,0.0006638250750590983
194166,0.0035700795146299154
194167,0.8845493673047894
194168,0.00026192191729454184
194169,0.0007277233140779996
194170,0.0003289818591172366
194171,0.01653139561265607
194172,0.0003757857959350095
194173,0.0007613778570137127
194174,0.9917716574140903
194175,0.002681417773926531
194176,0.0001785061418472816
194177,0.009266723518849742
194178,0.0005218260544163755
194179,0.0023331858597221236
194180,0.0024167451655208888
194181,0.00040945551279256755
194182,0.9916454053474169
194183,0.0002241292921117836
194184,0.001002794529879984
194185,0.0025365947736033364
194186,0.00032250249813795315
194187,0.0023387044142137484
194188,0.00016460197049204226
194189,0.0004957163953796137
194190,0.000978650406061075
194191,0.00011382533180066488
194192,0.001857226041002463
194193,0.004662225796061971
194194,0.991899506562691
194195,0.0024578466763655795
194196,0.0007678255472753393
194197,0.988436556050161
194198,0.00020124645488336733
194199,0.00019302234274768
194200,0.00012940927991580137
194201,0.001759013860451587
194202,0.04807320804130292
194203,0.0025641727241407404
194204,0.0011211380250174179
194205,0.004641427736573875
194206,0.0016387894928524761
194207,0.012254509563688778
194208,0.7812152545063252
194209,0.9932705093989211
194210,0.06705698336848172
194211,0.000988712591700731
194212,0.0016108834752229326
194213,0.008262333663741786
194214,0.0010789288529168843
194215,0.001402095644541745
194216,0.9865997016172182
194217,0.00025967856472252016
194218,0.00024651858107394497
194219,0.00046660814284598296
194220,0.0008960955737499199
194221,0.0003864770442689312
194222,0.00023691766244062236
194223,0.011304027754094566
194224,0.046350090759332246
194225,0.0002551265484449386
194226,0.9976968784573046
194227,0.0005743100303034575
194228,0.9263169452859665
194229,0.0005819129556724165
194230,0.08738788386289835
194231,0.0005212794941935928
194232,0.0005291743831926198
194233,0.0025668870447133414
194234,0.0002673157673970912
194235,0.0002041310734810485
194236,0.000853898305991233
194237,0.008233174118905486
194238,0.0009441459771253733
194239,0.009397791486068563
194240,0.0004492427175036022
194241,0.041416984631226686
194242,0.0018577973677612093
194243,0.033639349982977254
194244,0.011963558978087686
194245,0.0007039634860526592
194246,0.0014242186142157016
194247,0.0009597266770531839
194248,0.0014335784917414768
194249,0.005840774486617611
194250,0.00038691425058025547
194251,0.0024667126064962337
194252,0.0004196965396660104
194253,0.0018993242871921164
194254,0.05001515039007765
194255,0.0008699455872591379
194256,0.002848781243495586
194257,0.0006774549775293207
194258,0.003191811209651271
194259,0.9491549707913948
194260,0.001464489809969474
194261,0.0019085496778460168
194262,0.00015790765194530066
194263,0.00022181345631375055
194264,0.02999685218092403
194265,0.00037287797297746875
194266,0.0003611443162203794
194267,0.0033561162484894063
194268,0.0031150278728308933
194269,0.024918897843737523
194270,0.009429583939046015
194271,0.0006617569659919613
194272,0.00016113166250313716
194273,0.00021778210126178102
194274,0.0008154319318971636
194275,0.0010107100922480575
194276,0.0012721059020331085
194277,0.00012368964752098894
194278,0.00016387508160447238
194279,0.9830201701477919
194280,0.001060656819850373
194281,0.0016392815166959057
194282,0.0002973286054689859
194283,0.9740494946116475
194284,0.003401843921879717
194285,0.0003206520384963281
194286,0.9880895020265952
194287,0.010938481925497867
194288,0.0008208829426279782
194289,0.001746423027019482
194290,0.0003591123583302275
194291,0.0002949769269310551
194292,0.0004255773814959254
194293,0.0006219008941529802
194294,0.001030152316342199
194295,0.0004886796316096851
194296,0.007609269595367893
194297,0.00019036676402345114
194298,0.0009759783693672984
194299,0.19532840221463374
194300,0.0004880990914262812
194301,0.0014660028527895821
194302,0.984346573526672
194303,0.00017862363429357758
194304,0.00023625764111588464
194305,0.9929874307867503
194306,0.0012850361834277348
194307,0.000664183243364656
194308,0.00027132693794240464
194309,0.00022824156396325683
194310,0.00038358288962443644
194311,0.0005200776441494921
194312,0.0014884368087271901
194313,0.0008840686430744937
194314,0.7028194977136036
194315,0.0004381385836434591
194316,0.0002721112802448967
194317,0.0005748112354693558
194318,0.019174371590816842
194319,0.0005025157865909797
194320,0.0002845619988702241
194321,0.00024518134905975584
194322,0.00032359766388757774
194323,0.0015174138718197683
194324,0.0016260574964697702
194325,0.0010946202973572212
194326,0.012614947939939239
194327,0.9813161727995682
194328,0.0013841036314091429
194329,0.00022002571157588531
194330,0.00036833497239240233
194331,0.9876936460130543
194332,0.0003033560325729004
194333,0.0016719159263482144
194334,0.0007215499296039145
194335,0.0013020729508483478
194336,0.006948533906068678
194337,0.0002706583001334149
194338,0.0007146649124699277
194339,0.000836827136695059
194340,0.0005656607506565272
194341,0.07572671240932982
194342,0.0001992567489729433
194343,0.0017115414571649882
194344,0.03242823239167765
194345,0.00034399825724081224
194346,0.0023298932431248505
194347,0.3662991199620829
194348,0.000658007433323159
194349,0.021741959366559968
194350,0.07501151572397607
194351,0.0002927813529853758
194352,0.22166365166732005
194353,0.001115160670863695
194354,0.3126137875938425
194355,0.0012678848434740308
194356,0.0008170543053982799
194357,0.0006931251549420764
194358,0.00016862705234409824
194359,0.00017999322241268455
194360,0.0006773693962990809
194361,0.00029308555980540245
194362,0.0023294754688650524
194363,0.008827393534326409
194364,0.0017441210077679505
194365,0.0027933057442142348
194366,0.9872252161812988
194367,0.0011827242192640453
194368,0.0005744950730974075
194369,0.0004596400911157643
194370,0.00040122422771706633
194371,0.0019565493911879914
194372,0.0014165748686849756
194373,0.07599326673058746
194374,0.0005098971255193222
194375,0.000699607291838322
194376,0.00018430199189441672
194377,0.004026014459381303
194378,0.0008873106964205707
194379,0.0001712070546047388
194380,0.1517486546605061
194381,0.00046543673075482916
194382,0.0008992057391242985
194383,0.00023528421836796932
194384,0.0004730327967241717
194385,0.0034124283067593895
194386,0.000308455928800125
194387,0.7369645998331609
194388,0.3242155152026891
194389,0.0030215875011488343
194390,0.993709519866059
194391,0.0006963110686315847
194392,0.0006211704679199168
194393,0.00044494939599885397
194394,0.00033051331387694234
194395,0.0005696117694094655
194396,0.006876562447970242
194397,0.009085484661952232
194398,0.024612467787147294
194399,0.0003549543970744645
194400,0.9911711905502714
194401,0.01712362299803807
194402,0.00035412574827706103
194403,0.0004311256175327725
194404,0.0003623308637763217
194405,0.0009860390199063233
194406,0.0004092585912223502
194407,0.00018131534964617392
194408,0.0011437011236695971
194409,0.010441671506009494
194410,0.0009107349598959413
194411,0.003208633610268077
194412,0.9892970731137999
194413,0.30312009885029384
194414,0.00029881699379739364
194415,0.0025561516105105896
194416,0.005768996817156207
194417,0.08790019734657677
194418,0.011865158712262259
194419,0.9888756035259212
194420,0.0004551369483361142
194421,0.001997375462759777
194422,0.002324761605798641
194423,0.01188627169227376
194424,0.010015446525857558
194425,0.00014553082342433636
194426,0.015182144907076457
194427,0.014821356230335628
194428,0.00044354030677350403
194429,0.0029357079420774613
194430,0.9941960205003026
194431,0.0004395428587107993
194432,0.0073187210809160935
194433,0.005469465576740306
194434,0.00787095875089919
194435,0.0006576550922431187
194436,0.00026892825736342526
194437,0.0018914521212356507
194438,0.0015783290525910472
194439,0.0007263189125772507
194440,0.0011995187702400802
194441,0.0002649655385569126
194442,0.0010717343563670465
194443,0.034878429722373316
194444,0.9898439992014983
194445,0.9961398236825398
194446,0.0009381121109820226
194447,0.0007875407569438406
194448,0.0001978679920575835
194449,0.04185847821784445
194450,0.0005087563406053839
194451,0.0005084024330538094
194452,0.11965092302844514
194453,0.0031644077593346036
194454,0.00034733255104371343
194455,0.0005786659692803815
194456,0.0014913569149158814
194457,0.001259238299398744
194458,0.04305259374928119
194459,0.00570715048572317
194460,0.0010779975463196644
194461,0.00031144086925484975
194462,0.0017179781302383852
194463,0.0007080156150001067
194464,0.00045843822158400465
194465,0.9909168742524803
194466,0.00013271873826513193
194467,0.00027972772491859744
194468,0.0007215523063915083
194469,0.005646222337604152
194470,0.9781294695007439
194471,0.13120283262399243
194472,0.0002544095763458539
194473,0.0003775431457451209
194474,0.00031276381899549406
194475,0.0008284773789520758
194476,0.0002564804739522375
194477,0.0020576739322549814
194478,0.9480130145810207
194479,0.008884321999690723
194480,0.0004856862031649135
194481,0.00021288199867977952
194482,0.00042285744554242474
194483,0.0006199394043903552
194484,0.00909004636980706
194485,0.9900538236046136
194486,0.008863059510431143
194487,0.0003058594824532342
194488,0.0015537451092857819
194489,0.024866003280852735
194490,0.00039472307987658384
194491,0.0039074063012125996
194492,0.0005839685986575543
194493,0.9965803644864081
194494,0.0003461595188865141
194495,0.002874601319302668
194496,0.0041125331764955
194497,0.0008286777956896769
194498,0.0001942350052854705
194499,0.0005185968010589817
194500,0.9899084289131715
194501,0.010271145532413447
194502,0.00014374919311841818
194503,0.9963951262286858
194504,0.00702167987221426
194505,0.0006725026184289852
194506,0.00019282152988250842
194507,0.00030021639495642435
194508,0.9869808729635866
194509,0.001560579462232262
194510,0.0006150117988227624
194511,0.001126928191467232
194512,0.00015842548866733515
194513,0.9956000794868815
194514,0.0002807518728924265
194515,0.00019616348116004785
194516,0.0015180966669557
194517,0.0014752417719918448
194518,0.0013483526884419215
194519,0.0007122179810418456
194520,0.0016327181665286709
194521,0.0036677844921825077
194522,0.00289877096607951
194523,0.0008813350404853133
194524,0.0007163735648479596
194525,0.002348114191954802
194526,0.6781576075438772
194527,0.001636125199994231
194528,0.026397552837073752
194529,0.0038162960751866393
194530,0.000347570727846585
194531,0.0006846989282179008
194532,0.00017801368857804786
194533,0.00028696886916447994
194534,0.009512302821914754
194535,0.00034137464747204357
194536,0.00045908483907988024
194537,0.0008000723082933217
194538,0.00019621627398701128
194539,0.0006707975145648771
194540,0.001095955589536749
194541,0.0023969092097508807
194542,0.00038928668218565126
194543,0.0446020982921526
194544,0.0005286671839584732
194545,0.004174788177883704
194546,0.0007789519145417155
194547,0.00021655492166406954
194548,0.006715689694537678
194549,0.0003122797875082795
194550,0.008714986061095203
194551,0.9942054156830561
194552,0.0008281179785167525
194553,0.0008902503824258333
194554,0.00021077637622814353
194555,0.027923539053340468
194556,0.00024691657625725493
194557,0.010552332395820336
194558,0.00016517441497332824
194559,0.0005026682511142702
194560,0.0377338391288056
194561,0.0011782534972080937
194562,0.0007186003016278747
194563,0.0010661707537159128
194564,0.15257681631988
194565,0.0005293502024189684
194566,0.0005392442319557712
194567,0.017475088533034595
194568,0.00107046455572706
194569,0.00032236481625004114
194570,0.0035224551181662327
194571,0.00025335088122792885
194572,0.9909650142685881
194573,0.00033744012062906955
194574,0.0007613620873911501
194575,0.0005598277778019775
194576,0.0004673674541508477
194577,0.002536428725819221
194578,0.0007250935457596461
194579,0.0007812573936993607
194580,0.04629397002603163
194581,0.004296222935169778
194582,0.00038416968103432866
194583,0.008218937541664986
194584,0.0010153637671743375
194585,0.011198421627648983
194586,0.002022513490881366
194587,0.0008669558836081627
194588,0.9871295316954772
194589,0.0033005175957624847
194590,0.0004873539523075615
194591,0.0004934161308654569
194592,0.9882408322497505
194593,0.0002364249847042645
194594,0.9834616754341029
194595,0.0005972218324879743
194596,0.0005253388282830115
194597,0.0013340148201817
194598,0.00125626924981577
194599,0.9919531400510415
194600,0.0005278814240134483
194601,0.00018200659213035857
194602,0.00032956641532377927
194603,0.0003645182305948104
194604,0.022531259476666576
194605,0.0005251486173140572
194606,0.0002622854230419005
194607,0.0003159753240569888
194608,0.0001455485554661764
194609,0.0004977247172071831
194610,0.0014941244551861365
194611,0.0002362232454931695
194612,0.001998502143849285
194613,0.01379694335214651
194614,0.0002624280733716878
194615,0.0038141949454287114
194616,0.00035575241602344197
194617,0.000978800559760991
194618,0.001848397588896012
194619,0.9864486788402628
194620,0.0024396911788808566
194621,0.00016494157413225467
194622,0.00030636936524102684
194623,0.00043742825431327195
194624,0.0021964290782512416
194625,0.00023193554473037212
194626,0.9931458919454291
194627,0.01548053167374181
194628,0.005510857743190294
194629,0.0005108506432339411
194630,0.0004355711196311272
194631,0.0003280068267904393
194632,0.00019102041775443513
194633,0.002845387619433099
194634,0.0006916185644884541
194635,0.002530237130957636
194636,0.00019330509757397275
194637,0.0013037981455796238
194638,0.8678459064613836
194639,0.03310170803579127
194640,0.018106597262575377
194641,0.005930757660599825
194642,0.9893816887070219
194643,0.00031579027188880654
194644,0.0006717966653227533
194645,0.000381547760490884
194646,0.01706504522399012
194647,0.00018042131052402397
194648,0.9921766732855309
194649,0.007670103803929284
194650,0.00746705445334351
194651,0.9761548165367587
194652,0.00026309203304732067
194653,0.0024163534897049792
194654,0.015706431665076844
194655,0.008921814131926279
194656,0.00021599633665530534
194657,0.9854273106572383
194658,0.0009335542995913727
194659,0.0003667634036731028
194660,0.002310386223330291
194661,0.0007327010015026827
194662,0.04355177321565733
194663,0.0019461363094084223
194664,0.0017015121638945029
194665,0.9949953049843766
194666,0.0012720047183905684
194667,0.00029323730899304286
194668,0.0011626281136623564
194669,0.05442548969098252
194670,0.0006422454726604025
194671,0.0018225443296165194
194672,0.0006119393622265115
194673,0.00031526855716510805
194674,0.00626901521402782
194675,0.992203599703442
194676,0.00109703941567911
194677,0.009734736681428541
194678,0.0011996930472839642
194679,0.00021459938310157607
194680,0.0009699464228529193
194681,0.0003175531830698862
194682,0.005427058744455146
194683,0.00016486464623878056
194684,0.00022259563390154144
194685,0.0010221820312906655
194686,0.19127518106088262
194687,0.006182671998036839
194688,0.005576776596855186
194689,0.04156527153318841
194690,0.00024098215723797122
194691,0.0020859445974174095
194692,0.001964535757319851
194693,0.032766846577008374
194694,0.0002876118592834165
194695,0.0009984094136857974
194696,0.0028646212058308826
194697,0.0005300347330804865
194698,0.00037834242538600945
194699,0.00036243326897109307
194700,0.003721761776366091
194701,0.000562357555162516
194702,0.0005314568226390272
194703,0.009136667882190115
194704,0.006604821937328336
194705,0.00019721309494069236
194706,0.00034654554128113615
194707,0.00021227160002636495
194708,0.0008309765506628453
194709,0.0002747647705517689
194710,0.001008872039785468
194711,0.003522113932927736
194712,0.03636982030168112
194713,0.0022317479986405896
194714,0.002400969832980656
194715,0.0005962924654965855
194716,0.9649989147843714
194717,0.0012979169096348703
194718,0.002285831161129919
194719,0.46720283314943767
194720,0.0031428835251841205
194721,0.00436760163163716
194722,0.005649175255444358
194723,0.00020540822576697087
194724,0.00024202676821703315
194725,0.012218853589026236
194726,0.0006578141156103486
194727,0.00044633325461614103
194728,0.002000723881237222
194729,0.0011435202466320118
194730,0.0003229988371105185
194731,0.0006944129866254488
194732,0.0002778588569105498
194733,0.00029068869673810855
194734,0.0005633237068435316
194735,0.00012083757510058476
194736,0.11000292717896949
194737,0.00047071564262543905
194738,0.00976493659418677
194739,0.06716303241195097
194740,0.003112522027041368
194741,0.009452174000679034
194742,0.004378300880185245
194743,0.018830540350105646
194744,0.001277025890851776
194745,0.0007964338745153369
194746,0.001407779435006528
194747,0.0012933675606503962
194748,0.0006470157015348166
194749,0.0004486575074473766
194750,0.08938340225358872
194751,0.0011050445531341515
194752,0.09641534553660368
194753,0.00030305186080182775
194754,0.0002764631186079871
194755,0.0011010675932557265
194756,0.0013565209400449865
194757,0.04523461626527127
194758,0.0004137367880661444
194759,0.00038451357036691506
194760,0.007634993923280844
194761,0.00023863592701890812
194762,0.0007968602836312002
194763,0.0007306294211376535
194764,0.9800209509214696
194765,0.0004467756686236666
194766,0.026017248367377895
194767,0.0003124253148097696
194768,0.0003391184350107978
194769,0.000622446311361334
194770,0.0008259407360625251
194771,0.0004073465411647871
194772,0.0011115774239164166
194773,0.00016242517892675772
194774,0.0005337671285434561
194775,0.9766093375832531
194776,0.0009690407165293152
194777,0.00019849578779068333
194778,0.00026795450069237595
194779,0.8578604598962447
194780,0.0030249129478986427
194781,0.9875266762751768
194782,0.0002172581450996089
194783,0.000950450969694275
194784,0.00025055272890737117
194785,0.005708204862660504
194786,0.02980297753520718
194787,0.0004982354023027633
194788,0.053986994991319044
194789,0.001157850942375829
194790,0.0005071485418110986
194791,0.0002781919261612826
194792,0.0003390234709215386
194793,0.021693162286797078
194794,0.003110380352074441
194795,0.0022249771972257795
194796,0.1032032892469242
194797,0.00046561107297345513
194798,0.0006857985012904492
194799,0.000594047429891407
194800,0.011504620068393211
194801,0.0004981898179773663
194802,0.0005046688403361992
194803,0.00024555097928139635
194804,0.005016029110233608
194805,0.0009007356952987057
194806,0.9857942471938226
194807,0.0009793347066388508
194808,0.059996376906898866
194809,0.0013059140243363418
194810,0.000510433500311011
194811,0.0014008871135807448
194812,0.0010061873541823553
194813,0.000471413623135421
194814,0.0002225889809390346
194815,0.0002758614943687769
194816,0.012580403451094657
194817,0.0002580648823992178
194818,0.00013618569871003654
194819,0.13862750996783527
194820,0.001283511344000874
194821,0.00228623201005911
194822,0.004217844507453097
194823,0.010050734180793917
194824,0.005049274161713253
194825,0.0010554975323359245
194826,0.03675294642545016
194827,0.001462375941882059
194828,0.8777424868541117
194829,0.005490859143001128
194830,0.0028729233102816705
194831,0.41450227703910575
194832,0.0006730583779325784
194833,0.0011609506465339835
194834,0.24380345104214562
194835,0.9858839873727986
194836,0.9496728538559588
194837,0.0008711107279300617
194838,0.0007284362512835851
194839,0.01186482059958095
194840,0.0003736895669614504
194841,0.0020240029875200766
194842,0.010212080737569827
194843,0.001111558818135464
194844,0.0009131051562662227
194845,0.01976212748438094
194846,0.0009612067423244078
194847,0.00046459069149368026
194848,0.001305040623980787
194849,0.0006308068494477264
194850,0.0005363889023190017
194851,0.00032231071220459366
194852,0.006115345833018635
194853,0.02810944476374117
194854,0.007431035043100413
194855,0.0004534047993558176
194856,0.003084440120326054
194857,0.00035249285843296543
194858,0.0002321816510072346
194859,0.00014058231593466403
194860,0.00065756186733596
194861,0.00026734680925381957
194862,0.0036621170357502776
194863,0.0011457532287128948
194864,0.0008609554121414374
194865,0.0001531005172469083
194866,0.0014230374120844582
194867,0.00032038722948236
194868,0.0002243529729144912
194869,0.04430769772674802
194870,0.00015841822547573123
194871,0.0011834932411187572
194872,0.0001744997963519323
194873,0.00039107901067405833
194874,0.00028634269969084175
194875,0.0018026731021772008
194876,0.0006222145544319323
194877,0.0007757937562840421
194878,0.0008496620411709894
194879,0.0009294979638413821
194880,0.00041133432189722775
194881,0.002819011092727412
194882,0.0001777736871418552
194883,0.00016419641699570923
194884,0.0008853667795972473
194885,0.00017948891830485452
194886,0.00020719318299091517
194887,0.0029773046208894723
194888,0.0007794007646409454
194889,0.00822143488866177
194890,0.000719484574806812
194891,0.0011255804121717036
194892,0.0013344957996594502
194893,0.0023683483174978966
194894,0.003108989215653622
194895,0.0006135332406719357
194896,0.00045844917524008664
194897,0.004525670502656364
194898,0.0020072227102900784
194899,0.007337059387731556
194900,0.00216064223202112
194901,0.0008487319376584265
194902,0.0006575078622777465
194903,0.00031199643775201756
194904,0.0004827043034394393
194905,0.007863237117065427
194906,0.005637335472477998
194907,0.0002167112371577249
194908,0.006688081518430135
194909,0.0001231723081611809
194910,0.00028377422268025405
194911,0.00016420820850088162
194912,0.0157100491724357
194913,0.0047126872826418675
194914,0.015235459172582478
194915,0.000720609990873638
194916,0.000627595717417647
194917,0.0035772859872431153
194918,0.0007124623902410961
194919,0.9600839781859728
194920,0.0006529650524482757
194921,0.9850505270886974
194922,0.0008440694527563823
194923,0.003185283218843718
194924,0.001774868576660809
194925,0.00343658963870981
194926,0.0004155639011199608
194927,0.00021334502395036877
194928,0.008221934193629994
194929,0.0009216152044782055
194930,0.0003080645019159317
194931,0.0005142162741914781
194932,0.0013799396588172308
194933,0.012787769131874785
194934,0.9706883499742707
194935,0.013013938523189316
194936,0.00025619331923748046
194937,0.9894416373423675
194938,0.00043593727747376
194939,0.0006856793726014827
194940,0.0005202432570189806
194941,0.009188591571226529
194942,0.000335934806337531
194943,0.000305390478921548
194944,0.00022599911827549574
194945,0.996809857175006
194946,0.0004992802456543268
194947,0.0002261551894236751
194948,0.000632188330970201
194949,0.000270994603178325
194950,0.022704555512854004
194951,0.07657115573370338
194952,0.0006532343459998374
194953,0.0019546227698786327
194954,0.025828864302589245
194955,0.014186461736809104
194956,0.997560041846171
194957,0.0005666292312809855
194958,0.0003743013186685169
194959,0.0006558672810852392
194960,0.01786996767300799
194961,0.00026775465011086346
194962,0.000412325044929826
194963,0.0010093404596217105
194964,0.9898697113398884
194965,0.007232765905888867
194966,0.002125148763464331
194967,0.0002861450960900772
194968,0.0007329931944385935
194969,0.0004517355501930243
194970,0.00024143763267073844
194971,0.0007347130864780981
194972,0.00016850901498950552
194973,0.00022310299556418985
194974,0.003493997850666024
194975,0.00016594086440458656
194976,0.0007328746293146419
194977,0.00023533552667980953
194978,0.00040466778126506614
194979,0.0007704684501365129
194980,0.03424614812423897
194981,0.004989326850937615
194982,0.006135762490367745
194983,0.0004688677534794158
194984,0.00038154978820123146
194985,0.0003842460317734996
194986,0.07133361567365712
194987,0.00025272871600806086
194988,0.0005830692232561869
194989,0.041803052662938676
194990,0.00025138936245944487
194991,0.00041419506029098614
194992,0.00833820120814919
194993,0.00035933756501453054
194994,0.000195122528013355
194995,0.0032129374968890368
194996,0.0009756249242262033
194997,0.0003483605276623782
194998,0.002186908253871624
194999,0.0017970533339571116
195000,0.001170972039329285
195001,0.1497226509420188
195002,0.0001263900283416656
195003,0.001128704578645261
195004,0.012977898239094489
195005,0.00018559947765842702
195006,0.015319949136559097
195007,0.0005996411609031462
195008,0.0004683391771368587
195009,0.0032415382869342155
195010,0.0003794042462317803
195011,0.0007085200732211133
195012,0.5867352565550213
195013,0.000502527915382646
195014,0.007843439092114882
195015,0.9937372961030113
195016,0.006308751102484442
195017,0.0008993857105829909
195018,0.002175304441347775
195019,0.006024226815882887
195020,0.0008086862957056078
195021,0.0004617985426946256
195022,0.0038138600560644817
195023,0.002079788474389401
195024,0.0034929267155849033
195025,0.0019613684455761925
195026,0.9923943970250988
195027,0.000193620609460294
195028,0.10093846909947475
195029,0.000994550432786414
195030,0.0011071375010677689
195031,0.002778076187754699
195032,0.00020017114974665016
195033,0.00019690922108452945
195034,0.0012109880073951317
195035,0.0021883674381351207
195036,0.0029838121615127955
195037,0.002131485946765772
195038,0.007477495462936974
195039,0.2649525180042965
195040,0.008004109052096881
195041,0.00036259985828359954
195042,0.005454352289954088
195043,0.011687124165543983
195044,0.0003034498843747063
195045,0.0006013268411020998
195046,0.0007158900375371116
195047,0.0005807556669392818
195048,0.699457864423513
195049,0.0022220062167821065
195050,0.00021464933660969416
195051,0.9901110617029273
195052,0.0003795068144314273
195053,0.0007747250452408444
195054,0.001461592642516648
195055,0.0009203879342475808
195056,0.0007427078752293492
195057,0.0002803784181823585
195058,0.8670417804583757
195059,0.0004235173064179963
195060,0.0008017537584120726
195061,0.007527861745144749
195062,0.00027286543131862785
195063,0.0004620370586045087
195064,0.00029426103316125844
195065,0.0008547669108315645
195066,0.07331039903021744
195067,0.001794417925766017
195068,0.9926556948978008
195069,0.0005057150307033454
195070,0.00033990202301353097
195071,0.0007711069081454566
195072,0.001497213175715655
195073,0.007840383450686765
195074,0.0017192767241433892
195075,0.0010034794571187632
195076,0.0018983569052851456
195077,0.009599254209659186
195078,0.0006377987847774902
195079,0.00020559224923228387
195080,0.0005355585317913768
195081,0.9938000875771946
195082,0.0006099330594866009
195083,0.0012783872562249442
195084,0.0027955304435449716
195085,0.001440843307565549
195086,0.0007963740887052464
195087,0.017009643031456145
195088,0.00069758485143338
195089,0.00016867090299188932
195090,0.04371623805873541
195091,0.9927465460071343
195092,0.0006638574287586011
195093,0.8226488500689246
195094,0.00020454180259615363
195095,0.0008512290525172296
195096,0.0011801526465715004
195097,0.9835683153204653
195098,0.8224619634227247
195099,0.0059996898801441285
195100,0.007243726602238515
195101,0.001076243611762191
195102,0.0006868454686257061
195103,0.00022788436845590503
195104,0.0004257556274815466
195105,0.0017271705539568772
195106,0.00022945301512052922
195107,0.00021733528508809116
195108,0.001228233920847413
195109,0.0006841447294157044
195110,0.0005066524635413607
195111,0.12224287132027072
195112,0.00159112258274471
195113,0.007319255245093027
195114,0.0004842794632826416
195115,0.0008129697542525549
195116,0.036959111880049515
195117,0.0009774285856412911
195118,0.05976119187818039
195119,0.002120821847486892
195120,0.0004406108462887423
195121,0.000601242329902837
195122,0.0013304306873319622
195123,0.03079317651227211
195124,0.0007238302276133553
195125,0.0005909079322303358
195126,0.0009359391532689002
195127,0.050888430067785144
195128,0.0006302253618527998
195129,0.0002725875941425574
195130,0.0010941316578152401
195131,0.0027965451111309405
195132,0.0009170780578866292
195133,0.00022312081321908164
195134,0.0003708047276962497
195135,0.007536433128400151
195136,0.0007380632201783018
195137,0.00027692235293985066
195138,0.0033002508587718833
195139,0.005215323385331086
195140,0.0007490025602360656
195141,0.005106992925296857
195142,0.03685913994404109
195143,0.0002339904767053694
195144,0.0009422616460017499
195145,0.10838757519799719
195146,0.0004673654979259853
195147,0.008817360480305755
195148,0.008279673443739305
195149,0.001011074608676374
195150,0.00036089592445233095
195151,0.0003862923100787599
195152,0.00782766409406988
195153,0.0014772218196608255
195154,0.9867874284180641
195155,0.991363423901519
195156,0.00020678980662341482
195157,0.02431812496231987
195158,9.967267880352916e-05
195159,0.00674496172856178
195160,0.0002309145905631795
195161,0.0004550945700786539
195162,0.0015004067083925824
195163,0.0035866087951840985
195164,0.004383348534808542
195165,0.0014828024576458354
195166,0.0004808382727798408
195167,0.001049438023071345
195168,0.0007807992755370982
195169,0.00032212222086961317
195170,0.0003271269244193919
195171,0.0007101541945543555
195172,0.0005261900291376386
195173,0.0005099839576647065
195174,0.00832796140509818
195175,0.00020615204565361002
195176,0.00027958245678106085
195177,0.008580437020312623
195178,0.005672166464522269
195179,0.0022607708229180133
195180,0.0005871386634350886
195181,0.0022386044047048663
195182,0.9920185797663019
195183,0.005084457236622478
195184,0.980141338064521
195185,0.0006715709074033798
195186,0.001395905818968339
195187,0.012805393006145268
195188,0.0004913823430233947
195189,0.00044060617009248655
195190,0.9960403774489475
195191,0.00041404890622332596
195192,0.009918272473052698
195193,0.000530287790202242
195194,0.013065063121867879
195195,0.0008395838359163117
195196,0.0020028333089064675
195197,0.004537825580614775
195198,0.00022299889564079855
195199,0.956044392611457
195200,0.0005198462823393981
195201,0.0012827290966855264
195202,0.00022688838127730054
195203,0.001659716367025604
195204,0.0022567420887017876
195205,0.0025703770153911254
195206,0.00038452774261492047
195207,0.0004023057538516747
195208,0.005553496885411521
195209,0.01783295918407754
195210,0.0005905674010417109
195211,0.25831604395419305
195212,0.000428322324438176
195213,0.0008401247692650686
195214,0.0005524602409874697
195215,0.05580160351176094
195216,0.0016961405742268636
195217,0.06587357305842424
195218,0.016278996872507237
195219,0.015356954392632528
195220,0.005416238406117665
195221,0.0002634648354493779
195222,0.0003335263046370696
195223,0.003607043636355789
195224,0.002688919395416374
195225,0.0004534855254188587
195226,0.9603319678754839
195227,0.0024007037194537614
195228,0.0006015050875051424
195229,0.9913181447753557
195230,0.0002986172410460363
195231,0.008210086611535381
195232,0.0006958597688732244
195233,0.00028457809444015623
195234,0.00021960599622979546
195235,0.0001660134541202691
195236,0.0001825788807390102
195237,0.9846555846290216
195238,0.01868411730464935
195239,0.0017031683613554906
195240,0.001750859892667431
195241,0.0026610259346481237
195242,0.0003353242679064355
195243,0.0005142091626685199
195244,0.001095192988396598
195245,0.0003363928966533349
195246,0.036627604492568994
195247,0.9809757587480392
195248,0.96871894631823
195249,0.46895886348216215
195250,0.0003636188971750351
195251,0.0050983882166173635
195252,0.00031527243943481825
195253,0.0003682612484921157
195254,0.9864753960335209
195255,0.00033083922277211134
195256,0.0003356840264447153
195257,0.07484573904867403
195258,0.41187432391212386
195259,0.004327925424990444
195260,0.006167649660907622
195261,0.001084860430929957
195262,0.03128538090062012
195263,0.00032341567976830986
195264,0.0017900492209366981
195265,0.004807057626553607
195266,0.00022608812153013933
195267,0.0002857290608763603
195268,0.0004354080474900924
195269,0.0013383037847697608
195270,0.00041081864122088
195271,0.000547464603704722
195272,0.01011356566691572
195273,0.0011781351640319556
195274,0.0003115099203365057
195275,0.0008379774245128966
195276,0.001315496604552952
195277,0.0013757351082012
195278,0.011571804654229976
195279,0.00015751269082300054
195280,0.9890400753707042
195281,0.00048581280330665944
195282,0.00419177415926963
195283,0.0016557688763406385
195284,0.00020671350024772725
195285,0.9600422106076413
195286,0.000375553803731031
195287,0.0005275840930166361
195288,0.0003052477578022459
195289,0.0009740947555499963
195290,0.00034445969057163696
195291,0.0002626060834186512
195292,0.0002550263667262212
195293,0.01398379208072515
195294,0.00214297275729259
195295,0.014117667810446375
195296,0.9952159615036078
195297,0.0006239708956836188
195298,0.05987940609864484
195299,0.015636985687445128
195300,0.0002536898292634684
195301,0.0003749889613243905
195302,0.001212515473119151
195303,0.018203574400731934
195304,0.0005617795361138544
195305,0.0022449560100430937
195306,0.0008082185674613398
195307,0.006630842088171064
195308,0.008717531696113421
195309,0.0011558116486770984
195310,0.0003371007467814704
195311,0.001096808586885817
195312,0.014081952065928206
195313,0.00028088724390607937
195314,0.0004759354812090315
195315,0.00034960384988126815
195316,0.02653205217164371
195317,0.007742123617755053
195318,0.09893976603989373
195319,0.0004250655815128425
195320,0.0020872676774941006
195321,0.0004754688798584281
195322,0.0003002434744724867
195323,0.0002479593845417344
195324,0.047381844017631604
195325,0.0006622389336072608
195326,0.0005490402283521373
195327,0.046625179785258195
195328,0.9879539301576097
195329,0.0009400256844580137
195330,0.9869194742026826
195331,0.0005164264492233681
195332,0.0013060400049191073
195333,0.0010883487366132154
195334,0.0005851062797640436
195335,0.0005526007472456328
195336,0.007647223392429707
195337,0.01752322162972291
195338,0.0006411745443932346
195339,0.00053536238726691
195340,0.0006690924735852919
195341,0.0001470863123223074
195342,0.0007824803725616149
195343,0.05107486207404715
195344,0.009530539653146002
195345,0.010245055360892596
195346,0.02304838425770775
195347,0.9823798395152947
195348,0.0013877005272240606
195349,0.0007553008264823542
195350,0.0003845402997402951
195351,0.9967375615858801
195352,0.0018432312297049828
195353,0.0014941100737191628
195354,0.0003259685481893864
195355,0.99028862328704
195356,0.00017347001039799998
195357,0.003149243386381103
195358,0.9132780923925107
195359,0.0014765282906849498
195360,0.000304465838415361
195361,0.00022202790666265082
195362,0.0007060802357560461
195363,0.8042214336948068
195364,0.0003468213931920669
195365,0.00025042064955372
195366,0.00016235628850203913
195367,0.00024396891539591579
195368,0.003950880080292105
195369,0.00029397530202912147
195370,0.0011386540718403856
195371,0.0004033030306847098
195372,0.0003678636140344214
195373,0.0002534974684059969
195374,0.00023027288056220332
195375,0.010365039411807548
195376,0.0010624465614698217
195377,0.0020953174169679872
195378,0.000755293263438446
195379,0.00037387977717018983
195380,0.0017424385782942363
195381,0.003129907038607837
195382,0.001164384719228973
195383,0.00179874965281258
195384,0.00018164972875976064
195385,0.9899930160908244
195386,0.0023807831135525446
195387,0.01905950915505562
195388,0.0008869900830644772
195389,0.0037508027610756753
195390,0.0005857898664095447
195391,0.0004355439372435284
195392,0.0007009457506883987
195393,0.023979486020421933
195394,0.9863603481607033
195395,0.00022145374508410158
195396,0.0013072810602190732
195397,0.0037930040135655194
195398,0.0006546170733766407
195399,0.00249553729767505
195400,0.010828168260175783
195401,0.0003986464445499492
195402,0.0002343124876869644
195403,0.00030680264715871454
195404,0.0010241190560602417
195405,0.0001678448157364426
195406,0.001489843735116421
195407,0.012439090215321144
195408,0.9909477041250222
195409,0.0015407277357117732
195410,0.008311662333831142
195411,0.0012188844696888398
195412,0.13332319911733176
195413,0.008818774081341917
195414,0.00041871176630423393
195415,0.0003635444857538915
195416,0.0011224676909361148
195417,0.001446460605402965
195418,0.00038155252509940906
195419,0.9852963210466688
195420,0.04797937940955712
195421,0.00028485315460819143
195422,0.005336586066889742
195423,0.0001933767235858105
195424,0.00027452370322210667
195425,0.0003674405189634153
195426,0.00022088256272144972
195427,0.9910901179464635
195428,0.0004261003831005862
195429,0.0003309197158982461
195430,0.0002877855233163327
195431,0.0002826037808740185
195432,0.00020635236307172677
195433,0.34054649935694364
195434,0.0012261085608525617
195435,0.00031178188055191065
195436,0.00012888385659032736
195437,0.0008681264238736439
195438,0.013095412324846293
195439,0.0005216195141196156
195440,0.0003574774968953809
195441,0.00021932144900244075
195442,0.0402557502851377
195443,0.00013710756805403174
195444,0.0006578001178053366
195445,0.0023223368183989614
195446,0.030647556993924033
195447,0.00026836647097257336
195448,0.005386706260133284
195449,0.0002442378451841611
195450,0.0006095039997765815
195451,0.00044846029938742384
195452,0.0337577033833377
195453,0.0034788358623773405
195454,0.0033212169057566343
195455,0.00951034021744279
195456,0.0004212533014867276
195457,0.00017795743989114257
195458,0.000752559339953093
195459,0.01238469817987625
195460,0.0021887216298629407
195461,0.9825783159078726
195462,0.0017709132594916257
195463,0.0040566936359227364
195464,0.00023900073858051902
195465,0.0005585763767716412
195466,0.0010944988983252633
195467,0.09044835735979281
195468,0.0009290828692783981
195469,0.9899702321397283
195470,0.01624932333143023
195471,0.0003884596044443638
195472,0.9832322988540987
195473,0.023266729407716184
195474,0.0002061552809972338
195475,0.0007804854231981993
195476,0.002734746565345792
195477,0.0005450762375614557
195478,0.0021896418104146104
195479,0.00043635272643905397
195480,0.0010386597794983484
195481,0.00019841994056569027
195482,0.022224506667348095
195483,0.0005122543857189201
195484,0.005266101235094884
195485,0.008759508681290901
195486,0.003278756490599314
195487,0.09340490468317882
195488,0.00021906431030447375
195489,0.0007285249163337953
195490,0.00016919624780407846
195491,0.008153382558440982
195492,0.00042586080864254677
195493,0.0005832320611907165
195494,0.0075397565077248655
195495,0.02135914435156645
195496,0.007829960626039684
195497,0.0001631900073678453
195498,0.002615941429347991
195499,0.00017881464042796065
195500,0.0009347414742931106
195501,0.0034145065066738495
195502,0.0028390776412599624
195503,0.0018884840618121172
195504,0.00014324635369410417
195505,0.0012456326129614292
195506,0.9891851590763393
195507,0.000955545275602574
195508,0.0012789016844278979
195509,0.00043774788404513554
195510,0.0007455140482245494
195511,0.0003240030141669455
195512,0.01891673530427707
195513,0.9936025601846626
195514,0.003949002107179176
195515,0.000426503299549557
195516,0.0007249192117635266
195517,0.9030929512298391
195518,0.0005163078452890167
195519,0.005270123428264979
195520,0.003824678705844594
195521,0.9548317407511998
195522,0.002084663330600184
195523,0.00903619062360729
195524,0.0007838296917111577
195525,0.0010134617877322867
195526,0.007498280213298792
195527,0.0036694096942670204
195528,0.01517974081858681
195529,0.01416715474565868
195530,0.014273528963332921
195531,0.0019816334035110766
195532,0.001974884301794881
195533,0.00029340648309206143
195534,0.0021723082860354557
195535,0.00025614648847947265
195536,0.0003861990876258884
195537,0.8048912488302781
195538,0.0002836482310801253
195539,0.001205317943251621
195540,0.02256977368732547
195541,0.94444172519868
195542,0.01972487460628705
195543,0.023145438615434947
195544,0.0002545058682928088
195545,0.0010712780961120074
195546,0.0052035982424032
195547,0.0008032781743502571
195548,0.003187940078846509
195549,0.00045800294353172296
195550,0.42042447036352026
195551,0.00032801818921678337
195552,0.9944610528826646
195553,0.00046900614074637625
195554,0.0029688310000573373
195555,0.0004755886663507971
195556,0.002987934523217899
195557,0.002163938403157827
195558,0.0006088525551153272
195559,0.0009415629737949281
195560,0.000642108585616197
195561,0.014292283528440254
195562,0.0008968482846034642
195563,0.00029062979524823265
195564,0.8505096759999103
195565,0.0008471757399017983
195566,0.0006986501815453121
195567,0.00028432165399583565
195568,0.0008774369794506267
195569,0.00024288793045361824
195570,0.0009233855635711019
195571,0.0076772146608550945
195572,0.2967661812483468
195573,0.0010170831324700954
195574,0.00044803838644120726
195575,0.0004266745531198385
195576,0.9943090484596175
195577,0.00048420495246172366
195578,0.0010091649043621254
195579,0.00043828595318017385
195580,0.000766043031847927
195581,0.018712603471691146
195582,0.00026772482963834424
195583,0.015166817481430934
195584,0.00022410878548463671
195585,0.0009294652479758496
195586,0.00034452332983183666
195587,0.0005597755954211442
195588,0.0003499935562722917
195589,0.00028373713006934554
195590,0.9910715257684964
195591,0.003270727125673941
195592,0.005495831301414111
195593,0.00131347291535856
195594,0.020553791147631603
195595,0.000202405978791631
195596,0.0003955484896500647
195597,0.0012120923733460374
195598,0.00048726071661509224
195599,0.0020021476145014186
195600,0.9258025798388355
195601,0.9781456003695814
195602,0.00021551981428889506
195603,0.0066592247812889095
195604,0.08900219554210576
195605,0.01246065482773798
195606,0.00041165893831852213
195607,0.01943383080044185
195608,0.9884361389364826
195609,0.0008311580940558793
195610,0.0016372194950694827
195611,0.0021909394777649967
195612,0.0004901257640489538
195613,0.0001163319585235645
195614,0.9889482401818704
195615,0.0003250013726896448
195616,0.9901504733232349
195617,0.0004624384791250023
195618,0.0005935225602474598
195619,0.0004399866380212017
195620,0.00039180452939250796
195621,0.9863931367436557
195622,0.9874664090174965
195623,0.009460236715689966
195624,0.4465558233397892
195625,0.0009878292654824062
195626,0.0006639040016558868
195627,0.018753338218623235
195628,0.0002443216687122281
195629,0.0003353854455810957
195630,0.0015963588599705917
195631,0.00026937957530838067
195632,0.01846710522126261
195633,0.008569701092657972
195634,0.012974735917597041
195635,0.0005127587253308846
195636,0.0011019319129181608
195637,0.001138774482184484
195638,0.000555687796870346
195639,0.008324316007623657
195640,0.0009965246432370135
195641,0.0001799809978197265
195642,0.0011698188761300324
195643,0.0014304538544881497
195644,0.0006493832435921277
195645,0.00018568513189273916
195646,0.0009130514386366799
195647,0.00029653207451744003
195648,0.0009390627768194607
195649,0.00014057254879142267
195650,0.0001407356005899911
195651,0.0007992200756860885
195652,0.0001658748054657575
195653,0.00037974109390669975
195654,0.0012097029310037634
195655,0.0004765267204666792
195656,0.00020917102596738335
195657,0.001020846898605282
195658,0.0010507350609092862
195659,0.006874894331114753
195660,0.00026971857415478747
195661,0.00033736951277936895
195662,0.0028973305229525134
195663,0.009626891912999513
195664,0.0007016204702325551
195665,0.00038610703195450155
195666,0.0011013322346232
195667,0.0008801133655981422
195668,0.00035018440750264276
195669,0.0010844391669746379
195670,0.0012234528857835334
195671,0.00026188647695236613
195672,0.0003898114996677271
195673,0.5399138942200176
195674,0.0010940021924967785
195675,0.00036776595856497413
195676,0.016192224388137156
195677,0.0009351790290407915
195678,0.0003493931159998263
195679,0.23575640741641038
195680,0.009158206209246709
195681,0.0002787670604613833
195682,0.008823987030763375
195683,0.0026583415144093426
195684,0.013527731221119632
195685,0.0005464743466917264
195686,0.0005028751539795883
195687,0.03131931426636318
195688,0.0001245776206021097
195689,0.9911530914481876
195690,0.010703264632117297
195691,0.0002518299863381987
195692,0.0004068269362431326
195693,0.004996835051906904
195694,0.00481996738287913
195695,0.01972600465935882
195696,0.00020582334122942652
195697,0.0007292454216362226
195698,0.0019575787048894916
195699,0.0007878608873034572
195700,0.0004426087653327487
195701,0.0006243162615507524
195702,0.0002812759386851597
195703,0.0023945591844429038
195704,0.00532963622402473
195705,0.14367272795779892
195706,0.000885271932705818
195707,0.0006808061535295158
195708,0.993029074295663
195709,0.00038755476852625774
195710,0.0013462798225453267
195711,0.004311389161638911
195712,0.008832539028732024
195713,0.0009667473145195879
195714,0.0008570449604758155
195715,0.0013416583037757243
195716,0.9781615739824856
195717,0.0003471182227638157
195718,0.0007328284010775212
195719,0.0004887272870764536
195720,0.00932061168082763
195721,0.023342150950291893
195722,0.416559433432469
195723,0.01282515163951387
195724,0.9821136870879903
195725,0.0003872960247206702
195726,0.0015065682465514752
195727,0.0007271876430102406
195728,0.9864437467461084
195729,0.0005705595634305172
195730,0.00038503412957256484
195731,0.0002675487788693057
195732,0.0005238990836818302
195733,0.0009329399777285057
195734,0.89873821476459
195735,0.0006885393374247828
195736,0.0006437313003077661
195737,0.0007346171817076064
195738,0.0007521398519114398
195739,0.002641734743459456
195740,0.9976958484171323
195741,0.00038782390929158135
195742,0.9897047293612137
195743,0.02266543932130953
195744,0.020287049751182326
195745,0.0008392848914717062
195746,0.0025755475822454173
195747,0.0036521341224169668
195748,0.03150401181418448
195749,0.0006898974473731189
195750,0.003924802105381332
195751,0.003840640126332423
195752,0.9890285201150648
195753,0.002280377320167819
195754,0.01723700548801521
195755,0.0004517485549084567
195756,0.0019717149768935585
195757,0.00034280998462951645
195758,0.0005705199856116384
195759,0.9565424314734762
195760,0.0006480029821456814
195761,0.002553620231507469
195762,0.9883687439298234
195763,0.0004992442181876028
195764,0.00925836447251185
195765,0.016387253764799003
195766,0.0008115152213001664
195767,0.0003938516941767812
195768,0.0013359677540209583
195769,0.0011276040068250945
195770,0.9940024528095822
195771,0.9951759944975257
195772,0.00028739299533390555
195773,0.0009445199845046968
195774,0.0013029237595783517
195775,0.00029343459208033574
195776,0.0008344827298198555
195777,0.0008183578497227643
195778,0.002167973572053119
195779,0.9936201424666912
195780,0.000258240506847689
195781,0.005444915710741822
195782,0.0001770153552935805
195783,0.001773874731158906
195784,0.002393240200105974
195785,0.0011466621254887519
195786,0.02389697684842543
195787,0.0010964614344167645
195788,0.0002890270714364257
195789,0.0003980916738479913
195790,0.00028365037337214
195791,0.0009807058380907952
195792,0.00035169002002509317
195793,0.0004092105841775417
195794,0.04916849907185075
195795,0.003562367993553157
195796,0.0007010318650636921
195797,0.0011599907245249926
195798,0.00021982261220850183
195799,0.00023763004878049246
195800,0.000849553240923488
195801,0.0007626495116094463
195802,0.00014952625574813958
195803,0.7189390761695368
195804,0.0046312572734874225
195805,0.9920502503582908
195806,0.00028553605039305613
195807,0.994310618820034
195808,0.0004149368155078685
195809,0.023071775718245716
195810,0.0024220437541678424
195811,0.0006378839324117488
195812,0.0005460027760083231
195813,0.001073557632752565
195814,0.0013715468817507635
195815,0.006055892640648151
195816,0.0022793269909211714
195817,0.0009041914398848696
195818,0.00017209847395795364
195819,0.056075808163755174
195820,0.0013606137144746941
195821,0.005045963077018846
195822,0.001255442142757963
195823,0.6441987566146711
195824,0.002698661714191301
195825,0.10688747318238927
195826,0.0003193484488181282
195827,0.00029810708004101563
195828,0.0006441286679541854
195829,0.0024921728679602522
195830,0.1875223699150232
195831,0.0027761611015847277
195832,0.0001567958899498151
195833,0.0007583677158938199
195834,0.0010463169147268347
195835,0.0009186570204359278
195836,0.00019079320450082968
195837,0.947681952426385
195838,0.0008107694523744004
195839,0.0022045258521641996
195840,0.00037282550701813215
195841,0.03716763328755279
195842,0.0015446463010325526
195843,0.0009590042971775921
195844,0.005482131739046434
195845,0.0016240747447424134
195846,0.0021819446838536698
195847,0.002419565244736229
195848,0.005352542866055783
195849,0.0003383780812408113
195850,0.9955244546244877
195851,0.0013387541168458953
195852,0.0032383968380829582
195853,0.000715329403703214
195854,0.0005212416456209776
195855,0.00027590724568568077
195856,0.00030229247282363643
195857,0.00026705799193904735
195858,0.008630953182885117
195859,0.0006892910680925624
195860,0.00026939876413038176
195861,0.04686734557548306
195862,0.0007807500330063128
195863,0.0004093233726795834
195864,0.0003109478106237954
195865,0.004546460495189519
195866,0.9844393081279864
195867,0.0007395029058010017
195868,0.0012308859090382307
195869,0.0018263037240247918
195870,0.0011235357332797338
195871,0.0011968502589782156
195872,0.00042701084305067806
195873,0.00031769098030615464
195874,0.0015489336079772473
195875,0.9924334030958768
195876,0.182787281903325
195877,0.015255478471940653
195878,0.0006848236863388357
195879,0.0007048747029381314
195880,0.18947859983267695
195881,0.17097461192978192
195882,0.5610712011656301
195883,0.0017074556061067547
195884,0.9911587135121663
195885,0.015875133728298785
195886,0.04292518600245574
195887,0.00026690734486174114
195888,0.0008825877379327702
195889,0.0013597291736377323
195890,0.004618877410570108
195891,0.001387137889231874
195892,0.00356030136885553
195893,0.00039396746319625246
195894,0.10603315966577574
195895,0.0025174124161864843
195896,0.0008539555901994852
195897,0.9934549001899534
195898,0.0005287802249349972
195899,0.016643318123275845
195900,0.003149898550785986
195901,0.0005357555003724341
195902,0.00024957394897178554
195903,0.0003453485439135865
195904,0.0068679554848985105
195905,0.0015810783538201827
195906,0.0006701499374541093
195907,0.00042560042674827706
195908,0.000581601029724603
195909,0.0016836216852223985
195910,0.00038826899162678263
195911,0.9863316120468696
195912,0.0036611046861862967
195913,0.00042059827782305124
195914,0.0011882086327077621
195915,0.00019237818022741583
195916,0.0005842930581088626
195917,0.0004749030329299298
195918,0.006221687608023572
195919,0.0003153438778236114
195920,0.016844995972422054
195921,0.004925288407433395
195922,0.00033936609885674605
195923,0.00024600972594956066
195924,0.0005204773826251094
195925,0.9878797103972252
195926,0.007281871810364841
195927,0.9959866374232353
195928,0.0012707743011777218
195929,0.0003798558320694012
195930,0.0001408807358043196
195931,0.0038960842989310012
195932,0.0005557533146945486
195933,0.006437442766292748
195934,0.0010266408526054356
195935,0.0007461250908113822
195936,0.0007651781683145034
195937,0.00034888541961109696
195938,0.0003485269391947394
195939,0.03861642783282341
195940,0.9572171276189996
